	z-score FOXG1	z-score NeuroD1	z-score shared	FOXG1 % with motif	NeuroD1 % with motif	shared % with motif
GM.5.0.C2H2_ZF.0281	0.3108300669196036	-0.050826071453729964	-0.34557578338564404	0	0	0
GM.5.0.C2H2_ZF.0286	1.9951460398052108	1.2170621642731037	0.2513853945712191	0	0	0
GM.5.0.Forkhead.0040	0.8371098750757481	2.2832156370297603	2.6199409273322654	0	0	0
GM.5.0.C2H2_ZF.0076	1.5161290273932142	0.4752059991406041	1.6259646869817976	0	0	0
GM.5.0.C2H2_ZF.0161	-1.458147073792921	-0.41030279051314555	-0.8759956964309094	0	0	0
GM.5.0.C2H2_ZF.0280	-1.064862785081958	-0.3249048466357839	0.46820297264223615	0	0	0
GM.5.0.C2HC_ZF.0001	1.7805691371084886	0.3944284458589581	-0.02821481357678092	0	0	0
GM.5.0.C2H2_ZF.0047	-1.3404042116836257	0.11479306232989413	-0.7442881557111326	0	0	0
GM.5.0.C2H2_ZF.0129	-0.26449030284310954	0.7818604481226774	0.24981120110626834	0	0	0
GM.5.0.bHLH.0075	-0.23984764431820219	0.7057298416637616	2.2334934264389634	0	0	0
GM.5.0.Unknown.0049	-0.630760494867895	-0.1455291834413611	-0.23598451258277428	0	0	0
GM.5.0.Mixed.0078	-3.064705148377862	-2.823986051370192	-2.8330066286380147	0	0	0
GM.5.0.Unknown.0033	-1.7407882671980617	-1.481145429380467	-2.2209706743699953	0	0	0
GM.5.0.C2H2_ZF.0101	0.19878144815516038	0.3270892220158527	0.11315391602789333	0	0	0
GM.5.0.Homeodomain.0047	0.7897443951191885	0.7929013015529146	0.6755450081891354	0	0	0
GM.5.0.Nuclear_receptor.0083	0.46762883441688907	-0.1214952316294896	0.1955636619829323	0	0	0
GM.5.0.T-box.0012	0.6494704198238536	1.0812642511552972	0.3648839244540996	0	0	0
GM.5.0.Unknown.0193	2.8270750853235116	2.9049230739469185	2.235881334616184	0	0	0
GM.5.0.EIN3.0002	0.9791343465274076	1.5228300921269704	0.8698781215422299	0	0	0
GM.5.0.Nuclear_receptor.0016	-1.2454025844553005	-1.564568354388559	-1.843697350198971	0	0	0
GM.5.0.C2H2_ZF.0146	-3.0111382245733167	-3.798035816324622	-2.8237901734749435	0	0	0
GM.5.0.Rel.0024	-0.8045520208119291	-0.6461779007334699	-0.30637540564320165	0	0	0
GM.5.0.Forkhead.0026	-1.1715793380088915	-0.9624435664451928	-1.3101154103502712	0	0	0
GM.5.0.C2H2_ZF.0240	-0.588740740464923	0.374043278583137	-0.2546675177364637	0	0	0
GM.5.0.C2H2_ZF.0118	-0.24993328376415114	-1.2372521662979465	-0.3926398422367694	0	0	0
GM.5.0.Nuclear_receptor.0087	1.459573708395362	0.9304159004779046	0.6842137040978555	0	0	0
GM.5.0.Unknown.0055	-2.281751466670185	-0.8430691064108559	-0.40284858847872257	0	0	0
GM.5.0.Nuclear_receptor.0145	0.1465767008447105	1.4271424223513969	1.444245608407923	0	0	0
GM.5.0.GATA.0018	0.020015142944995103	0.49350810981699794	-0.7800463093903542	0	0	0
GM.5.0.Nuclear_receptor.0125	-1.6260877838939776	-2.600721289539348	-1.9261059528208677	0	0	0
GM.5.0.C2H2_ZF.0254	-1.4231001157446614	-0.18814044403867317	-1.805034515523324	0	0	0
GM.5.0.Nuclear_receptor.0065	-1.9066776427428576	-2.0177975629038833	-2.856678541148115	0	0	0
GM.5.0.C2H2_ZF.0012	1.9607372927238484	1.9441733343016154	2.3111816004848214	0	0	0
GM.5.0.p53.0009	-1.7216998641627281	-0.9150538402489968	-0.8171699379814016	0	0	0
GM.5.0.RFX.0007	-0.42316438418909014	-0.13172198771119212	-0.4277924612373285	0	0	0
GM.5.0.bZIP.0094	-0.7644398572491623	-0.6141740137067763	-0.6777458785493511	0	0	0
GM.5.0.Unknown.0180	-0.7601234938462423	-0.5051458112459208	-0.11818343904373997	0	0	0
GM.5.0.Nuclear_receptor.0112	-0.07914249005715353	-0.5420384906567467	-1.0017274008441206	0	0	0
GM.5.0.Unknown.0040	1.2388925098541994	0.6353517373886615	0.17952946949267862	0	0	0
GM.5.0.C2H2_ZF.0038	1.8913512293938324	1.0898473487155518	1.2169172352761188	0	0	0
GM.5.0.Homeodomain.0118	1.53265291458029	1.3928492736104492	-0.23416727306003657	0	0	0
GM.5.0.Unknown.0062	-0.7439164381175077	-1.7268054262511474	-1.4284018127751532	0	0	0
GM.5.0.bHLH.0086	-0.7764184004368888	-0.8860754054081131	-1.8747188048785381	0	0	0
GM.5.0.Unknown.0206	0.8889980184619726	0.742049836778236	1.46601866228823	0	0	0
GM.5.0.RFX.0014	0.5832343105282132	1.2262932082107794	-0.301022054646559	0	0	0
GM.5.0.C2H2_ZF.0310	0.29625355002328424	1.0751730962739854	0.2757394678456418	0	0	0
GM.5.0.C2H2_ZF.0257	0.3222464124167617	0.5695795536869881	1.1709022155476922	0	0	0
GM.5.0.Myb_SANT.0016	1.2460851926263687	2.443679264214262	1.967775943220584	0	0	0
GM.5.0.C2H2_ZF.0106	-0.9820668649723527	-0.8197451424166274	-1.938688965231318	0	0	0
GM.5.0.CSD.0001	-0.6536319801179954	0.05452095084128637	-0.07447726627934564	0	0	0
GM.5.0.Nuclear_receptor.0038	0.03154261983912646	-0.5703340627921928	-0.4127843703298573	0	0	0
GM.5.0.SMAD.0007	1.589872500376457	1.2078121839184033	1.119027966939544	0	0	0
GM.5.0.Grainyhead.0010	0.11712922404042206	0.11712922404042206	-2.1424714741176833	0	0	0
GM.5.0.C2H2_ZF.0132	-1.1359387344643634	-0.9885463760064932	-1.4590614442401535	0	0	0
GM.5.0.Homeodomain.0195	-1.2636049549808503	-0.7704065305906628	-0.7406900780609342	0	0	0
GM.5.0.Paired_box.0020	-0.8240075514785994	-1.8909337553850243	-2.6322726394392983	0	0	0
GM.5.0.SMAD.0005	0.08876893103702933	1.2132239966142941	1.8718412816735237	0	0	0
GM.5.0.C2H2_ZF.0092	2.6198742962859964	2.9423175833706146	1.8130709653865935	0	0	0
GM.5.0.Grainyhead.0008	-0.022524455743431093	0.9595517879223097	1.0390825958071466	0	0	0
GM.5.0.Forkhead.0057	1.2897273897919939	0.34705830493937845	-0.2645240005859004	0	0	0
GM.5.0.Zinc_cluster.0001	0.03445888617599511	0.7849102066571965	0.7533562213950405	0	0	0
GM.5.0.C2H2_ZF.0224	-0.3698634180019498	-0.9726181275708574	-0.5836978147894855	0	0	0
GM.5.0.C2H2_ZF.0293	0.6347366348250785	-0.2410817385702739	-0.4448593955323708	0	0	0
GM.5.0.bZIP.0032	0.4699233377733354	-0.08407486321266718	0.8774078669122087	0	0	0
GM.5.0.Paired_box.0018	1.9205753462186075	1.0418825691190683	1.1740838897447063	0	0	0
GM.5.0.Nuclear_receptor.0100	1.264966988692724	0.13576951441535	-0.31470792592823593	0	0	0
GM.5.0.MADS_box.0008	-0.3447008227268824	0.04559884601191126	-0.02901028193433397	0	0	0
GM.5.0.HSF.0006	0.8595655320577128	0.926789240760389	1.4847785231532884	0	0	0
GM.5.0.C2H2_ZF.0284	1.1252910150390396	2.552036443461247	1.4695450717778065	0	0	0
GM.5.0.SMAD.0015	-0.9491028038760834	0.0738156286526427	0.3581096720680976	0	0	0
GM.5.0.HSF.0009	1.691823220179658	1.1665157459168827	1.1075982852914228	0	0	0
GM.5.0.Homeodomain.0142	2.221678186395979	-0.39353595587945617	-3.4510612359667037	0	0	0
GM.5.0.C2H2_ZF.0301	-1.3392771365271545	-1.943603321442981	-1.9462120609574751	0	0	0
GM.5.0.bHLH.0038	2.088748099799116	2.4313889543347553	1.9448604829031089	0	0	0
GM.5.0.bZIP.0086	1.1408122266172178	0.8267775237632232	0.4252716096866268	0	0	0
GM.5.0.Homeodomain.0046	-0.2987984008302218	-0.475676632203864	-1.1852817709716852	0	0	0
GM.5.0.Mixed.0091	1.070836869507189	1.6671263330276158	2.1955040707600606	0	0	0
GM.5.0.Unknown.0133	-0.13898962819027638	0.7980632330061167	0.3814982947705041	0	0	0
GM.5.0.C2H2_ZF.0227	-1.6930004346346108	-0.824377066673764	0.43202485255252826	0	0	0
GM.5.0.C2H2_ZF.0115	-2.153256740652035	-2.017906479747289	-1.7435870148166708	0	0	0
GM.5.0.C2H2_ZF.0114	-0.2518634036844447	-0.519529143371951	-1.394049862931213	0	0	0
GM.5.0.Nuclear_receptor.0102	-0.014349481941694888	0.2470804920753963	-1.542329149050006	0	0	0
GM.5.0.Mixed.0108	-0.7928417648761215	-0.43912761896027397	-0.2460058354713357	0	0	0
GM.5.0.Prospero.0001	2.146224413476793	1.2328892828476092	2.8405650796934965	0	0	0
GM.5.0.Nuclear_receptor.0046	2.0539904690818522	1.5101368618979194	1.5051525406193809	0	0	0
GM.5.0.Sox.0036	0.028615956690073354	-0.9766055072646689	-0.31987916994215587	0	0	0
GM.5.0.Grainyhead.0007	0.26880743405169766	1.0331834499804595	0.7534030252438032	0	0	0
GM.5.0.Unknown.0202	1.27995966695858	0.9631179932639881	0.8864306203339154	0	0	0
GM.5.0.GCM.0004	-0.0606634520777768	0.9653695500552317	0.045996182688483885	0	0	0
GM.5.0.Mixed.0103	-1.2377033457219158	-0.5255248330646626	0.5568384179643845	0	0	0
GM.5.0.C2H2_ZF.0157	-0.7734760979273065	-1.8320576293592048	-1.152914320105768	0	0	0
GM.5.0.C2H2_ZF.0158	-0.4495972759050975	-0.8172895477952896	-1.3435099002181938	0	0	0
GM.5.0.Nuclear_receptor.0068	0.9679449433793483	0.9303318650273581	-1.0508756969167015	0	0	0
GM.5.0.C2H2_ZF.0238	0.22141933864243693	0.3173579658604045	0.9162454209960008	0	0	0
GM.5.0.C2H2_ZF.0219	-2.481447908934706	-2.759124849979942	-2.79617824155996	0	0	0
GM.5.0.C2H2_ZF.0107	-1.6037674355435585	-2.230177361200975	-2.1365695064739905	0	0	0
GM.5.0.T-box.0004	1.2733553926846055	2.8902691947991292	2.6559212370336236	0	0	0
GM.5.0.Nuclear_receptor.0127	0.2972689731604697	-0.13136279685534785	-0.4103612381732633	0	0	0
GM.5.0.Unknown.0134	2.693176606820394	3.3767887180899074	3.224703264179478	0	0	0
GM.5.0.AP-2.0002	1.57737813671131	0.884033033536871	1.3507412618355037	0	0	0
GM.5.0.Paired_box.0015	0.029602455526203907	-0.49807234430573577	0.029071697557012045	0	0	0
GM.5.0.bHLH.0105	0.7681155744758444	-0.6834072304640262	-0.6851158822326778	0	0	0
GM.5.0.Runt.0006	-2.016056478656279	-2.4129614763188902	-2.2639621178041653	0	0	0
GM.5.0.C2H2_ZF.0189	0.641689342503201	1.503419617434482	1.2687904442708284	0	0	0
GM.5.0.Paired_box.0004	0.6417131802199377	0.6867792155646746	0.5478700279665978	0	0	0
GM.5.0.Homeodomain.0185	-0.2902527493518169	-1.3170996441280176	-0.9942789154751281	0	0	0
GM.5.0.Unknown.0185	2.377470273349469	2.0412503118319494	2.6888905416603537	0	0	0
GM.5.0.Nuclear_receptor.0147	-0.8133749302523797	-0.8404068623694755	-0.7463545535172472	0	0	0
GM.5.0.GATA.0021	0.7408757756551977	0.019961051595197194	1.2348060008164838	0	0	0
GM.5.0.bZIP.0047	-0.2953165277156738	1.2552341141071806	1.6125662438933202	0	0	0
GM.5.0.Mixed.0105	0.8616651324239128	0.9786726303573089	0.9004572533482293	0	0	0
GM.5.0.Homeodomain.0146	2.7253931615392473	2.501208559527063	0.9043237415084773	0	0	0
GM.5.0.Mixed.0042	-0.40249514479369664	0.26975317870240156	-0.5381478572010812	0	0	0
GM.5.0.Nuclear_receptor.0116	2.217363117804598	1.891442357534793	2.808430985352372	0	0	0
GM.5.0.Unknown.0070	-0.25089545900307875	-0.5860145033511546	-0.3356829053023101	0	0	0
GM.5.0.C2H2_ZF.0084	-1.7176874095572785	-0.6346127463685086	-0.9174479828978481	0	0	0
GM.5.0.C2H2_ZF.0150	0.3653614013220298	0.8011376680794875	1.2958944080486536	0	0	0
GM.5.0.C2H2_ZF.0235	-0.37753315637980633	-0.39076522131171754	-0.7020687355213787	0	0	0
GM.5.0.GATA.0020	0.5827597940827304	1.8679838568978606	1.9100843668383816	0	0	0
GM.5.0.STAT.0014	0.3055237175022756	0.12680254838867852	1.1564791395662417	0	0	0
GM.5.0.Unknown.0093	-1.9384347673058553	-0.6419434528539296	-0.5168527445499815	0	0	0
GM.5.0.GATA.0015	-0.04792076678617298	1.2095450256999112	1.2382830008590622	0	0	0
GM.5.0.C2H2_ZF.0200	0.19778581795082306	-0.21344610674192221	-0.15374509027593536	0	0	0
GM.5.0.Unknown.0020	3.1170179306387222	1.7044436393642466	1.6787278537238097	0	0	0
GM.5.0.C2H2_ZF.0195	-0.33545818537805244	-0.4243836191793792	0.5643457863536983	0	0	0
GM.5.0.bHLH.0055	-1.6002707494247919	-1.3540474161744267	-1.3877370324852376	0	0	0
GM.5.0.GATA.0023	1.108913504693849	2.2590200607756876	2.101760452291075	0	0	0
GM.5.0.Homeodomain.0125	-0.712144941524952	-0.2861698751285244	-1.1128813765529184	0	0	0
GM.5.0.bHLH.0100	-1.887207132321454	-0.635390644800573	-0.9377064670579118	0	0	0
GM.5.0.Sox.0016	1.093569630479799	0.7854881931231438	1.090446088802327	0	0	0
GM.5.0.Unknown.0065	-0.12012406012272227	1.0580797641026245	-0.6238624874283206	0	0	0
GM.5.0.Homeodomain.0085	0.24102640161044703	-0.3159677295335244	-0.5023678531869611	0	0	0
GM.5.0.Unknown.0036	-0.18074129614852408	0.18543701411644928	-0.34657240718414434	0	0	0
GM.5.0.Mixed.0073	1.2237831587649048	0.6838637489493484	0.5167961048904277	0	0	0
GM.5.0.C2H2_ZF.0112	0.05739860925909668	0.2719559837103259	0.06186703625149899	0	0	0
GM.5.0.SAND.0007	1.5864741633651653	1.6936141791393458	1.027879173825594	0	0	0
GM.5.0.C2H2_ZF.0168	-0.23106391772238383	-0.08605773581487776	-0.899289877731601	0	0	0
GM.5.0.Rel.0016	0.2880650442976907	-0.574657079351293	-0.4161857282588755	0	0	0
GM.5.0.Mixed.0017	0.10964237792824129	-0.2624586380232868	0.5354158256540692	0	0	0
GM.5.0.Forkhead.0024	1.2719006615786408	0.6451060484683602	1.3845439404089888	0	0	0
GM.5.0.IRF.0012	1.097056083151869	-0.09221689706176692	1.2788420068960251	0	0	0
GM.5.0.Mixed.0075	0.23930650990020766	-0.15656600720321406	1.4367750228755671	0	0	0
GM.5.0.C2H2_ZF_Homeodomain.0002	1.044737865303158	1.049326898832408	-1.3821802891744788	0	0	0
GM.5.0.Unknown.0122	-1.0390913776489485	0.5090954272771779	-0.02276066594630545	0	0	0
GM.5.0.Forkhead.0015	-1.5748711321691937	-2.4221366612948363	-1.720583765721876	0	0	0
GM.5.0.THAP_finger.0004	0.40445790154956784	1.1187461799898384	1.8021131500037564	0	0	0
GM.5.0.Sox.0027	1.3961524592427785	1.2334926713205294	1.4594306303516478	0	0	0
GM.5.0.C2H2_ZF.0272	-0.44669472980109315	-0.3917838063008001	-0.06868806205575738	0	0	0
GM.5.0.MADS_box.0004	-1.470803755481882	-0.4646645386316814	0.8432958297408569	0	0	0
GM.5.0.Forkhead.0042	1.5437072049306997	0.9232866547442091	1.292036714806897	0	0	0
GM.5.0.GCM.0003	-0.6656825826461559	-1.4495300317679538	-2.0550729243322836	0	0	0
GM.5.0.MADS_box.0018	-0.4211237025834653	0.0274722103747142	0.5519725215279929	0	0	0
GM.5.0.T-box.0021	0.010850422531718055	0.00480266447716693	-0.45583283017718834	0	0	0
GM.5.0.C2H2_ZF.0252	0.650137358873605	0.3753322982668545	0.8992870754317489	0	0	0
GM.5.0.Nuclear_receptor.0063	1.8962828640682585	1.0762313606471663	1.7095550413612701	0	0	0
GM.5.0.TEA.0003	-0.17367330568569575	-0.3711960601840862	-0.3075826193763437	0	0	0
GM.5.0.Mixed.0100	0.45203174852829775	0.54497120002548	0.4614827340475101	0	0	0
GM.5.0.GATA.0006	0.06096438105379702	0.7926815826796908	0.8588829996672457	0	0	0
GM.5.0.MADS_box.0015	0.7232216487325013	1.882228187049085	1.3111471624694007	0	0	0
GM.5.0.DM.0008	-0.7350524973766943	-1.02189520829858	-0.379909978822242	0	0	0
GM.5.0.Unknown.0079	-0.6769453829512027	-1.2885239839072145	-2.710807790065787	0	0	0
GM.5.0.HSF.0004	-0.7152758744761808	-0.5917471062222783	-0.6129484308852305	0	0	0
GM.5.0.C2H2_ZF.0162	-3.2314735903173726	-2.7033060730783305	-1.1198985782068145	0	0	0
GM.5.0.T-box.0022	0.34910572068100043	-0.1269820146801146	0.31571557643248044	0	0	0
GM.5.0.Mixed.0106	0.35092982912659	0.9794584344721842	0.1407710542936301	0	0	0
GM.5.0.Mixed.0056	-0.5440145473068135	0.3681401586318436	0.3358833723026458	0	0	0
GM.5.0.bZIP.0092	-1.1401880049481994	-1.2895143633255841	-1.2828364363528886	0	0	0
GM.5.0.Homeodomain.0010	-0.648441450047655	0.5700373373419306	-0.4523216742770306	0	0	0
GM.5.0.Mixed.0048	1.404713912752462	1.3360336663129184	0.8668874825118955	0	0	0
GM.5.0.C2H2_ZF.0039	0.12645135299200533	-0.07642627291411895	0.19414868064131835	0	0	0
GM.5.0.C2H2_ZF.0208	-0.5319606107419644	-0.33217230110168083	-0.5977916655427676	0	0	0
GM.5.0.C2H2_ZF.0232	-0.2460237955987521	-0.8804014864113251	-0.3959000173176964	0	0	0
GM.5.0.Unknown.0186	-0.1122631731993948	0.7115656483411853	-0.3144258064911023	0	0	0
GM.5.0.Nuclear_receptor.0086	-0.9425848356999019	-0.3518525361676749	-0.26117087161256514	0	0	0
GM.5.0.C2H2_ZF.0147	0.2087917222828099	-0.7267794045006679	-0.4545841881386507	0	0	0
GM.5.0.Rel.0020	-1.8511293392706223	-1.6263197812802308	-2.012016472146969	0	0	0
GM.5.0.Unknown.0148	2.377981850339701	1.173048768194524	1.5836746380637539	0	0	0
GM.5.0.bZIP.0079	1.1272052665143888	-0.03298931130462495	0.449630048877337	0	0	0
GM.5.0.bHLH.0113	-1.5104204428458545	-1.8389183396336821	-1.8454732514187902	0	0	0
GM.5.0.Nuclear_receptor.0128	-1.4929079253990294	-0.5939530499191763	-1.2405620766752268	0	0	0
GM.5.0.STAT.0015	1.6971842817465692	0.5273550162742311	1.8508781866792907	0	0	0
GM.5.0.MBD.0003	0.47571927493312904	-2.024469660575193	-0.8517307898580744	0	0	0
GM.5.0.p53.0005	1.045724376929033	0.7315817261101915	0.9948444322785557	0	0	0
GM.5.0.Unknown.0172	1.740994871033012	0.9822471144824184	0.8435106133361965	0	0	0
GM.5.0.C2H2_ZF.0070	-1.2860118458615268	-2.0232668290360962	-1.5803948314927059	0	0	0
GM.5.0.Unknown.0034	-0.09120434267260823	-0.8898577934508654	-0.9573858087889578	0	0	0
GM.5.0.Paired_box.0002	1.7716313538709174	0.8568394847408584	2.135460662272178	0	0	0
GM.5.0.C2H2_ZF.0314	-0.5831785938103752	-1.1738468863286549	-0.13555578836123172	0	0	0
GM.5.0.IRF.0008	-0.14405786441689117	-0.6763109032726674	-0.7136028614395414	0	0	0
GM.5.0.Homeodomain.0184	-0.024489320629477365	1.6087452466912426	0.13225613194739777	0	0	0
GM.5.0.Homeodomain.0113	-0.9294922223740264	-0.20192575209072242	-0.11642994710335401	0	0	0
GM.5.0.Unknown.0056	-0.5516046828023554	0.7890963070054107	0.7529145970605173	0	0	0
GM.5.0.C2H2_ZF.0174	-2.618092855458579	-2.9994869997669658	-2.578843447873408	0	0	0
GM.5.0.Unknown.0119	0.661960015072008	0.8159656237936017	0.42783286961471956	0	0	0
GM.5.0.bZIP.0082	-0.7547709215613224	-1.6034541232855195	-1.0596495176083276	0	0	0
GM.5.0.bHLH.0126	0.3079573607301859	0.1903349360124469	0.5665113542859882	0	0	0
GM.5.0.Homeodomain.0138	-2.2064658727092334	-1.4333851661668535	-3.2046007010572612	0	0	0
GM.5.0.Unknown.0074	-1.0829862798765402	-0.8714322685522085	-0.10086283321618623	0	0	0
GM.5.0.Myb_SANT.0006	0.7194084616247863	0.8044447147094547	0.25702811763300903	0	0	0
GM.5.0.C2H2_ZF.0165	-1.436341586819125	-0.7362361919220851	-0.983382802003035	0	0	0
GM.5.0.Unknown.0139	-1.8623756536561225	-2.757594642207573	-1.895320675407144	0	0	0
GM.5.0.Mixed.0063	-1.650725823359902	-1.7320402345028754	-1.2776580183967594	0	0	0
GM.5.0.Forkhead.0037	0.1805314683294018	0.00845042056804157	0.5063391062774466	0	0	0
GM.5.0.Unknown.0085	-0.6061633880624967	0.6500318711860587	0.08574604978067497	0	0	0
GM.5.0.Forkhead.0031	0.9105826828100523	0.4379481578533647	1.383099484280782	0	0	0
GM.5.0.STAT.0019	1.8137752893171633	0.777389255213835	1.8503503962216374	0	0	0
GM.5.0.T-box.0002	-1.170928316796035	-0.3013167024628134	-0.29616980516901015	0	0	0
GM.5.0.bHLH.0108	-1.5039615607322916	-0.3523601215782603	0.30621086179393275	0	0	0
GM.5.0.Unknown.0005	1.953669408014408	1.3549665470143997	1.9680374235134055	0	0	0
GM.5.0.C2H2_ZF.0124	0.2234297650082234	-0.02455195225892753	0.1780305451563349	0	0	0
GM.5.0.Nuclear_receptor.0090	1.2875356899294992	1.2023542081297172	-0.8503212614345127	0	0	0
GM.5.0.bHLH.0111	1.0681902541683592	0.34084692440432035	0.904226608408769	0	0	0
GM.5.0.Nuclear_receptor.0069	-1.8693797657874198	-1.6871648638475893	-1.8735082738342737	0	0	0
GM.5.0.Mixed.0074	2.2461375187584296	0.7956872520651503	2.1755885394501884	0	0	0
GM.5.0.Nuclear_receptor.0144	1.8258042402936323	2.5015072073665996	3.113128404693567	0	0	0
GM.5.0.C2H2_ZF.0210	0.40345477513744105	0.6113106530773399	-1.572436660720026	0	0	0
GM.5.0.Unknown.0075	-0.09503048332629754	-0.24424535503791814	0.5393001412732454	0	0	0
GM.5.0.Sox.0030	-1.8302707654842334	-1.940340382044372	-1.4119358095533305	0	0	0
GM.5.0.bZIP.0084	-1.412552134996967	-1.3280223346932674	-1.0415987330536187	0	0	0
GM.5.0.Homeodomain_POU.0021	-0.004517313800796889	-0.049776699410571765	-0.09585294203581501	0	0	0
GM.5.0.Ets.0019	-1.1016892825850364	-2.139051600380007	-0.9236918159804556	0	0	0
GM.5.0.C2H2_ZF.0170	-0.7206338596812317	-1.0994646308936697	-0.870725752568877	0	0	0
GM.5.0.Unknown.0050	-0.18466467047834367	1.0180863962760551	1.5601583965951589	0	0	0
GM.5.0.bZIP.0034	-0.0708209717145977	-0.4446697233509692	-0.1828260244102769	0	0	0
GM.5.0.Mixed.0031	2.403819964339229	1.0876734712014064	2.5924348298075044	0	0	0
GM.5.0.Myb_SANT.0007	2.44560949701996	1.571325585942926	2.100578976301513	0	0	0
GM.5.0.Mixed.0087	-1.3515003890155752	-0.3183801754406451	-0.23772668842842637	0	0	0
GM.5.0.Homeodomain.0052	-0.7920479618445001	0.6477997901748552	0.609388210448268	0	0	0
GM.5.0.C2H2_ZF.0136	-1.6103560174784062	-1.5257455573571863	-0.9920613977053698	0	0	0
GM.5.0.Sox.0005	-0.8264757807393264	-1.277346684132098	-1.3035276816258168	0	0	0
GM.5.0.Mixed.0061	3.1614559394448265	1.7097368022011556	3.3744291518429885	0	0	0
GM.5.0.ARID_BRIGHT.0003	0.04861588922189776	-0.18320028363430155	-0.8234226546966571	0	0	0
GM.5.0.Unknown.0089	-0.33616080391478714	-0.33616080391478714	-2.663583702818812	0	0	0
GM.5.0.E2F.0012	0.43323382415772116	0.07738177431384152	0.8324372242743413	0	0	0
GM.5.0.C2H2_ZF.0172	-0.6366034820807327	-1.3139774216870306	-1.4811761953532068	0	0	0
GM.5.0.Unknown.0183	-0.9175179325445056	0.3410416715278504	0.4687377817492888	0	0	0
GM.5.0.Homeodomain.0133	1.2093974424675809	0.12080371922036276	0.11458443597247328	0	0	0
GM.5.0.Homeodomain.0160	1.4336679946059772	0.47269519845511776	0.6520198357573429	0	0	0
GM.5.0.bHLH.0083	-1.3063478283908794	-0.45041077461565443	-1.6597329431333585	0	0	0
GM.5.0.HSF.0003	0.2022382264438545	-0.475669285252457	-0.121735211889844	0	0	0
GM.5.0.Nuclear_receptor.0079	-2.474905031416689	-2.9828945856753424	-1.7106237843299321	0	0	0
GM.5.0.C2H2_ZF.0108	-0.39164659231850607	0.1498810059408919	-0.7454350784969973	0	0	0
GM.5.0.C2H2_ZF.0078	-0.23547333495607176	-0.7926615692563015	-0.3711076754647927	0	0	0
GM.5.0.C2H2_ZF.0088	0.972359049198087	1.0568397142148194	1.3052546927071853	0	0	0
GM.5.0.Nuclear_receptor.0109	0.9588652619638538	1.4385497783227423	1.6218320039795613	0	0	0
GM.5.0.bZIP.0038	-0.4599569737946158	-1.103303866269166	-1.5805453054946361	0	0	0
GM.5.0.E2F.0005	0.14954019171134816	0.10000724771340325	0.8076734348544103	0	0	0
GM.5.0.Homeodomain.0056	-0.9615621445876795	-0.41429826888786353	1.0250146784147744	0	0	0
GM.5.0.Homeodomain.0198	1.0550610668780922	0.7991082393556177	1.0129435915021678	0	0	0
GM.5.0.Paired_box.0022	-0.037053840490818016	-0.6232158230667525	-1.7797271895144873	0	0	0
GM.5.0.Forkhead.0048	-1.1643759067032013	-0.3054074642480918	-0.1274078777363242	0	0	0
GM.5.0.STAT.0004	0.04343180043051768	-1.0037631511030363	0.34621609439863255	0	0	0
GM.5.0.bHLH.0136	-0.9919935772009906	0.31691647655755606	-0.8026795023698712	0	0	0
GM.5.0.Homeodomain_POU.0023	2.274204935696363	1.855379601093798	1.792711336355207	0	0	0
GM.5.0.Homeodomain.0188	-0.5745156996010718	0.7414426983796288	0.17672769291124377	0	0	0
GM.5.0.Ets.0031	1.0080887879585476	1.48916772005021	1.139767033352109	0	0	0
GM.5.0.GATA.0024	0.8022130570256821	0.7876241012590331	-0.28852810976376214	0	0	0
GM.5.0.bZIP.0065	0.7200707439893026	-0.37908968195566894	0.31435934943961164	0	0	0
GM.5.0.Mixed.0050	-0.9337440166141724	-1.6029543873823264	-0.35239941749800685	0	0	0
GM.5.0.bHLH.0119	-0.9323780630802759	0.456060365801057	0.37685159356195563	0	0	0
GM.5.0.bHLH.0062	-1.2261415517139835	-0.7540639908609473	1.182909913353645	0	0	0
GM.5.0.Unknown.0109	1.0036938817649574	-0.2192560831791138	1.0935066850988409	0	0	0
GM.5.0.bZIP.0076	1.3776083357483186	0.7869883869218338	1.0794682726785947	0	0	0
GM.5.0.bHLH.0028	-1.5217819478054158	2.7094461087304254	1.2644610716164055	0	0	0
GM.5.0.Homeodomain.0033	-1.2471613525164278	-2.4819800975671047	-1.4856358133458005	0	0	0
GM.5.0.Unknown.0140	-0.017647996692788544	-0.9817479070994173	-0.1510188431850895	0	0	0
GM.5.0.C2H2_ZF.0243	-0.42063347101163157	0.20320276348773644	-0.5331417691032292	0	0	0
GM.5.0.Nuclear_receptor.0094	-0.36400481415774505	0.28390776533935447	0.8953061738777072	0	0	0
GM.5.0.Forkhead.0044	0.6638961685425471	-0.7679183144193915	0.325701122385664	0	0	0
GM.5.0.GATA.0004	0.13909839700621623	0.08131659884835843	-2.2363815292227773	0	0	0
GM.5.0.C2H2_ZF.0105	1.3950127765057865	0.2900979840887871	0.8493482187066742	0	0	0
GM.5.0.Unknown.0057	0.903702319558334	1.5219237557193286	2.110946053679833	0	0	0
GM.5.0.Unknown.0009	0.10543899889890904	-0.37061040008514384	0.45496423117163093	0	0	0
GM.5.0.bZIP.0020	-1.870720570714133	-2.5096089781999384	-1.8330849031968923	0	0	0
GM.5.0.Unknown.0198	-0.16586981309348345	1.0770073810931144	0.8761951957785744	0	0	0
GM.5.0.Unknown.0073	-0.6031849229820804	-1.6650991560960386	-1.064825647184241	0	0	0
GM.5.0.Nuclear_receptor.0121	-0.4712225767185007	0.3036015961772805	0.8324258092116206	0	0	0
GM.5.0.C2H2_ZF.0036	0.5118366649238638	-0.3092138294093407	-0.03605502553319821	0	0	0
GM.5.0.Homeodomain.0130	2.180733973574484	1.283502195381989	0.988572427640379	0	0	0
GM.5.0.TBP.0001	-0.015759857059538345	-1.2831776374559833	-1.391999275810335	0	0	0
GM.5.0.Homeodomain.0151	0.451452054704478	0.19570926653517556	0.29961649670381957	0	0	0
GM.5.0.C2H2_ZF.0183	-1.8192593609532133	-2.069254431596751	-1.7744705003624384	0	0	0
GM.5.0.bZIP.0041	-2.195341145087205	-1.5787440560160788	-2.6329286204088587	0	0	0
GM.5.0.Mixed.0080	1.5389176715065558	1.1402873764627472	-2.5671557907286693	0	0	0
GM.5.0.Forkhead.0047	-1.9687349037597788	-1.1843805229828404	-1.1518165588365252	0	0	0
GM.5.0.Mixed.0034	-0.47236723114225065	-0.9704348086582976	-0.5987405341537974	0	0	0
GM.5.0.Forkhead.0013	-1.0985772899023536	-2.0582337457841544	-0.9370869297577193	0	0	0
GM.5.0.C2H2_ZF.0229	-2.5949735607883846	-1.402837931733605	-1.504793543854766	0	0	0
GM.5.0.RFX.0002	-0.46414819530012125	0.7813208891417446	0.4510321245121144	0	0	0
GM.5.0.SAND.0005	-0.3515928372544297	-0.8616291938609798	-0.1964035347087616	0	0	0
GM.5.0.Unknown.0173	-3.1772276474104206	-4.300219155012062	-2.254067567828234	0	0	0
GM.5.0.SMAD.0002	-0.58064791451212	1.6121371218365221	1.312146338352461	0	0	0
GM.5.0.RFX.0009	0.9691569660788137	1.2329530365347023	2.091560228685684	0	0	0
GM.5.0.bHLH.0137	-0.9359744515176981	3.522449536237553	2.40849395099522	0	0	0
GM.5.0.bZIP.0017	1.1875774142015527	-0.3422440739123519	0.5371065857690429	0	0	0
GM.5.0.Unknown.0004	-2.9013825610036665	-1.7519808162136252	-0.8479306528423606	0	0	0
GM.5.0.Ets.0046	1.7734434629814788	-0.32824889976482086	-0.688328294155911	0	0	0
GM.5.0.MADS_box.0017	0.6616582997725267	1.0155125206725193	0.1924458053828581	0	0	0
GM.5.0.Homeodomain.0079	0.2982708240700159	-0.9740932091748464	-1.121824208866688	0	0	0
GM.5.0.CENPB.0001	-1.8994763523889804	-2.51714237057431	-1.835304615272438	0	0	0
GM.5.0.Homeodomain.0074	0.9664891448967787	-0.194073687395252	0.7777036549487142	0	0	0
GM.5.0.bZIP.0096	1.1829800286612209	1.5359404763501796	0.7023137094672366	0	0	0
GM.5.0.Homeodomain.0119	0.8029642639237197	0.9073886798863121	-1.1448292121726649	0	0	0
GM.5.0.Homeodomain_POU.0002	1.9891201062804515	1.0000145264140006	1.9403662849076317	0	0	0
GM.5.0.bHLH.0045	-2.5107045663896206	2.641976519410623	0.47882351398093964	0	0	0
GM.5.0.THAP_finger.0005	-0.09432398884266517	0.02002603843766544	0.7296675643954222	0	0	0
GM.5.0.bZIP.0089	-1.4337888927307887	-1.7726537535227536	-1.1416717055298482	0	0	0
GM.5.0.Homeodomain.0169	0.6690888614259489	-0.3957442999972566	1.2396575177725309	0	0	0
GM.5.0.RFX.0003	1.5478006360902534	2.3580556616070183	1.4938407856929685	0	0	0
GM.5.0.Mixed.0010	-1.0659158414462806	-0.828229114445292	-0.5445640343347121	0	0	0
GM.5.0.C2H2_ZF.0064	-3.3508190320705857	-2.6064960188194024	-1.6052698137449357	0	0	0
GM.5.0.C2H2_ZF.0226	2.3804274274850163	1.9545815262493849	1.381093579666238	0	0	0
GM.5.0.MADS_box.0002	-1.8045998733871227	-2.0440277037145025	-1.0673153334731584	0	0	0
GM.5.0.Homeodomain.0045	-0.09366661679337572	-0.9629257958574975	0.5793507390247026	0	0	0
GM.5.0.SMAD.0012	-2.0108906190919282	-2.3722999765267643	-1.1389996484371274	0	0	0
GM.5.0.Unknown.0064	1.847670212315951	-1.1358045934042402	0.49153226766045055	0	0	0
GM.5.0.Homeodomain.0178	0.7434334637784802	2.360774315339836	2.2998075587671756	0	0	0
GM.5.0.Unknown.0124	0.3021354742342646	0.24248214910279337	-1.700229208574621	0	0	0
GM.5.0.RFX.0018	-0.5877082840441636	0.31055893307569	-0.047041236369006416	0	0	0
GM.5.0.SAND.0004	2.012562093512073	2.006653958926809	0.2696016080680228	0	0	0
GM.5.0.Forkhead.0043	2.381584369310663	0.2570660518304533	-3.7324755274633694	0	0	0
