# maelstrom - GimmeMotifs version 0.16.1
# method: mwu with motif score
# motif table: /home/ia1014/gimmemotifs/output/Diff_NEUROD1_maelstrom.out/motif.nr.score.txt.gz
# activity values: BH-corrected -log10 Mann-Whitney U p-value
	cluster_1	cluster_2	cluster_3
GM.5.0.GATA.0013	-0.0	25.7920195455067	1.7196471812265188
GM.5.0.Forkhead.0043	19.423065354604198	-0.0	-0.0
GM.5.0.Unknown.0159	-0.0	-0.0	0.9156725140878961
GM.5.0.Homeodomain.0142	6.465359647806998	-0.0	-0.0
GM.5.0.Unknown.0113	0.2286076106749465	-0.0	-0.0
GM.5.0.C2H2_ZF.0188	0.5409746879154644	0.15125269469728236	-0.0
GM.5.0.Unknown.0171	0.03888798888826387	0.2842363797023076	-0.0
GM.5.0.Mixed.0104	-0.0	0.5409746879154644	0.08441447382038135
GM.5.0.RFX.0016	1.2045767629873818	-0.0	-0.0
GM.5.0.Homeodomain.0049	-0.0	1.9310383909680404	0.010865403977475615
GM.5.0.C2H2_ZF.0076	-0.0	0.5017486695752149	-0.0
GM.5.0.GATA.0016	-0.0	0.9628238968473446	0.6823580769112774
GM.5.0.bHLH.0063	-0.0	-0.0	2.6523501325640857
GM.5.0.Unknown.0128	-0.0	-0.0	0.23727081958056478
GM.5.0.Nuclear_receptor.0139	1.1452810706296908	-0.0	-0.0
GM.5.0.Unknown.0052	3.331941872927322	-0.0	-0.0
GM.5.0.C2H2_ZF.0129	-0.0	0.6439855870775066	-0.0
GM.5.0.Unknown.0027	-0.0	-0.0	1.1750116887069046
GM.5.0.Nuclear_receptor.0104	-0.0	-0.0	1.7196471812265188
GM.5.0.Nuclear_receptor.0072	-0.0	-0.0	4.6375434438955505
GM.5.0.Nuclear_receptor.0042	-0.0	2.316255998051299	-0.0
GM.5.0.Unknown.0099	0.4689867396089849	-0.0	0.12072427902037812
GM.5.0.Rel.0008	0.21398872390218363	-0.0	-0.0
GM.5.0.DM.0004	1.8396169655459258	-0.0	-0.0
GM.5.0.GATA.0027	-0.0	2.474112924029578	0.014604956636948285
GM.5.0.C2H2_ZF.0280	0.7310226622551517	-0.0	-0.0
GM.5.0.Unknown.0066	0.32955974303630936	-0.0	-0.0
GM.5.0.Unknown.0072	1.0574189330043535	-0.0	-0.0
GM.5.0.C2H2_ZF_Homeodomain.0003	1.5790094948369515	-0.0	-0.0
GM.5.0.Ets.0043	-0.0	-0.0	1.1452810706296908
GM.5.0.CSD.0001	-0.0	4.7370192303566565	-0.0
GM.5.0.Nuclear_receptor.0125	-0.0	0.5573584355529853	1.1046936056455654
GM.5.0.C2H2_ZF.0302	-0.0	-0.0	0.6378557056976154
GM.5.0.Myb_SANT.0012	0.5573584355529853	0.0809230584374973	-0.0
GM.5.0.Mixed.0007	-0.0	1.0862174693802493	-0.0
GM.5.0.C2H2_ZF.0095	-0.0	0.8835098151321461	1.5894956613971662
GM.5.0.Nuclear_receptor.0051	-0.0	-0.0	1.6589123287083392
GM.5.0.C2H2_ZF.0093	0.6823580769112774	-0.0	-0.0
GM.5.0.C2H2_ZF.0073	-0.0	-0.0	0.3425105124202492
GM.5.0.Nuclear_receptor.0084	-0.0	0.29989966229732684	0.33074581026190025
GM.5.0.C2H2_ZF.0243	0.161153395147421	-0.0	0.04872034718235113
GM.5.0.Nuclear_receptor.0017	-0.0	-0.0	2.9085249013993453
GM.5.0.bHLH.0096	0.30034207732169105	0.3425105124202492	-0.0
GM.5.0.Mixed.0043	-0.0	-0.0	0.11387959370656107
GM.5.0.C2H2_ZF.0119	2.1610582613931175	-0.0	-0.0
GM.5.0.bZIP.0075	-0.0	-0.0	1.275923349197213
GM.5.0.C2H2_ZF.0276	-0.0	3.6205472654704702	-0.0
GM.5.0.Forkhead.0040	-0.0	0.48774266009817946	0.029273756484121158
GM.5.0.C2H2_ZF.0246	-0.0	-0.0	0.36517106304823765
GM.5.0.C2H2_ZF.0255	1.870612584568047	-0.0	-0.0
GM.5.0.C2H2_ZF.0177	-0.0	-0.0	0.5484241995551595
GM.5.0.Nuclear_receptor.0061	-0.0	-0.0	1.5468231236962333
GM.5.0.Unknown.0086	-0.0	-0.0	0.5643593847870695
GM.5.0.Homeodomain_POU.0015	-0.0	0.07461992094033165	0.22007748561759777
GM.5.0.bHLH.0120	-0.0	-0.0	0.07065536843166755
GM.5.0.Forkhead.0055	4.033403465324637	-0.0	-0.0
GM.5.0.SMAD.0009	-0.0	0.1384893137439038	0.5101182930438183
GM.5.0.C2H2_ZF.0158	-0.0	0.758243018211268	-0.0
GM.5.0.GATA.0025	0.2959868471787937	-0.0	-0.0
GM.5.0.T-box.0022	-0.0	-0.0	0.12148355263671627
GM.5.0.C2H2_ZF.0233	-0.0	-0.0	0.12145372941202288
GM.5.0.GATA.0028	-0.0	-0.0	1.7898471104187543
GM.5.0.Mixed.0030	0.16096062205653866	0.2733117461743482	-0.0
GM.5.0.Mixed.0060	-0.0	-0.0	1.6590827230241214
GM.5.0.Homeodomain.0149	-0.0	2.0367279298914793	-0.0
GM.5.0.SMAD.0018	4.710691797323291	0.45553818882852304	-0.0
GM.5.0.C2H2_ZF.0131	0.8297773942048017	-0.0	-0.0
GM.5.0.C2H2_ZF.0281	-0.0	-0.0	2.3233736650278782
GM.5.0.Zinc_cluster.0001	1.3309448816346443	-0.0	-0.0
GM.5.0.bHLH.0084	0.19505090366999345	0.20753313020531508	-0.0
GM.5.0.C2H2_ZF.0161	-0.0	0.085169454525658	2.2875417457960503
GM.5.0.C2H2_ZF.0047	-0.0	4.62382820486575	-0.0
GM.5.0.Unknown.0142	0.06500788125257267	0.43628408731070234	-0.0
GM.5.0.Nuclear_receptor.0087	-0.0	0.020462540395282836	0.8346541428938998
GM.5.0.bHLH.0088	1.2387944359200729	0.18011903607539173	-0.0
GM.5.0.Unknown.0120	-0.0	-0.0	0.3453101746872411
GM.5.0.C2H2_ZF.0226	1.5425257271003616	-0.0	-0.0
GM.5.0.Nuclear_receptor.0114	-0.0	-0.0	3.056726104621952
GM.5.0.Nuclear_receptor.0081	-0.0	-0.0	0.7650921549458152
GM.5.0.C2H2_ZF.0056	0.8171690848319915	2.2693517516856447	-0.0
GM.5.0.Unknown.0047	-0.0	-0.0	1.0897139139202507
GM.5.0.Unknown.0206	0.707891210656573	-0.0	-0.0
GM.5.0.Unknown.0123	-0.0	-0.0	0.369212444897904
GM.5.0.T-box.0020	0.08064150489575414	-0.0	0.0012424422683977414
GM.5.0.C2H2_ZF.0101	-0.0	-0.0	0.3339399774059524
GM.5.0.Nuclear_receptor.0120	-0.0	-0.0	1.6619728906002926
GM.5.0.Mixed.0052	-0.0	-0.0	0.3264685852020529
GM.5.0.GATA.0021	0.2907611353816875	0.2825979808061872	-0.0
GM.5.0.SMAD.0001	0.594724326936304	-0.0	-0.0
GM.5.0.Unknown.0116	-0.0	0.1826909824236048	0.06167374228348513
GM.5.0.T-box.0012	-0.0	0.04788045418544605	0.12490162317248539
GM.5.0.TEA.0002	0.20311054203236342	-0.0	-0.0
GM.5.0.Unknown.0169	0.41834806694984544	1.2743460424060524	-0.0
GM.5.0.Homeodomain.0161	0.20567586387453374	-0.0	-0.0
GM.5.0.C2H2_ZF.0107	-0.0	-0.0	1.973197047948044
GM.5.0.Prospero.0001	-0.0	-0.0	1.3152205226028502
GM.5.0.Mixed.0035	0.05255653350021385	-0.0	-0.0
GM.5.0.SAND.0006	0.5183945500902859	0.22264979102103163	-0.0
GM.5.0.STAT.0014	1.3630277940562452	-0.0	-0.0
GM.5.0.Unknown.0155	-0.0	-0.0	0.5709584451961409
GM.5.0.C2H2_ZF.0282	-0.0	0.369212444897904	0.7430356196898567
GM.5.0.Mixed.0015	0.9412222818864254	-0.0	-0.0
GM.5.0.C2H2_ZF.0235	0.04788045418544605	0.30029223226877333	-0.0
GM.5.0.Runt.0006	1.0477059991622892	0.2119224579931972	-0.0
GM.5.0.C2H2_ZF.0077	0.752521357471005	-0.0	0.00021633974662317956
GM.5.0.Unknown.0049	-0.0	-0.0	0.6821713886318671
GM.5.0.Homeodomain.0196	1.4741862624754385	-0.0	-0.0
GM.5.0.Mixed.0032	-0.0	0.24901970259593909	0.2051187832301746
GM.5.0.bHLH.0055	0.22108590373723744	-0.0	-0.0
GM.5.0.Unknown.0107	0.23006484578936565	-0.0	0.016647729207936612
GM.5.0.bHLH.0115	0.41673980837727964	-0.0	-0.0
GM.5.0.bHLH.0083	0.014604956636948285	0.16096062205653866	-0.0
GM.5.0.bHLH.0054	0.027884595008362035	4.033145842130967	-0.0
GM.5.0.Unknown.0022	-0.0	-0.0	0.29389438697064196
GM.5.0.Mixed.0031	1.4178921415472652	-0.0	-0.0
GM.5.0.T-box.0010	-0.0	-0.0	1.1211234864407
GM.5.0.Ets.0032	-0.0	-0.0	0.6017510997123787
GM.5.0.Unknown.0105	-0.0	0.10284636364138838	0.3774438421213519
GM.5.0.Unknown.0173	2.0534766370123756	-0.0	-0.0
GM.5.0.Homeodomain_POU.0014	0.3202580800532144	1.0548633553681992	-0.0
GM.5.0.CUT_Homeodomain.0006	0.7276106664092079	0.0809230584374973	-0.0
GM.5.0.Ets.0029	-0.0	-0.0	1.0924367809624402
GM.5.0.Grainyhead.0007	-0.0	2.679735574517538	-0.0
GM.5.0.Homeodomain.0159	0.1297685878431078	0.04178561904277638	-0.0
GM.5.0.Homeodomain.0172	0.4066153424680956	-0.0	0.04872034718235113
GM.5.0.Unknown.0082	0.008679269993297552	0.13435105572830983	-0.0
GM.5.0.SAND.0003	0.0809230584374973	-0.0	0.047688448022697505
GM.5.0.Unknown.0141	-0.0	-0.0	0.7589307703260059
GM.5.0.C2H2_ZF.0219	0.6869647253129321	0.13602382409239644	-0.0
GM.5.0.STAT.0025	0.41182227138334865	-0.0	-0.0
GM.5.0.C2H2_ZF.0277	0.1465287242348196	-0.0	0.010865403977475615
GM.5.0.bZIP.0080	3.349908070381501	-0.0	-0.0
GM.5.0.Unknown.0042	0.09365025109025313	0.010865403977475615	-0.0
GM.5.0.p53.0010	0.10526485193426637	0.19097308503395524	-0.0
GM.5.0.SMAD.0014	0.5010995688384542	0.803839449129103	-0.0
GM.5.0.C2H2_ZF.0030	-0.0	-0.0	0.37958710606764995
GM.5.0.Nuclear_receptor.0118	-0.0	-0.0	1.1172736692623018
GM.5.0.Mixed.0042	-0.0	0.6514992019804452	-0.0
GM.5.0.Unknown.0059	0.4066153424680956	-0.0	-0.0
GM.5.0.RFX.0007	-0.0	1.053737078457644	-0.0
GM.5.0.Unknown.0005	-0.0	0.023165876406091714	0.531173600187825
GM.5.0.C2H2_ZF.0303	0.2189288340448437	-0.0	0.08017599258165149
GM.5.0.Unknown.0129	-0.0	0.4659178914425557	0.039867474214934966
GM.5.0.Homeodomain.0097	-0.0	0.4164297744889617	0.3581999132868358
GM.5.0.STAT.0016	0.17488639276546417	-0.0	-0.0
GM.5.0.HSF.0006	0.3414553672787952	-0.0	-0.0
GM.5.0.bHLH.0075	0.22091768959519395	0.1507851520569009	-0.0
GM.5.0.bZIP.0031	-0.0	0.07039849348778009	0.32608560045931245
GM.5.0.C2H2_ZF.0230	-0.0	0.01028368886863408	0.0317545099360125
GM.5.0.C2H2_ZF.0191	-0.0	0.06962786858043377	0.1342004656167624
GM.5.0.Mixed.0065	0.25179267029204183	-0.0	-0.0
GM.5.0.C2H2_ZF.0038	-0.0	-0.0	2.2851051469364223
GM.5.0.Nuclear_receptor.0083	-0.0	1.0380402632090249	0.3425105124202492
GM.5.0.bHLH.0093	-0.0	-0.0	0.6826340187945868
GM.5.0.C2H2_ZF.0257	0.010865403977475615	-0.0	-0.0
GM.5.0.Unknown.0054	-0.0	0.058517106196927265	0.40380094770191916
GM.5.0.bHLH.0079	1.3277875307170688	-0.0	-0.0
GM.5.0.C2H2_ZF.0181	0.1382134681311037	-0.0	-0.0
GM.5.0.Ets.0028	-0.0	4.826519707970352	0.12145372941202288
GM.5.0.p53.0009	-0.0	-0.0	0.4936966897285765
GM.5.0.T-box.0019	0.6742754432384068	-0.0	0.005989335588800067
GM.5.0.Unknown.0126	0.702913638957631	-0.0	-0.0
GM.5.0.C2H2_ZF.0125	-0.0	-0.0	0.9537294641653687
GM.5.0.bZIP.0021	0.028601768324512566	-0.0	0.17705133435131887
GM.5.0.Sox.0020	1.8553060133835233	0.4664205709757025	-0.0
GM.5.0.C2H2_ZF.0132	0.12148355263671627	0.4711332858523153	-0.0
GM.5.0.RFX.0014	-0.0	-0.0	0.22108590373723744
GM.5.0.Homeodomain.0132	-0.0	0.16437657733630678	0.16043912593173523
GM.5.0.C2H2_ZF.0186	4.176202198028424	-0.0	-0.0
GM.5.0.Unknown.0092	0.0017426502859406233	-0.0	0.38719282044502545
GM.5.0.C2H2_ZF.0126	-0.0	0.469428130971413	-0.0
GM.5.0.Homeodomain_Paired_box.0004	0.04178561904277638	-0.0	0.029273756484121158
GM.5.0.Nuclear_receptor.0090	-0.0	1.6589123287083392	1.2553208078882747
GM.5.0.C2H2_ZF.0084	-0.0	0.5589047585979889	-0.0
GM.5.0.Mixed.0056	1.1944615292741836	-0.0	-0.0
GM.5.0.Grainyhead.0006	-0.0	0.0716129634840635	0.020510459426618617
GM.5.0.C2H2_ZF.0034	0.411275319780486	-0.0	-0.0
GM.5.0.C2H2_ZF.0080	-0.0	-0.0	0.30417346614237134
GM.5.0.Ets.0023	-0.0	-0.0	0.09839798779632192
GM.5.0.Nuclear_receptor.0115	-0.0	-0.0	0.15924372474490173
GM.5.0.Mixed.0091	0.14848320592469574	-0.0	0.0021059395720999484
GM.5.0.bHLH.0105	0.2051187832301746	-0.0	-0.0
GM.5.0.Unknown.0012	0.09834311209668208	-0.0	0.3543830702733457
GM.5.0.Unknown.0121	8.663577170503338	-0.0	-0.0
GM.5.0.MADS_box.0009	-0.0	1.887063064566034	-0.0
GM.5.0.Nuclear_receptor.0119	-0.0	1.4928195569509621	0.12211152451363981
GM.5.0.TBP.0006	0.06507396533221649	2.3966027555169376	-0.0
GM.5.0.Unknown.0115	-0.0	1.7196471812265188	1.9729732792296801
GM.5.0.Mixed.0050	0.5017486695752149	-0.0	-0.0
GM.5.0.GATA.0018	-0.0	0.6103238268167127	0.3425105124202492
GM.5.0.STAT.0015	1.4141808677775036	0.06152473158810426	-0.0
GM.5.0.Forkhead.0058	0.023165876406091714	0.5573584355529853	-0.0
GM.5.0.Nuclear_receptor.0148	-0.0	2.3966027555169376	2.0350990674366187
GM.5.0.Nuclear_receptor.0137	-0.0	-0.0	0.5498263976183604
GM.5.0.Nuclear_receptor.0135	0.016647729207936612	-0.0	0.0716129634840635
GM.5.0.Homeodomain_POU.0011	-0.0	0.17625001313801328	0.08441447382038135
GM.5.0.C2H2_ZF.0012	1.2884636327514878	0.38719282044502545	-0.0
GM.5.0.Homeodomain.0108	-0.0	0.35471995288745733	0.7009812404221136
GM.5.0.bZIP.0060	-0.0	1.2718769938947723	-0.0
GM.5.0.C2H2_ZF.0307	0.27921706021044684	-0.0	-0.0
GM.5.0.C2H2_ZF.0240	0.5424226266853374	0.20753313020531508	-0.0
GM.5.0.C2H2_ZF.0260	0.6033621032003684	0.5737457621148688	-0.0
GM.5.0.SAND.0008	-0.0	-0.0	0.20858596228011128
GM.5.0.Nuclear_receptor.0088	-0.0	-0.0	1.1211234864407
GM.5.0.bHLH.0019	0.2919680114426278	-0.0	-0.0
GM.5.0.Unknown.0089	0.44983160608134465	-0.0	-0.0
GM.5.0.C2H2_ZF.0274	-0.0	0.44902377298820795	-0.0
GM.5.0.C2H2_ZF.0218	-0.0	0.02119793898922239	-0.0
GM.5.0.C2H2_ZF.0293	-0.0	0.04788045418544605	-0.0
GM.5.0.bHLH.0089	-0.0	-0.0	1.7196471812265188
GM.5.0.Mixed.0047	-0.0	-0.0	0.43244736549405416
GM.5.0.C2H2_ZF.0203	-0.0	-0.0	0.1257080278647436
GM.5.0.Unknown.0185	0.3653388681260197	0.2974803416162788	-0.0
GM.5.0.bZIP.0094	0.6022831437991009	-0.0	-0.0
GM.5.0.Unknown.0062	0.20641561067702377	0.039867474214934966	-0.0
GM.5.0.Unknown.0193	-0.0	1.4125859744757832	-0.0
GM.5.0.Mixed.0061	0.20753313020531508	-0.0	-0.0
GM.5.0.SAND.0002	1.887063064566034	-0.0	-0.0
GM.5.0.Mixed.0053	0.7356111154084476	-0.0	-0.0
GM.5.0.Homeodomain.0125	-0.0	3.074771476030344	-0.0
GM.5.0.C2H2_ZF.0283	-0.0	-0.0	0.6823580769112774
GM.5.0.C2H2_ZF.0094	-0.0	0.014519730644685596	-0.0
GM.5.0.E2F.0015	-0.0	0.49406001297254964	-0.0
GM.5.0.C2H2_ZF.0159	1.9656989014182502	-0.0	-0.0
GM.5.0.Myb_SANT.0006	-0.0	0.3699176173839178	0.36836304464842984
GM.5.0.Unknown.0138	-0.0	0.06126781484752829	0.20102270314839468
GM.5.0.CxxC.0001	6.934903552425786	0.5010995688384542	-0.0
GM.5.0.E2F.0012	6.934903552425786	0.594724326936304	-0.0
GM.5.0.Unknown.0200	0.5573584355529853	-0.0	-0.0
GM.5.0.Nuclear_receptor.0049	-0.0	-0.0	3.1192916048590638
GM.5.0.Nuclear_receptor.0100	0.31673995369031627	-0.0	-0.0
GM.5.0.Unknown.0176	2.877450619260679	-0.0	-0.0
GM.5.0.Unknown.0103	-0.0	2.743786625437384e-06	0.7131749682583771
GM.5.0.Mixed.0084	1.4741862624754385	0.05811473304057325	-0.0
GM.5.0.Homeodomain.0194	-0.0	2.101007167884285	2.609745138430381
GM.5.0.Nuclear_receptor.0085	-0.0	-0.0	1.0018751219538535
GM.5.0.C2H2_ZF.0225	-0.0	-0.0	0.43628408731070234
GM.5.0.C2H2_ZF.0134	-0.0	-0.0	0.702913638957631
GM.5.0.bHLH.0070	-0.0	-0.0	0.7819510080694415
GM.5.0.Nuclear_receptor.0133	-0.0	1.5468231236962333	-0.0
GM.5.0.Homeodomain.0082	2.2378566636691386	-0.0	-0.0
GM.5.0.Mixed.0024	0.005989335588800067	0.5138216890815698	-0.0
GM.5.0.bHLH.0078	-0.0	-0.0	0.09834311209668208
GM.5.0.Nuclear_receptor.0041	-0.0	-0.0	1.3449807255895037
GM.5.0.Mixed.0034	-0.0	-0.0	0.07963083410868921
GM.5.0.Homeodomain_POU.0002	-0.0	0.014604956636948285	-0.0
GM.5.0.Myb_SANT.0016	1.1452810706296908	0.12148355263671627	-0.0
GM.5.0.Rel.0021	0.41182227138334865	-0.0	-0.0
GM.5.0.Homeodomain.0164	-0.0	0.12211152451363981	0.04872034718235113
GM.5.0.C2H2_ZF.0170	0.369212444897904	0.22264979102103163	-0.0
GM.5.0.bHLH.0122	0.4883657581533489	-0.0	-0.0
GM.5.0.Homeodomain.0148	-0.0	7.535974638118333	0.27667223837642435
GM.5.0.C2H2_ZF.0194	-0.0	-0.0	0.12145372941202288
GM.5.0.C2H2_ZF.0031	-0.0	1.4682682177038684	0.5953607278086414
GM.5.0.Unknown.0165	-0.0	-0.0	1.0129465237935802
GM.5.0.C2H2_ZF.0206	0.5607911148786162	-0.0	-0.0
GM.5.0.AT_hook.0003	0.7228980773986597	-0.0	-0.0
GM.5.0.bZIP.0061	0.14848320592469574	0.36036958659799334	-0.0
GM.5.0.C2H2_ZF.0046	-0.0	0.8617506150421141	0.09839798779632192
GM.5.0.Mixed.0055	-0.0	-0.0	0.4509105063014991
GM.5.0.Rel.0007	0.30029223226877333	-0.0	-0.0
GM.5.0.Nuclear_receptor.0079	0.002749059501785798	2.805703499191161	-0.0
GM.5.0.bHLH.0119	0.6115739936096706	0.4664205709757025	-0.0
GM.5.0.bZIP.0034	-0.0	-0.0	0.6717727885287139
GM.5.0.TEA.0006	0.002749059501785798	0.3947431940339353	-0.0
GM.5.0.Unknown.0127	3.1650910004095723	-0.0	-0.0
GM.5.0.Nuclear_receptor.0099	-0.0	0.7819510080694415	1.2743460424060524
GM.5.0.Ets.0038	-0.0	-0.0	0.43565689723987383
GM.5.0.Homeodomain.0192	0.369212444897904	1.4020150338699546	-0.0
GM.5.0.Mixed.0100	0.11621818037628882	0.5573584355529853	-0.0
GM.5.0.bZIP.0065	-0.0	0.41606047845255395	-0.0
GM.5.0.C2H2_ZF.0266	-0.0	0.08420678424537253	0.00021633974662317956
GM.5.0.Forkhead.0057	-0.0	-0.0	0.6102713880478483
GM.5.0.RFX.0011	0.5455135402958856	0.05255653350021385	-0.0
GM.5.0.Mixed.0062	0.04788045418544605	-0.0	-0.0
GM.5.0.IRF.0003	1.1821013980187791	-0.0	-0.0
GM.5.0.Paired_box.0002	0.12347692323445172	0.17488639276546417	-0.0
GM.5.0.Nuclear_receptor.0117	-0.0	1.4741862624754385	0.3792155629759675
GM.5.0.GATA.0020	-0.0	-0.0	1.7196471812265188
GM.5.0.Pipsqueak.0001	1.2720116681584661	0.20311054203236342	-0.0
GM.5.0.bZIP.0086	-0.0	-0.0	0.30616463166382457
GM.5.0.Mixed.0103	0.5674413369564729	-0.0	-0.0
GM.5.0.C2H2_ZF.0069	6.211417386065328	-0.0	-0.0
GM.5.0.Unknown.0077	0.26042276254399127	2.392012908277911	-0.0
GM.5.0.Sox.0017	-0.0	0.589886168281321	-0.0
GM.5.0.Myb_SANT.0010	0.3888226662951479	0.5804109422157677	-0.0
GM.5.0.C2H2_ZF.0216	-0.0	0.14848320592469574	1.166202253373836
GM.5.0.Unknown.0134	-0.0	0.46331132847277634	0.22142098167386784
GM.5.0.Forkhead.0011	9.299429265197206	-0.0	-0.0
GM.5.0.STAT.0002	0.23004256336594558	-0.0	0.12695764509001664
GM.5.0.p53.0011	-0.0	0.020462540395282836	0.395391436782066
GM.5.0.Homeodomain.0201	-0.0	3.9152045409977454	-0.0
GM.5.0.Nuclear_receptor.0132	-0.0	0.5270638699599024	0.6816358778815758
GM.5.0.bZIP.0067	0.29989966229732684	-0.0	-0.0
GM.5.0.bHLH.0109	0.03399913189703322	0.08226518509171218	-0.0
GM.5.0.Forkhead.0031	-0.0	0.07039849348778009	0.05255653350021385
GM.5.0.C2H2_ZF.0301	0.411275319780486	1.2211798574055868	-0.0
GM.5.0.C2H2_ZF.0039	0.30417346614237134	-0.0	-0.0
GM.5.0.C2H2_ZF.0209	0.5156096806408463	-0.0	-0.0
GM.5.0.Unknown.0040	-0.0	0.22651215712619818	-0.0
GM.5.0.Rel.0024	0.37886351529413265	-0.0	-0.0
GM.5.0.C2H2_ZF.0008	-0.0	-0.0	0.48055470481528184
GM.5.0.Nuclear_receptor.0050	-0.0	-0.0	1.8416948702620988
GM.5.0.C2H2_ZF.0064	-0.0	-0.0	3.3495981596680484
GM.5.0.Homeodomain.0195	-0.0	-0.0	0.8846125292913556
GM.5.0.Sox.0021	0.04922795183621067	2.840441779067296	-0.0
GM.5.0.Nuclear_receptor.0016	-0.0	-0.0	3.7898182685808006
GM.5.0.Unknown.0014	-0.0	1.0218689170528898	0.6742754432384068
GM.5.0.C2H2_ZF.0273	-0.0	-0.0	0.5513374777594351
GM.5.0.SAND.0007	-0.0	0.032981091862240755	0.12148355263671627
GM.5.0.GATA.0019	-0.0	0.20567586387453374	-0.0
GM.5.0.C2H2_ZF.0114	-0.0	0.5965904654864513	0.1507851520569009
GM.5.0.HSF.0002	-0.0	-0.0	1.053737078457644
GM.5.0.C2H2_ZF.0110	-0.0	0.3052210977782812	0.10000181845626116
GM.5.0.Unknown.0023	0.9977926958766397	-0.0	-0.0
GM.5.0.Homeodomain.0133	0.602460460530873	0.47145026420385644	-0.0
GM.5.0.Paired_box.0013	-0.0	0.20567586387453374	0.7688077971896947
GM.5.0.p53.0002	0.1311091063651573	0.5127845894586657	-0.0
GM.5.0.bHLH.0051	0.08878315884445814	-0.0	-0.0
GM.5.0.Nuclear_receptor.0111	-0.0	0.33226263099186054	1.2211798574055868
GM.5.0.Ets.0008	-0.0	-0.0	1.8854856349928455
GM.5.0.C2H2_ZF.0168	0.016647729207936612	0.2433427835648868	-0.0
GM.5.0.bHLH.0111	0.056710923921646256	0.43898506603500353	-0.0
GM.5.0.Unknown.0001	-0.0	-0.0	1.414573195388582
GM.5.0.Unknown.0183	-0.0	0.1826909824236048	0.17625001313801328
GM.5.0.C2H2_ZF.0150	0.8283637747134195	-0.0	-0.0
GM.5.0.C2H2_ZF.0211	-0.0	-0.0	0.3306792170209666
GM.5.0.Forkhead.0054	16.684613812127985	-0.0	-0.0
GM.5.0.RFX.0012	1.0691391421143646	-0.0	-0.0
GM.5.0.C2H2_ZF.0251	-0.0	0.6247722886019493	-0.0
GM.5.0.bHLH.0065	1.142616345306989	-0.0	0.024138634218638166
GM.5.0.C2H2_ZF.0217	-0.0	0.17488639276546417	0.03156326878981272
GM.5.0.C2H2_ZF.0213	0.3888226662951479	-0.0	-0.0
GM.5.0.Homeodomain_POU.0022	3.2397326157126374	-0.0	-0.0
GM.5.0.C2H2_ZF.0123	0.10418320653548832	3.6205577105899276	-0.0
GM.5.0.Nuclear_receptor.0116	-0.0	1.8854856349928455	0.008691444074482491
GM.5.0.ARID_BRIGHT.0003	1.4020150338699546	-0.0	-0.0
GM.5.0.C2H2_ZF.0249	-0.0	-0.0	0.7167043233902488
GM.5.0.Unknown.0108	-0.0	-0.0	0.702913638957631
GM.5.0.C2H2_ZF.0232	1.2211798574055868	-0.0	-0.0
GM.5.0.Nuclear_receptor.0082	-0.0	1.1211234864407	0.6197208140566389
GM.5.0.C2H2_ZF.0137	-0.0	-0.0	0.1695912258754887
GM.5.0.Myb_SANT.0007	0.8478640903681574	0.032981091862240755	-0.0
GM.5.0.Homeodomain.0135	-0.0	0.2974803416162788	-0.0
GM.5.0.Sox.0018	3.948254582711762	-0.0	-0.0
GM.5.0.C2H2_ZF.0035	-0.0	-0.0	0.8603755497606831
GM.5.0.Paired_box.0001	-0.0	4.11468250277497	-0.0
GM.5.0.GATA.0026	-0.0	-0.0	0.48055470481528184
GM.5.0.Nuclear_receptor.0109	-0.0	0.15590290684513375	0.7310226622551517
GM.5.0.Unknown.0122	-0.0	0.10085330515249949	0.38358568095668555
GM.5.0.Nuclear_receptor.0063	-0.0	-0.0	0.2051187832301746
GM.5.0.Paired_box.0015	0.1500709891522426	1.151903284466984	-0.0
GM.5.0.Ets.0033	-0.0	-0.0	0.5722382369181722
GM.5.0.IRF.0016	1.6169535936333375	-0.0	-0.0
GM.5.0.bZIP.0091	0.7167043233902488	0.011221500571492507	-0.0
GM.5.0.Nuclear_receptor.0142	-0.0	0.11804724778898913	0.09558960319527317
GM.5.0.Unknown.0021	-0.0	-0.0	0.5017486695752149
GM.5.0.THAP_finger.0006	-0.0	0.9816677712177198	-0.0
GM.5.0.C2H2_ZF.0060	0.22665513343027938	-0.0	-0.0
GM.5.0.AT_hook.0001	2.085393748120915	-0.0	-0.0
GM.5.0.C2H2_ZF.0157	0.04178561904277638	-0.0	0.21398872390218363
GM.5.0.Unknown.0140	0.3699176173839178	-0.0	-0.0
GM.5.0.C2H2_ZF.0059	-0.0	0.0021059395720999484	0.8372381821867461
GM.5.0.Homeodomain_POU.0026	0.2974803416162788	0.039867474214934966	-0.0
GM.5.0.Nuclear_receptor.0098	-0.0	0.19866871497638397	0.5703440137140767
GM.5.0.C2H2_ZF.0106	0.006681003520671407	-0.0	0.005989335588800067
GM.5.0.bZIP.0032	0.20025261920589793	-0.0	-0.0
GM.5.0.C2H2_ZF.0086	-0.0	-0.0	0.06783364152297736
GM.5.0.Unknown.0036	0.10418320653548832	0.039867474214934966	-0.0
GM.5.0.Mixed.0073	-0.0	1.781315422930311	-0.0
GM.5.0.Paired_box.0020	1.3449807255895037	-0.0	-0.0
GM.5.0.Unknown.0025	18.396889156345757	-0.0	-0.0
GM.5.0.Homeodomain.0079	0.9156725140878961	-0.0	-0.0
GM.5.0.Unknown.0202	0.1133570164655026	0.531173600187825	-0.0
GM.5.0.C2H2_ZF.0256	-0.0	0.11804724778898913	-0.0
GM.5.0.SMAD.0012	2.24394922259195	-0.0	-0.0
GM.5.0.Unknown.0084	4.676522500614877	-0.0	-0.0
GM.5.0.Mixed.0017	-0.0	0.016647729207936612	0.424401052065272
GM.5.0.MADS_box.0017	-0.0	0.06308672024649323	-0.0
GM.5.0.SMAD.0015	-0.0	0.09839798779632192	0.18521246355019907
GM.5.0.Rel.0017	0.028601768324512566	-0.0	0.032981091862240755
GM.5.0.GATA.0022	-0.0	0.1826909824236048	0.20311054203236342
GM.5.0.C2H2_ZF.0165	1.2211798574055868	0.05618204060753206	-0.0
GM.5.0.Ets.0027	-0.0	0.3750361651754512	-0.0
GM.5.0.C2H2_ZF.0146	-0.0	-0.0	0.2919680114426278
GM.5.0.Homeodomain.0112	0.020510459426618617	-0.0	0.08647595040614862
GM.5.0.Unknown.0175	-0.0	1.2211798574055868	-0.0
GM.5.0.C2H2_ZF.0040	-0.0	1.8854856349928455	-0.0
GM.5.0.Mixed.0074	0.3015292040985044	-0.0	0.08441447382038135
GM.5.0.Homeodomain.0014	0.7690244437005102	1.6372179896535828	-0.0
GM.5.0.C2H2_ZF.0176	-0.0	-0.0	4.057767193655025
GM.5.0.C2H2_ZF.0172	-0.0	0.0716129634840635	0.8522155282700445
GM.5.0.HSF.0009	-0.0	0.5779329692732667	0.36955362628053656
GM.5.0.TBP.0001	-0.0	0.039294606806660526	0.6120087051707017
GM.5.0.C2H2_ZF.0197	1.5172566978752275	0.08226518509171218	-0.0
GM.5.0.Homeodomain.0105	1.9923172258022288	-0.0	-0.0
GM.5.0.Ets.0042	-0.0	-0.0	0.31684297957150315
GM.5.0.T-box.0014	0.4526110123759952	-0.0	-0.0
GM.5.0.C2H2_ZF.0075	-0.0	-0.0	1.053737078457644
GM.5.0.C2H2_ZF.0315	0.14142082452104124	-0.0	-0.0
GM.5.0.Forkhead.0045	9.877644811208302	-0.0	-0.0
GM.5.0.Unknown.0147	0.13339695766861012	-0.0	-0.0
GM.5.0.Nuclear_receptor.0065	-0.0	-0.0	0.44983160608134465
GM.5.0.bZIP.0077	-0.0	-0.0	1.5353553192409664
GM.5.0.SMAD.0007	-0.0	0.3339399774059524	-0.0
GM.5.0.STAT.0008	0.005989335588800067	-0.0	0.014604956636948285
GM.5.0.Mixed.0078	-0.0	-0.0	1.2743460424060524
GM.5.0.Grainyhead.0008	1.4682682177038684	0.1465287242348196	-0.0
GM.5.0.C2H2_ZF.0248	0.6436589148599865	-0.0	-0.0
GM.5.0.Ets.0031	-0.0	-0.0	2.24394922259195
GM.5.0.Mixed.0108	-0.0	-0.0	1.1211234864407
GM.5.0.bZIP.0027	-0.0	-0.0	3.0817096739153147
GM.5.0.Homeodomain.0165	0.8362347720212226	-0.0	-0.0
GM.5.0.Forkhead.0024	0.12072427902037812	0.03576778831147209	-0.0
GM.5.0.Sox.0023	1.0380402632090249	-0.0	-0.0
GM.5.0.Paired_box.0011	0.7327047553292073	-0.0	-0.0
GM.5.0.Forkhead.0028	4.11468250277497	-0.0	-0.0
GM.5.0.DM.0005	0.5515118591767044	-0.0	-0.0
GM.5.0.C2H2_ZF.0192	0.4207712236067096	-0.0	-0.0
GM.5.0.C2H2_ZF.0147	-0.0	-0.0	0.23006484578936565
GM.5.0.Mixed.0096	0.30616463166382457	-0.0	-0.0
GM.5.0.E2F.0003	4.826519707970352	0.24915726666038585	-0.0
GM.5.0.C2H2_ZF.0162	-0.0	0.8787811935512104	0.13602382409239644
GM.5.0.CUT_Homeodomain.0010	-0.0	0.161153395147421	0.058517106196927265
GM.5.0.Mixed.0093	-0.0	0.4309455665339153	1.2144598946998022
GM.5.0.bHLH.0076	0.014604956636948285	-0.0	0.002749059501785798
GM.5.0.Mixed.0072	0.035534592976027034	-0.0	0.009650054726702455
GM.5.0.Mixed.0090	-0.0	1.8192877851243108	-0.0
GM.5.0.C2H2_ZF.0289	0.06719062024159789	-0.0	0.16043912593173523
GM.5.0.bZIP.0068	-0.0	-0.0	1.4682682177038684
GM.5.0.C2H2_ZF.0178	-0.0	4.715671948577059	0.9962365725435827
GM.5.0.Paired_box.0012	0.2907611353816875	-0.0	0.06507396533221649
GM.5.0.C2H2_ZF.0115	-0.0	-0.0	2.872818955387225
GM.5.0.bHLH.0116	-0.0	-0.0	1.2022281610657521
GM.5.0.T-box.0007	0.06507396533221649	0.25373149732489403	-0.0
GM.5.0.Rel.0020	0.6397414502595535	0.06501359228172902	-0.0
GM.5.0.Homeodomain_POU.0001	0.3568285002900947	-0.0	-0.0
GM.5.0.Unknown.0124	-0.0	0.039867474214934966	2.248502347277673
GM.5.0.C2H2_ZF.0228	0.17813808379908616	-0.0	0.01585811281129085
GM.5.0.Forkhead.0050	6.379860118761235	-0.0	-0.0
GM.5.0.E2F.0001	0.3699176173839178	1.4759426830306814	-0.0
GM.5.0.Forkhead.0042	1.1687328487117832	-0.0	-0.0
GM.5.0.C2H2_ZF.0062	0.016647729207936612	-0.0	-0.0
GM.5.0.Ets.0019	-0.0	-0.0	1.609710666619935
GM.5.0.Homeodomain_POU.0021	-0.0	-0.0	0.17242517387791528
GM.5.0.Homeodomain.0053	-0.0	-0.0	2.696712770318294
GM.5.0.Unknown.0057	1.1687328487117832	0.6460986294441101	-0.0
GM.5.0.Homeodomain.0037	0.8593318933153409	0.0021059395720999484	-0.0
GM.5.0.C2H2_ZF.0098	0.010762438821684612	-0.0	-0.0
GM.5.0.Unknown.0130	-0.0	3.523556838473303	-0.0
GM.5.0.MADS_box.0018	0.34045833194133984	0.34108880434506245	-0.0
GM.5.0.CUT_Homeodomain.0009	-0.0	0.30764093534818826	-0.0
GM.5.0.Homeodomain.0010	0.7690244437005102	0.056710923921646256	-0.0
GM.5.0.ARID_BRIGHT.0001	-0.0	1.4741862624754385	-0.0
GM.5.0.Mixed.0058	1.6372179896535828	-0.0	-0.0
GM.5.0.C2H2_ZF.0124	-0.0	-0.0	0.23004256336594558
GM.5.0.T-box.0018	0.016187674081797783	-0.0	0.12211152451363981
GM.5.0.C2H2_ZF.0238	1.3277875307170688	-0.0	-0.0
GM.5.0.Sox.0024	2.9864367465562065	1.2211798574055868	-0.0
GM.5.0.Paired_box.0018	-0.0	0.13602382409239644	0.022680889633737013
GM.5.0.Unknown.0190	0.5183945500902859	-0.0	0.04788045418544605
GM.5.0.Grainyhead.0001	-0.0	1.4957346763016452	0.06152473158810426
GM.5.0.Unknown.0018	-0.0	-0.0	0.6460986294441101
GM.5.0.MADS_box.0004	-0.0	0.44545894256209584	0.029885153717570348
GM.5.0.C2H2_ZF.0317	0.4705764162288515	-0.0	-0.0
GM.5.0.Unknown.0071	-0.0	-0.0	1.1172736692623018
GM.5.0.STAT.0013	-0.0	0.014330962129588348	0.020510459426618617
GM.5.0.C2H2_ZF.0224	-0.0	2.2286086282954587	0.19866871497638397
GM.5.0.T-box.0006	-0.0	0.16077485670769398	0.019171200721515923
GM.5.0.Grainyhead.0004	0.33229686886814913	-0.0	-0.0
GM.5.0.Mixed.0038	0.30616463166382457	0.010865403977475615	-0.0
GM.5.0.Unknown.0060	-0.0	0.8298751135669531	-0.0
GM.5.0.C2H2_ZF.0287	0.07523321050013974	-0.0	0.09365025109025313
GM.5.0.T-box.0011	-0.0	0.039867474214934966	0.03156326878981272
GM.5.0.Homeodomain.0185	0.0021059395720999484	0.8947333602307594	-0.0
GM.5.0.SMAD.0005	-0.0	1.2720116681584661	0.07963083410868921
GM.5.0.bHLH.0086	0.7430356196898567	-0.0	-0.0
GM.5.0.Sox.0010	-0.0	2.1642195015102272	0.08226518509171218
GM.5.0.bZIP.0047	-0.0	-0.0	1.363193364898673
GM.5.0.Unknown.0196	0.06126781484752829	-0.0	-0.0
GM.5.0.Homeodomain.0181	-0.0	0.6377950830889408	-0.0
GM.5.0.Unknown.0085	-0.0	1.4936739211561854	-0.0
GM.5.0.Unknown.0102	-0.0	0.014519730644685596	0.09834311209668208
GM.5.0.Paired_box.0016	-0.0	0.9801383877201378	0.22315365581828342
GM.5.0.C2HC_ZF.0001	-0.0	-0.0	1.6497116313596536
GM.5.0.Nuclear_receptor.0122	1.053737078457644	-0.0	-0.0
GM.5.0.IRF.0012	0.634205128585013	-0.0	-0.0
GM.5.0.Homeodomain.0199	0.002749059501785798	0.02055098389537232	-0.0
GM.5.0.Homeodomain.0085	0.1342004656167624	-0.0	0.002749059501785798
GM.5.0.Nuclear_receptor.0069	0.09023409164547494	-0.0	0.024841653139642178
GM.5.0.Unknown.0046	0.7344648958661759	0.7589307703260059	-0.0
GM.5.0.C2H2_ZF.0202	-0.0	0.2907611353816875	-0.0
GM.5.0.bHLH.0064	-0.0	-0.0	0.058517106196927265
GM.5.0.Homeodomain.0175	-0.0	0.594724326936304	0.2328499959178267
GM.5.0.Ndt80_PhoG.0001	3.2397326157126374	-0.0	-0.0
GM.5.0.bHLH.0129	-0.0	-0.0	0.4399860528645697
GM.5.0.Homeodomain.0120	-0.0	0.6257705687825508	0.42414603607045775
GM.5.0.C2H2_ZF.0275	0.27852818027473497	0.18789642326530792	-0.0
GM.5.0.Nuclear_receptor.0068	-0.0	2.569523140808745	-0.0
GM.5.0.Forkhead.0048	0.13602382409239644	-0.0	0.2907611353816875
GM.5.0.C2H2_ZF.0222	0.2825979808061872	-0.0	-0.0
GM.5.0.C2H2_ZF.0179	0.04883132073056734	1.201482874479665	-0.0
GM.5.0.Nuclear_receptor.0144	-0.0	-0.0	0.5366398017534886
GM.5.0.THAP_finger.0005	1.0234544835600612	-0.0	-0.0
GM.5.0.Unknown.0139	0.04872034718235113	0.1465287242348196	-0.0
GM.5.0.Nuclear_receptor.0095	-0.0	-0.0	1.0234544835600612
GM.5.0.MADS_box.0019	-0.0	0.24997925563065848	-0.0
GM.5.0.Unknown.0148	-0.0	0.3699176173839178	-0.0
GM.5.0.Mixed.0109	-0.0	-0.0	1.7234111381214539
GM.5.0.Nuclear_receptor.0001	-0.0	0.08226518509171218	1.7019610398774145
GM.5.0.Homeodomain.0038	-0.0	0.41182227138334865	1.383510832120555
GM.5.0.C2H2_ZF.0143	-0.0	0.06167374228348513	0.23310737033125295
GM.5.0.GCM.0003	-0.0	0.14156807562149096	0.026402842591413844
GM.5.0.Mixed.0057	0.09669150923679619	0.039294606806660526	-0.0
GM.5.0.Mixed.0063	0.03156326878981272	0.16077485670769398	-0.0
GM.5.0.Mixed.0064	0.9537294641653687	0.17813808379908616	-0.0
GM.5.0.Nuclear_receptor.0002	0.039294606806660526	-0.0	0.007415835514029583
GM.5.0.Mixed.0006	-0.0	-0.0	0.40390081819389967
GM.5.0.Mixed.0049	3.935015710064268	-0.0	-0.0
GM.5.0.Unknown.0184	-0.0	0.0317545099360125	0.757315621322033
GM.5.0.Mixed.0048	0.16096062205653866	0.08358228394111883	-0.0
GM.5.0.Forkhead.0037	4.299778999091869	-0.0	-0.0
GM.5.0.T-box.0004	0.7770736111511316	-0.0	-0.0
GM.5.0.TEA.0005	-0.0	-0.0	0.6020886264780462
GM.5.0.CSL.0001	1.0096991888364164	-0.0	-0.0
GM.5.0.RFX.0013	0.9537294641653687	-0.0	-0.0
GM.5.0.Unknown.0144	0.9819130299847989	-0.0	-0.0
GM.5.0.C2H2_ZF.0252	-0.0	-0.0	0.226821252979533
GM.5.0.HSF.0007	-0.0	0.4749495802354452	0.5703440137140767
GM.5.0.C2H2_ZF.0195	0.022680889633737013	1.1686886905834941	-0.0
GM.5.0.Mixed.0102	0.12211152451363981	1.0477059991622892	-0.0
GM.5.0.C2H2_ZF.0272	0.08518487261929433	0.48774266009817946	-0.0
GM.5.0.Homeodomain.0050	-0.0	4.365429266512756	-0.0
GM.5.0.Homeodomain.0170	-0.0	0.008346427548889817	-0.0
GM.5.0.Homeodomain.0203	0.30029223226877333	-0.0	-0.0
GM.5.0.HSF.0003	0.04618030873917438	-0.0	0.12145372941202288
GM.5.0.Sox.0016	0.6197208140566389	0.0809230584374973	-0.0
GM.5.0.Homeodomain.0092	-0.0	0.5451964086088196	-0.0
GM.5.0.bZIP.0084	-0.0	-0.0	0.07720512562193804
GM.5.0.C2H2_ZF.0044	0.528164645391096	-0.0	-0.0
GM.5.0.Unknown.0015	0.3015292040985044	-0.0	0.06507396533221649
GM.5.0.AT_hook.0002	0.17488639276546417	0.48055470481528184	-0.0
GM.5.0.bZIP.0053	-0.0	-0.0	1.2720116681584661
GM.5.0.C2H2_ZF.0151	0.3028488243707936	0.14260492908280503	-0.0
GM.5.0.Unknown.0074	0.25357562687921786	0.36836304464842984	-0.0
GM.5.0.bHLH.0001	4.776431099612665	-0.0	-0.0
GM.5.0.Homeodomain.0176	-0.0	1.887063064566034	-0.0
GM.5.0.Nuclear_receptor.0145	3.458707013687558	0.08420678424537253	-0.0
GM.5.0.DM.0007	0.010865403977475615	0.09704724685001676	-0.0
GM.5.0.IRF.0021	1.0862174693802493	0.08420678424537253	-0.0
GM.5.0.bZIP.0016	-0.0	-0.0	0.5573584355529853
GM.5.0.C2H2_ZF.0239	-0.0	-0.0	0.06507396533221649
GM.5.0.Mixed.0092	-0.0	-0.0	1.5758453423689724
GM.5.0.Unknown.0043	0.7310226622551517	0.01793934841970776	-0.0
GM.5.0.Homeodomain.0046	0.6197123494088523	-0.0	-0.0
GM.5.0.bZIP.0083	1.4682682177038684	-0.0	-0.0
GM.5.0.EIN3.0001	6.691045543278995	-0.0	-0.0
GM.5.0.Paired_box.0010	0.27145884179072155	-0.0	0.1929109222026816
GM.5.0.Mixed.0105	-0.0	0.2405630021425589	0.1826909824236048
GM.5.0.TEA.0003	-0.0	0.8603755497606831	0.6191891986302115
GM.5.0.Mixed.0087	0.12953239639326425	-0.0	-0.0
GM.5.0.bZIP.0081	3.758512985465541	-0.0	-0.0
GM.5.0.C2H2_ZF.0136	-0.0	-0.0	2.760190086399114
GM.5.0.Unknown.0098	0.12695764509001664	-0.0	-0.0
GM.5.0.Mixed.0045	1.1944615292741836	-0.0	-0.0
GM.5.0.T-box.0025	0.039294606806660526	1.1950989225102457	-0.0
GM.5.0.C2H2_ZF.0310	-0.0	0.39410506534488937	0.2727056646413284
GM.5.0.C2H2_ZF.0140	-0.0	0.24915726666038585	0.23004256336594558
GM.5.0.bZIP.0102	0.010865403977475615	-0.0	0.07065536843166755
GM.5.0.Unknown.0011	0.38948757162738407	0.41182227138334865	-0.0
GM.5.0.Homeodomain.0111	-0.0	3.4734645920579434	-0.0
GM.5.0.Homeodomain.0098	-0.0	0.702913638957631	-0.0
GM.5.0.C2H2_ZF.0105	-0.0	0.09860919645632979	0.009650054726702455
GM.5.0.RFX.0017	0.22142098167386784	-0.0	-0.0
GM.5.0.Sox.0036	0.8346541428938998	-0.0	-0.0
GM.5.0.Homeodomain.0136	0.21511688470160695	-0.0	-0.0
GM.5.0.CUT_Homeodomain.0004	0.09860919645632979	1.6169535936333375	-0.0
GM.5.0.E2F.0008	5.7373530773788	-0.0	-0.0
GM.5.0.Homeodomain.0143	-0.0	0.06329665939824992	0.10632366786576622
GM.5.0.bHLH.0012	-0.0	0.006681003520671407	0.702913638957631
GM.5.0.Ets.0035	3.4974710080714346	-0.0	-0.0
GM.5.0.Homeodomain.0179	-0.0	4.404956048800487	-0.0
GM.5.0.DP_E2F.0001	0.5017486695752149	-0.0	-0.0
GM.5.0.Unknown.0109	6.104746465437472	-0.0	-0.0
GM.5.0.E2F.0017	1.0091379639352958	0.25032444434711	-0.0
GM.5.0.Grainyhead.0005	0.08256585855063012	0.09325130421695645	-0.0
GM.5.0.C2H2_ZF.0316	-0.0	1.2633763421943895	-0.0
GM.5.0.C2H2_ZF.0108	-0.0	-0.0	0.2980016285890266
GM.5.0.Homeodomain.0200	-0.0	0.4195601691407722	-0.0
GM.5.0.Nuclear_receptor.0094	2.3233736650278782	-0.0	-0.0
GM.5.0.Ets.0017	-0.0	-0.0	0.5706178230493818
GM.5.0.Nuclear_receptor.0038	-0.0	-0.0	2.3061312968407695
GM.5.0.bZIP.0038	2.24394922259195	-0.0	-0.0
GM.5.0.Unknown.0090	-0.0	0.41834806694984544	0.2067720839406981
GM.5.0.Unknown.0174	1.7196471812265188	-0.0	-0.0
GM.5.0.C2H2_ZF.0010	0.5953607278086414	-0.0	0.06152473158810426
GM.5.0.Unknown.0039	0.6191891986302115	-0.0	-0.0
GM.5.0.Unknown.0133	0.0632433453384117	0.09860919645632979	-0.0
GM.5.0.E2F.0007	0.4164297744889617	-0.0	-0.0
GM.5.0.Ets.0046	6.528727594559345	-0.0	-0.0
GM.5.0.GATA.0024	2.24394922259195	0.4399860528645697	-0.0
GM.5.0.p53.0005	0.08420678424537253	0.3796246082083248	-0.0
GM.5.0.Homeodomain.0146	-0.0	-0.0	0.7690244437005102
GM.5.0.Paired_box.0007	-0.0	0.2919680114426278	-0.0
GM.5.0.Homeodomain_POU.0024	0.14260492908280503	0.14848320592469574	-0.0
GM.5.0.Homeodomain.0030	0.16638337713015533	0.33585120357108633	-0.0
GM.5.0.IRF.0019	-0.0	0.07065536843166755	0.06323729853258504
GM.5.0.bZIP.0092	0.16638337713015533	0.3568285002900947	-0.0
GM.5.0.CUT_Homeodomain.0005	-0.0	0.20311054203236342	0.047897946071902835
GM.5.0.Unknown.0055	0.014519730644685596	-0.0	0.12492830161322654
GM.5.0.Nuclear_receptor.0147	-0.0	-0.0	0.48594259707467535
GM.5.0.C2H2_ZF.0092	1.027028550391035	1.4250612265551497	-0.0
GM.5.0.bZIP.0069	-0.0	-0.0	-0.0
GM.5.0.Nuclear_receptor.0009	-0.0	-0.0	1.406441672473325
GM.5.0.C2H2_ZF.0278	0.14848320592469574	-0.0	-0.0
GM.5.0.Myb_SANT.0011	-0.0	0.17813808379908616	-0.0
GM.5.0.Mixed.0075	-0.0	-0.0	0.09704724685001676
GM.5.0.bHLH.0062	0.9548883611487241	-0.0	0.035534592976027034
GM.5.0.Sox.0025	1.4141754940429294	-0.0	-0.0
GM.5.0.Mixed.0029	0.027507715267150304	0.5017486695752149	-0.0
GM.5.0.MADS_box.0015	-0.0	0.33229686886814913	-0.0
GM.5.0.C2H2_ZF.0189	-0.0	0.6018338301538835	-0.0
GM.5.0.MADS_box.0008	0.45110668247690805	0.7327047553292073	-0.0
GM.5.0.Rel.0013	0.014604956636948285	-0.0	-0.0
GM.5.0.Unknown.0034	-0.0	-0.0	0.2119224579931972
GM.5.0.CENPB.0001	0.1507851520569009	-0.0	-0.0
GM.5.0.bHLH.0087	0.04922795183621067	-0.0	0.6116224576744926
GM.5.0.C2H2_ZF.0036	-0.0	0.531173600187825	-0.0
GM.5.0.C2H2_ZF.0183	0.09325130421695645	-0.0	-0.0
GM.5.0.C2H2_ZF.0154	-0.0	-0.0	1.0218689170528898
GM.5.0.bZIP.0056	-0.0	-0.0	0.4451561485249309
GM.5.0.Unknown.0180	-0.0	-0.0	1.0018751219538535
GM.5.0.GATA.0015	-0.0	-0.0	0.8571184969629325
GM.5.0.Unknown.0093	2.534565853370066	-0.0	-0.0
GM.5.0.Nuclear_receptor.0112	-0.0	-0.0	4.1283786544689995
GM.5.0.C2H2_ZF.0088	-0.0	-0.0	0.08226518509171218
GM.5.0.Unknown.0020	-0.0	-0.0	1.1944615292741836
GM.5.0.Homeodomain_POU.0025	-0.0	0.04788045418544605	0.17488639276546417
GM.5.0.Homeodomain.0160	-0.0	2.4063614582313595	-0.0
GM.5.0.bZIP.0076	-0.0	-0.0	0.38719282044502545
GM.5.0.T-box.0024	0.2047528134210532	-0.0	-0.0
GM.5.0.Sox.0035	-0.0	0.05412556648558972	0.8972480998782136
GM.5.0.Unknown.0070	0.09790511761297803	0.17385094774009469	-0.0
GM.5.0.HSF.0010	-0.0	-0.0	0.4103268018992591
GM.5.0.C2H2_ZF.0003	-0.0	0.2051187832301746	-0.0
GM.5.0.bHLH.0126	-0.0	0.03557546136321557	0.08420678424537253
GM.5.0.Sox.0006	0.3888226662951479	1.1067515532049623	-0.0
GM.5.0.Rel.0015	-0.0	0.44174205910871905	0.07716508798332729
GM.5.0.Forkhead.0027	3.894958228393598	-0.0	-0.0
GM.5.0.Homeodomain.0080	-0.0	4.186327928730253	-0.0
GM.5.0.Homeodomain.0130	0.40380094770191916	0.395391436782066	-0.0
GM.5.0.Unknown.0106	0.08441447382038135	-0.0	-0.0
GM.5.0.Unknown.0065	3.792763941798942	-0.0	-0.0
GM.5.0.Unknown.0119	-0.0	-0.0	2.3975602087351073
GM.5.0.Unknown.0080	0.020510459426618617	-0.0	0.1297685878431078
GM.5.0.bHLH.0028	2.0049425208581604	-0.0	-0.0
GM.5.0.bHLH.0112	-0.0	-0.0	0.707891210656573
GM.5.0.C2H2_ZF.0208	-0.0	1.1172736692623018	-0.0
GM.5.0.bHLH.0061	-0.0	-0.0	0.9548883611487241
GM.5.0.C2H2_ZF.0173	-0.0	-0.0	0.411275319780486
GM.5.0.Mixed.0008	0.2753492295551871	-0.0	-0.0
GM.5.0.C2H2_ZF.0011	-0.0	-0.0	0.41025737205688584
GM.5.0.C2H2_ZF.0298	0.6667053133738158	-0.0	-0.0
GM.5.0.GATA.0023	-0.0	0.024190853316534602	0.7228980773986597
GM.5.0.bHLH.0085	3.0838346353830985	-0.0	-0.0
GM.5.0.bZIP.0070	-0.0	0.4509105063014991	-0.0
GM.5.0.C2H2_ZF.0052	-0.0	0.49249079256082573	0.25537800331227767
GM.5.0.bZIP.0079	-0.0	-0.0	0.7851612740498273
GM.5.0.Unknown.0075	0.17242517387791528	0.12706493660276108	-0.0
GM.5.0.bHLH.0108	0.6017510997123787	-0.0	0.07116455796304044
GM.5.0.bZIP.0090	0.24613915981214743	-0.0	0.17044326687531197
GM.5.0.GATA.0006	-0.0	0.014604956636948285	0.17813808379908616
GM.5.0.RFX.0018	0.6460986294441101	1.1211234864407	-0.0
GM.5.0.Forkhead.0004	1.4682682177038684	-0.0	-0.0
GM.5.0.Homeodomain.0138	-0.0	2.9765913393315238	0.7149884348393049
GM.5.0.bZIP.0009	0.6514992019804452	0.18088841800234307	-0.0
GM.5.0.Homeodomain.0183	-0.0	2.9527113455911245	-0.0
GM.5.0.RFX.0009	4.3123631932295465	-0.0	-0.0
GM.5.0.C2H2_ZF.0210	1.2211798574055868	-0.0	-0.0
GM.5.0.T-box.0016	0.5356047747839078	0.010865403977475615	-0.0
GM.5.0.TEA.0004	3.061739988920004	-0.0	-0.0
GM.5.0.Nuclear_receptor.0128	0.011430077968641292	0.7076827025404419	-0.0
GM.5.0.bZIP.0082	-0.0	-0.0	1.9092852627115835
GM.5.0.STAT.0017	0.17488639276546417	0.8297773942048017	-0.0
GM.5.0.Homeodomain.0188	-0.0	-0.0	0.5819186516399285
GM.5.0.Unknown.0198	3.074771476030344	1.6497116313596536	-0.0
GM.5.0.Homeodomain.0198	0.04872034718235113	2.6523501325640857	-0.0
GM.5.0.Homeodomain.0033	0.08064445256742109	-0.0	0.012527934731720924
GM.5.0.Unknown.0019	-0.0	1.1421280111084133	0.31271394506466443
GM.5.0.Forkhead.0047	0.42414603607045775	-0.0	-0.0
GM.5.0.Forkhead.0015	11.210717193136047	-0.0	-0.0
GM.5.0.Myb_SANT.0001	-0.0	-0.0	0.20044535353953238
GM.5.0.Homeodomain.0077	0.161035262978755	-0.0	-0.0
GM.5.0.Forkhead.0030	25.12224312798483	-0.0	-0.0
GM.5.0.STAT.0024	0.039294606806660526	-0.0	0.18521246355019907
GM.5.0.C2H2_ZF.0227	1.2851198367846783	-0.0	-0.0
GM.5.0.bZIP.0006	0.7872735265713693	0.03527370336629518	-0.0
GM.5.0.Homeodomain_POU.0009	0.12409803649820586	1.1172736692623018	-0.0
GM.5.0.Homeodomain.0184	-0.0	2.883047635384612	0.8316147176076297
GM.5.0.Unknown.0073	0.2907611353816875	-0.0	0.011430077968641292
GM.5.0.C2H2_ZF.0221	-0.0	1.1859768302796534	-0.0
GM.5.0.Homeodomain.0086	0.14260492908280503	0.862396328917755	-0.0
GM.5.0.Forkhead.0007	36.75689036806208	-0.0	-0.0
GM.5.0.Homeodomain.0052	-0.0	0.10229655205667039	0.702913638957631
GM.5.0.Forkhead.0044	12.584719034130359	-0.0	-0.0
GM.5.0.Unknown.0056	0.08518487261929433	-0.0	0.21179782066824607
GM.5.0.GATA.0030	0.9548883611487241	0.6928299438273517	-0.0
GM.5.0.Unknown.0100	0.2842363797023076	1.887063064566034	-0.0
GM.5.0.C2H2_ZF.0025	0.13443712323133772	0.6460986294441101	-0.0
GM.5.0.Homeodomain.0151	0.05837675865963154	0.9347453488004667	-0.0
GM.5.0.STAT.0019	-0.0	0.2051187832301746	0.027507715267150304
GM.5.0.bZIP.0041	0.434665303387166	-0.0	-0.0
GM.5.0.MADS_box.0013	0.8627378270999275	-0.0	-0.0
GM.5.0.Nuclear_receptor.0058	-0.0	-0.0	0.9962365725435827
GM.5.0.Homeodomain.0129	-0.0	2.943311859149582	-0.0
GM.5.0.Nuclear_receptor.0086	-0.0	-0.0	0.6460986294441101
GM.5.0.Forkhead.0013	25.12224312798483	-0.0	-0.0
GM.5.0.Paired_box.0022	0.3792155629759675	-0.0	-0.0
GM.5.0.bHLH.0072	2.6523501325640857	-0.0	-0.0
GM.5.0.SMAD.0002	0.3546706744093796	2.6523501325640857	-0.0
GM.5.0.ARID_BRIGHT.0002	2.3966027555169376	-0.0	-0.0
GM.5.0.C2H2_ZF.0043	1.0574189330043535	-0.0	-0.0
GM.5.0.Unknown.0050	1.3277875307170688	-0.0	-0.0
GM.5.0.Nuclear_receptor.0025	0.9548883611487241	-0.0	-0.0
GM.5.0.Unknown.0079	-0.0	-0.0	2.318638098798631
GM.5.0.Homeodomain.0045	0.086551673905536	2.0010004688926712	-0.0
GM.5.0.Unknown.0004	-0.0	3.3328438617508516	-0.0
GM.5.0.C2H2_ZF.0229	-0.0	-0.0	0.6378557056976154
GM.5.0.Homeodomain.0107	0.07116455796304044	5.7448314125448245	-0.0
GM.5.0.Homeodomain.0119	-0.0	-0.0	0.3343737249963301
GM.5.0.bZIP.0073	0.029885153717570348	0.5310054913043335	-0.0
GM.5.0.MADS_box.0002	0.411275319780486	-0.0	0.047688448022697505
GM.5.0.C2H2_ZF_Homeodomain.0002	-0.0	-0.0	2.2693517516856447
GM.5.0.Homeodomain.0056	-0.0	-0.0	0.7688077971896947
GM.5.0.Nuclear_receptor.0121	4.204549729045955	-0.0	-0.0
GM.5.0.GATA.0012	-0.0	3.6745529171169533	0.12211152451363981
GM.5.0.bZIP.0003	-0.0	-0.0	2.264528567287293
GM.5.0.SAND.0004	22.639893447038723	-0.0	-0.0
GM.5.0.GATA.0004	-0.0	17.144077406737473	4.232817024765429
GM.5.0.bZIP.0013	-0.0	-0.0	2.8335113878893625
