	z-score cluster_1	z-score cluster_2	z-score cluster_3	cluster_1 % with motif	cluster_2 % with motif	cluster_3 % with motif
GM.5.0.GATA.0013	0.5436749623692541	3.2257477716584115	0.6943446748802876	0.0	0.0	0.0
GM.5.0.Forkhead.0043	2.537399944428169	0.9294121248283684	-0.1528654568866783	0.0	0.0	0.0
GM.5.0.Unknown.0159	0.17882425412273506	-0.40970898114935905	1.9599481306199782	0.0691085003455425	0.0	0.0390625
GM.5.0.Homeodomain.0142	2.981875914466785	0.17509532537976946	-0.4788700786735174	0.0	0.0	0.0
GM.5.0.Unknown.0113	0.4376530237627696	-0.3540627347700827	-0.4787868903611306	0.2073255010366275	0.0	0.3515625
GM.5.0.C2H2_ZF.0188	-0.26525350580987267	0.5122178399432836	-0.07999536235111956	0.0691085003455425	0.0	0.390625
GM.5.0.Unknown.0171	-0.21121298556862095	1.3785197865027825	-0.7094939022363106	0.0	0.0	0.0
GM.5.0.Mixed.0104	-0.6476504645907359	0.6893450499006364	0.6099586874129417	0.414651002073255	0.3115264797507788	0.2734375
GM.5.0.RFX.0016	1.1187359833017545	-0.35794403467535124	-0.27785753810693253	0.0	0.0	0.0
GM.5.0.Homeodomain.0049	-1.6541804025757227	1.2455375623915217	-0.3139431456636768	0.55286800276434	0.3115264797507788	0.3515625
GM.5.0.C2H2_ZF.0076	-0.5390425927534191	1.4383346582531287	0.3827896268629819	0.138217000691085	0.0	0.1953125
GM.5.0.GATA.0016	-2.3735299506532304	0.38251053999294327	-0.29064155558467014	0.0	0.0	0.0
GM.5.0.bHLH.0063	0.26298029906165127	-0.2612395343751999	3.380699965817414	3.1098825155494123	3.115264797507788	3.671875
GM.5.0.Unknown.0128	-1.5797425068684796	-2.049194036844012	0.21146956416496374	0.48375950241879756	0.3115264797507788	0.5859375
GM.5.0.Nuclear_receptor.0139	1.1873269016963708	0.20087861954319908	1.1619756882502155	0.27643400138217	1.2461059190031152	1.3671875
GM.5.0.Unknown.0052	2.7246661232544294	-2.201981530352173	-1.0849686105715515	2.9716655148583278	1.2461059190031152	1.9921874999999998
GM.5.0.C2H2_ZF.0129	0.45059916807562883	1.8553760245232278	0.3119955421144923	0.0	0.0	0.0
GM.5.0.Unknown.0027	0.19278093786619407	1.0374941521465386	2.30886040335927	0.55286800276434	2.1806853582554515	0.5859375
GM.5.0.Nuclear_receptor.0104	0.058777940026084156	-1.0207147520458968	1.8700402235710893	1.5894955079474777	1.557632398753894	1.6015624999999998
GM.5.0.Nuclear_receptor.0072	-1.8556272140250973	0.03366323649400816	3.032670618046439	0.691085003455425	0.6230529595015576	0.390625
GM.5.0.Nuclear_receptor.0042	-0.7186956816534552	3.426509642477347	-0.8828197499513786	0.6219765031098825	2.803738317757009	0.5859375
GM.5.0.Unknown.0099	0.20180178530898654	0.533570468555947	0.16341940295415672	0.0	0.0	0.0
GM.5.0.Rel.0008	-0.03501071576386542	-0.9558659242061508	-0.8512329341948729	0.0	0.0	0.0
GM.5.0.DM.0004	0.6771834986222841	-0.8306450267996701	-1.3073851054942713	0.0	0.0	0.0
GM.5.0.GATA.0027	-0.4077927319936706	3.832774842201505	-1.0472147087515629	0.691085003455425	2.803738317757009	0.7421875
GM.5.0.C2H2_ZF.0280	0.3342891332645141	0.96282656435805	-0.07946008473702366	0.691085003455425	0.9345794392523363	0.6640625
GM.5.0.Unknown.0066	-0.1730367027026459	-1.1889745712436481	-0.8400978380683407	1.3130615065653075	0.6230529595015576	0.8984374999999999
GM.5.0.Unknown.0072	0.5739196035567848	-1.013691875214964	-0.5692638330445312	0.0	0.0	0.0
GM.5.0.C2H2_ZF_Homeodomain.0003	1.6213165572657657	0.35561856450212176	-0.43744533591219625	0.0	0.0	0.0
GM.5.0.Ets.0043	0.30303569853831686	-0.15326049718445162	1.1401439381176885	0.3455425017277125	0.3115264797507788	0.6640625
GM.5.0.CSD.0001	-1.261381937829619	2.0426612954106953	-0.9707887104208894	0.55286800276434	1.2461059190031152	0.703125
GM.5.0.Nuclear_receptor.0125	-2.3358199278744602	0.4170438277465363	0.608300357393524	0.48375950241879756	0.3115264797507788	0.546875
GM.5.0.C2H2_ZF.0302	-0.4668828707825342	-0.2919016058313422	1.1010448174591299	0.3455425017277125	0.6230529595015576	0.6640625
GM.5.0.Myb_SANT.0012	1.1741968115955008	0.25106409534258783	-0.9844582477156311	1.1748445058742225	0.3115264797507788	0.7421875
GM.5.0.Mixed.0007	-1.090870281650546	0.7156136473143251	-0.4039615532931925	0.0	0.0	0.0
GM.5.0.C2H2_ZF.0095	-2.699981746088708	1.7149798313307525	1.2228646467512998	0.414651002073255	1.2461059190031152	0.5078125
GM.5.0.Nuclear_receptor.0051	-1.1893881036114753	-0.32098781604026366	0.965311993714543	0.691085003455425	2.4922118380062304	1.40625
GM.5.0.C2H2_ZF.0093	0.6600948937391287	-1.0755247118183437	-0.8864265011005615	1.0366275051831375	0.9345794392523363	0.78125
GM.5.0.C2H2_ZF.0073	-0.45412248474870115	-0.46007544343774953	0.8119467961632382	0.691085003455425	0.9345794392523363	0.78125
GM.5.0.Nuclear_receptor.0084	0.1826904874147216	2.3363679109344773	1.6344372691286357	0.48375950241879756	2.4922118380062304	0.78125
GM.5.0.C2H2_ZF.0243	0.5349243770688521	-1.1424631906328333	-0.48360256204995455	0.82930200414651	0.0	0.703125
GM.5.0.Nuclear_receptor.0017	-1.1732765389895792	-1.4477857174547542	1.8843483103231518	0.691085003455425	1.2461059190031152	0.5078125
GM.5.0.bHLH.0096	0.38009447581592987	0.5199704967646951	-1.186866190101909	0.7601935038009675	0.9345794392523363	1.1328125
GM.5.0.Mixed.0043	-1.802025378293701	0.015294987944117468	0.2457390061417291	0.27643400138217	3.115264797507788	0.7421875
GM.5.0.C2H2_ZF.0119	1.4345967238611164	0.12118289461299644	1.3162744514857698	0.48375950241879756	0.6230529595015576	1.09375
GM.5.0.bZIP.0075	-0.10887162769289686	-1.4229885345472058	1.4554066071668177	1.520387007601935	1.2461059190031152	1.953125
GM.5.0.C2H2_ZF.0276	0.5295298630458893	2.7076588970710462	0.2040344100911186	0.82930200414651	2.1806853582554515	0.7421875
GM.5.0.Forkhead.0040	0.45836396888717196	1.9022299335843744	1.1220815182721975	0.0	0.0	0.0
GM.5.0.C2H2_ZF.0246	-1.3929914195522173	-2.594756593920283	-0.11558155065065086	0.8984105044920525	1.8691588785046727	1.0546875
GM.5.0.C2H2_ZF.0255	1.8391769501737367	-0.6382900411955479	-1.3170067052764491	1.5894955079474777	1.2461059190031152	1.0546875
GM.5.0.C2H2_ZF.0177	-2.0654216480905574	-0.181428558636052	0.5762399088170714	0.7601935038009675	5.29595015576324	1.2109375
GM.5.0.Nuclear_receptor.0061	-0.4547018370339653	0.4024896972492623	1.9931566214533027	1.38217000691085	0.0	0.703125
GM.5.0.Unknown.0086	-1.0763709920123545	-0.5990459509327289	0.9695830173736851	0.7601935038009675	0.9345794392523363	1.015625
GM.5.0.Homeodomain_POU.0015	-0.3637506664817683	0.35514860572728235	0.7037783978257727	1.243953006219765	0.3115264797507788	1.1328125
GM.5.0.bHLH.0120	-1.9423565106128913	-1.85091797373591	1.4335896318856678	0.8984105044920525	2.803738317757009	2.2265625
GM.5.0.Forkhead.0055	2.8739937482700313	-2.6043160069491624	-2.4854132123593478	1.65860400829302	0.3115264797507788	0.8203125
GM.5.0.SMAD.0009	-0.15319021920627193	1.0127578514923035	1.181827555756251	1.1748445058742225	1.8691588785046727	2.0703125
GM.5.0.C2H2_ZF.0158	-3.3681743848058505	-0.216125784271342	-2.9032402729725724	0.414651002073255	1.2461059190031152	0.9765625
GM.5.0.GATA.0025	0.5641503035782057	0.05733038210766132	0.6875506470383177	0.0	0.0	0.0
GM.5.0.T-box.0022	-1.6168929989008407	-2.463908983083138	0.0015843535020857325	0.691085003455425	0.6230529595015576	0.46875
GM.5.0.C2H2_ZF.0233	0.5712630938634434	1.104675829087338	0.48050298229624977	0.691085003455425	1.2461059190031152	0.546875
GM.5.0.GATA.0028	-1.3046828880071282	-0.5026476267422881	2.0734056816034725	0.3455425017277125	0.9345794392523363	0.1171875
GM.5.0.Mixed.0030	0.5121448950396565	0.39350805516426496	-0.6754962459990826	0.8984105044920525	1.8691588785046727	1.5625
GM.5.0.Mixed.0060	-1.6454961424607104	-0.6963546278051927	1.819384319874609	0.0	0.0	0.0
GM.5.0.Homeodomain.0149	-1.8320491511593924	3.2077902978120933	-1.7023673905168806	0.691085003455425	2.803738317757009	0.5859375
GM.5.0.SMAD.0018	2.527385038988849	0.8151956956557427	-0.8968081532694568	1.520387007601935	1.557632398753894	1.2109375
GM.5.0.C2H2_ZF.0131	1.9084631120897846	-1.110995992046925	-1.1499435343813906	1.243953006219765	0.6230529595015576	0.546875
GM.5.0.C2H2_ZF.0281	-0.2818059485398553	-0.003098581758540829	2.4823375313883758	0.82930200414651	0.0	0.703125
GM.5.0.Zinc_cluster.0001	1.6299023338261955	0.6405696307466001	-0.0260870543825616	1.3130615065653075	1.2461059190031152	0.9765625
GM.5.0.bHLH.0084	0.3662053714622734	1.3018754323785813	-0.03320105165890678	0.55286800276434	0.9345794392523363	0.625
GM.5.0.C2H2_ZF.0161	-1.4726829808191355	-0.18007087822135814	1.6167291322233615	0.7601935038009675	0.6230529595015576	0.7421875
GM.5.0.C2H2_ZF.0047	-0.802868431887099	3.9269498295630796	-0.33254035655468317	0.55286800276434	2.4922118380062304	0.46875
GM.5.0.Unknown.0142	1.380079383378137	0.7093579261196524	-1.4126874029432113	2.626123013130615	2.803738317757009	1.328125
GM.5.0.Nuclear_receptor.0087	-0.166479402358568	0.7403470188475391	2.0201500005382376	0.6219765031098825	0.9345794392523363	1.1328125
GM.5.0.bHLH.0088	0.6428090339628826	-0.18862108944864217	-1.8548342246722587	0.8984105044920525	1.8691588785046727	1.2890625
GM.5.0.Unknown.0120	-0.45813167752950334	-1.5392000574643503	0.09031135746287255	1.10573600552868	0.6230529595015576	1.2109375
GM.5.0.C2H2_ZF.0226	2.6263139051443387	-0.15819936365499024	0.6568066897680026	1.7277125086385625	0.9345794392523363	0.625
GM.5.0.Nuclear_receptor.0114	-0.9255445419356882	0.3131692481909233	3.52054116302914	0.55286800276434	0.9345794392523363	0.703125
GM.5.0.Nuclear_receptor.0081	-2.430201940432556	-3.037469955206458	-0.07912885807986825	0.414651002073255	1.2461059190031152	0.7421875
GM.5.0.C2H2_ZF.0056	0.24034140394407347	0.42552282612065484	-2.5426960952959363	0.0	0.0	0.0
GM.5.0.Unknown.0047	-1.8861203873372105	-1.2802267314667026	1.2159549388252155	0.48375950241879756	0.0	0.8593750000000001
GM.5.0.Unknown.0206	1.0220029453200308	-0.6352717693878225	0.36357120594136205	0.414651002073255	0.0	0.7421875
GM.5.0.Unknown.0123	-1.954308225034952	-1.8345357235630244	2.2068951910108883	0.691085003455425	0.6230529595015576	1.4453125
GM.5.0.T-box.0020	-0.5472231636948071	-0.827405975916561	0.2349428367201348	1.1748445058742225	1.2461059190031152	0.9375
GM.5.0.C2H2_ZF.0101	-0.3841549393439369	-0.3564034044465499	0.8184490681020871	0.0	0.0	0.0
GM.5.0.Nuclear_receptor.0120	-2.838404469929048	-1.4980540485288927	1.0979558244872154	0.55286800276434	0.6230529595015576	0.6640625
GM.5.0.Mixed.0052	-0.16663784913317997	0.2157672526504804	1.5091995597593604	1.10573600552868	2.4922118380062304	1.3671875
GM.5.0.GATA.0021	0.936420353594584	0.4541530642747817	-0.03337187247457581	0.691085003455425	0.6230529595015576	1.0546875
GM.5.0.SMAD.0001	0.7216067115339635	0.28392324357941173	1.1166437017048774	0.0	0.0	0.0
GM.5.0.Unknown.0116	-0.4182086299874326	0.7001322918199121	-0.025070209776674904	0.55286800276434	1.8691588785046727	0.46875
GM.5.0.T-box.0012	-0.7141253038683294	0.059627635824725266	0.5839480816163368	0.691085003455425	0.6230529595015576	1.015625
GM.5.0.TEA.0002	-0.5405523071002968	-1.7483576344186202	-1.9255510354053451	1.4512785072563925	1.2461059190031152	1.2109375
GM.5.0.Unknown.0169	0.6911905821366339	1.29665080790969	-0.7734984712729089	0.9675190048375951	0.9345794392523363	0.8984374999999999
GM.5.0.Homeodomain.0161	-0.6039005480433007	-0.44483518407788997	-0.685944683746634	0.8984105044920525	0.3115264797507788	1.09375
GM.5.0.C2H2_ZF.0107	-0.895553139931548	-1.2667491210782864	3.2320195814282147	0.138217000691085	0.6230529595015576	0.9375
GM.5.0.Prospero.0001	0.683536999263478	-0.6212668252332629	1.1907658136964614	1.65860400829302	0.0	1.0546875
GM.5.0.Mixed.0035	0.5429962180732493	0.9593231109824548	0.7937787976161688	0.0	0.0	0.0
GM.5.0.SAND.0006	0.5194917272242163	0.5616257794870684	-0.4629179882002181	0.8984105044920525	0.3115264797507788	0.8984374999999999
GM.5.0.STAT.0014	1.9070628509775331	0.14093789348754918	0.2877270597288665	1.10573600552868	0.0	0.8984374999999999
GM.5.0.Unknown.0155	0.3156720479740739	0.10257824044073273	1.546956318856152	0.7601935038009675	0.9345794392523363	0.7421875
GM.5.0.C2H2_ZF.0282	-1.8912681748705764	0.5694472460290209	-0.18216789087905377	0.48375950241879756	0.6230529595015576	0.5859375
GM.5.0.Mixed.0015	0.6492726135349037	-1.0586597369352284	-1.1855473823609735	1.0366275051831375	1.2461059190031152	0.7421875
GM.5.0.C2H2_ZF.0235	0.053404749262957955	1.551269506263007	-1.128815845891657	0.414651002073255	2.1806853582554515	1.0546875
GM.5.0.Runt.0006	0.7386193520340997	0.33050682336825604	-0.8802618835825722	1.3130615065653075	1.557632398753894	1.171875
GM.5.0.C2H2_ZF.0077	0.7133345156466473	-0.4869537309533856	0.13807131475334564	0.8984105044920525	0.0	0.9375
GM.5.0.Unknown.0049	-1.9006334275621852	-1.1543507947449307	1.6702680510873402	0.55286800276434	0.3115264797507788	0.9765625
GM.5.0.Homeodomain.0196	1.3636891561216176	0.20184968941258002	0.9661844768409299	0.0	0.0	0.0
GM.5.0.Mixed.0032	-2.074675790896635	0.6188085334832838	0.6936959131069903	0.6219765031098825	0.6230529595015576	0.8984374999999999
GM.5.0.bHLH.0055	0.33437486243703657	0.5074501364891605	-0.4097796717274047	0.82930200414651	2.1806853582554515	0.8593750000000001
GM.5.0.Unknown.0107	1.1521308948492868	-0.10350897925813937	0.2222532337208131	0.82930200414651	1.557632398753894	1.2109375
GM.5.0.bHLH.0115	1.2163530882342444	-0.5992772518761111	-1.3343462097431877	4.561161022805805	3.115264797507788	3.4375000000000004
GM.5.0.bHLH.0083	0.5331249187198169	0.5924325767783606	0.581996675502043	0.82930200414651	2.4922118380062304	1.25
GM.5.0.bHLH.0054	0.23130383622807368	1.8156423896269362	-0.43917558610776447	1.10573600552868	0.0	0.8203125
GM.5.0.Unknown.0022	0.283559846507495	1.045295050965957	1.7700660814948512	0.55286800276434	0.6230529595015576	0.8984374999999999
GM.5.0.Mixed.0031	0.8849853677647825	-1.0555709641571085	-0.8508321680893639	0.7601935038009675	0.6230529595015576	0.5859375
GM.5.0.T-box.0010	-1.3326618245993642	-0.7327765051032834	2.2427909042280993	0.2073255010366275	0.9345794392523363	0.8593750000000001
GM.5.0.Ets.0032	-1.4506078802752773	-1.309940651293183	0.9845784218747269	1.243953006219765	0.6230529595015576	1.0546875
GM.5.0.Unknown.0105	-0.9488005755956119	-0.031397662025918115	0.694995431461008	0.7601935038009675	1.2461059190031152	0.8593750000000001
GM.5.0.Unknown.0173	1.2678716805510526	-0.9632042209580953	-0.25293987434955806	0.8984105044920525	0.9345794392523363	0.546875
GM.5.0.Homeodomain_POU.0014	-0.06891999577133236	0.5922683296610396	-1.8640547884666971	0.7601935038009675	0.0	0.78125
GM.5.0.CUT_Homeodomain.0006	0.10142492620126121	0.4664861483661433	-1.8250056160337198	1.243953006219765	0.6230529595015576	1.015625
GM.5.0.Ets.0029	-1.9059019321994644	-1.107178078194312	1.3976133346057382	1.10573600552868	1.8691588785046727	1.6015624999999998
GM.5.0.Grainyhead.0007	-1.4401808460453076	3.6783774469863926	-0.3163662539909146	0.7601935038009675	4.361370716510903	1.40625
GM.5.0.Homeodomain.0159	1.70395295126491	1.2333722413009398	0.5883299886498962	0.0	0.0	0.0
GM.5.0.Homeodomain.0172	-0.2782271136541241	-2.2132747463228544	0.05821671975582464	0.6219765031098825	0.9345794392523363	1.0546875
GM.5.0.Unknown.0082	0.5715622574493431	-0.07075493395173879	-1.137364389073132	1.0366275051831375	2.1806853582554515	1.7968749999999998
GM.5.0.SAND.0003	-0.19843935354153242	-0.38834455975382354	0.4909152987573468	0.414651002073255	0.9345794392523363	0.9765625
GM.5.0.Unknown.0141	-0.7677934836563001	-0.1842643394394004	1.1130522077520493	0.0	0.0	0.0
GM.5.0.C2H2_ZF.0219	0.7710557539072248	0.8379436655484696	-0.9058101837338989	0.9675190048375951	1.2461059190031152	0.9375
GM.5.0.STAT.0025	1.9425987649230017	-0.4268082965424855	0.7369070713155491	1.3130615065653075	0.3115264797507788	0.625
GM.5.0.C2H2_ZF.0277	0.6630053275633272	0.19442744757120908	1.6340664211645672	0.6219765031098825	0.3115264797507788	1.0546875
GM.5.0.bZIP.0080	2.57956645207006	-2.525262273908633	-2.9897689338256757	1.243953006219765	1.2461059190031152	0.6640625
GM.5.0.Unknown.0042	-1.1127380367256254	-0.9527651421282975	-3.2701050483462266	0.691085003455425	0.6230529595015576	0.78125
GM.5.0.p53.0010	-0.2646266772345757	0.12385798751972976	0.37277810436733977	1.243953006219765	1.8691588785046727	1.484375
GM.5.0.SMAD.0014	-0.2612058730043225	-0.022929781948475676	-2.546159784143009	1.10573600552868	0.9345794392523363	1.0546875
GM.5.0.C2H2_ZF.0030	-0.2381183324879352	0.5737148849772991	1.6371134751626797	0.9675190048375951	0.0	0.8203125
GM.5.0.Nuclear_receptor.0118	-0.838548440744791	0.02348801529971966	1.1939431675619698	0.414651002073255	0.0	0.625
GM.5.0.Mixed.0042	-0.3731525591393956	2.656395220519456	0.22783346192164672	1.38217000691085	3.115264797507788	1.4453125
GM.5.0.Unknown.0059	-0.3115908766065243	-0.9767093025093248	-2.0955607352453596	0.9675190048375951	0.9345794392523363	1.40625
GM.5.0.RFX.0007	-0.21581689994744713	1.4268217098835192	0.4107899134845978	0.48375950241879756	0.3115264797507788	1.09375
GM.5.0.Unknown.0005	-0.3164140572229421	0.9185481385944889	1.5835013989397466	0.7601935038009675	0.6230529595015576	0.9765625
GM.5.0.C2H2_ZF.0303	1.2211084946256365	-0.09936805132298152	0.997882038657246	0.7601935038009675	0.9345794392523363	1.171875
GM.5.0.Unknown.0129	-0.15998779521114617	0.09613343051762424	0.21346904991903182	1.243953006219765	1.2461059190031152	0.9375
GM.5.0.Homeodomain.0097	-0.7305935186819839	1.1582429787372606	1.2510139113004468	1.0366275051831375	1.8691588785046727	0.8593750000000001
GM.5.0.STAT.0016	0.7521092518780741	-0.5832924811158616	0.10925239407593872	0.8984105044920525	0.0	0.9375
GM.5.0.HSF.0006	0.07134979778871728	-0.9838055960868702	-1.3316713111465226	0.82930200414651	1.557632398753894	0.8984374999999999
GM.5.0.bHLH.0075	1.3340511629824072	1.6223658598989474	0.5564694961299053	1.8659295093296473	4.049844236760125	1.9921874999999998
GM.5.0.bZIP.0031	-1.3197310335320342	-0.24770725627122533	0.2341319921047233	0.48375950241879756	1.2461059190031152	0.78125
GM.5.0.C2H2_ZF.0230	-0.3825814302299803	-0.43631351528507994	-0.216206270725761	1.4512785072563925	0.6230529595015576	1.09375
GM.5.0.C2H2_ZF.0191	-1.0718072178510618	0.028599873950784078	0.5430615797904412	0.3455425017277125	0.9345794392523363	0.42968750000000006
GM.5.0.Mixed.0065	-0.21679738729936684	-1.551079418502982	-1.486145119822752	0.55286800276434	0.9345794392523363	1.0546875
GM.5.0.C2H2_ZF.0038	-2.4893572143474847	-1.2835798374257377	2.9415034433935463	0.3455425017277125	0.3115264797507788	0.78125
GM.5.0.Nuclear_receptor.0083	-0.5349215932592227	1.1186187563877381	1.3670606578697013	0.3455425017277125	0.9345794392523363	0.8593750000000001
GM.5.0.bHLH.0093	-0.26480445471665115	-1.0751106032728794	0.988432908845686	1.10573600552868	1.2461059190031152	0.625
GM.5.0.C2H2_ZF.0257	-0.10447404224388016	-0.05917283269187657	0.7658752380224995	1.10573600552868	1.2461059190031152	1.1328125
GM.5.0.Unknown.0054	-0.6713933616681844	-0.4478878833861465	0.23228028363066525	0.0	0.0	0.0
GM.5.0.bHLH.0079	0.8076262205891265	-0.804486049531521	-0.07621315534504121	0.8984105044920525	0.9345794392523363	1.5234375
GM.5.0.C2H2_ZF.0181	-0.29075387277530834	-0.5320305730680986	0.9870611669231227	0.7601935038009675	0.6230529595015576	1.328125
GM.5.0.Ets.0028	-0.5945552187405818	3.213114932227406	1.3795000934340165	2.073255010366275	3.7383177570093453	1.171875
GM.5.0.p53.0009	-1.1072227476363625	-1.8866808558456847	0.16547449382686935	0.6219765031098825	0.6230529595015576	1.1328125
GM.5.0.T-box.0019	0.35412866363893175	-0.2987408868446763	0.23432424155346931	1.10573600552868	1.2461059190031152	1.25
GM.5.0.Unknown.0126	0.21330785622929868	-2.679472297247335	-2.2723018029189297	1.3130615065653075	1.8691588785046727	1.484375
GM.5.0.C2H2_ZF.0125	-2.547569842471454	-1.7219887374224725	2.81236958970811	1.520387007601935	1.8691588785046727	2.890625
GM.5.0.bZIP.0021	0.46528155367933055	-0.8352238118176323	0.2722216627107753	1.10573600552868	0.3115264797507788	1.2109375
GM.5.0.Sox.0020	0.029547093521622894	0.3293418281456132	-3.0064500411249497	1.10573600552868	0.6230529595015576	0.7421875
GM.5.0.C2H2_ZF.0132	0.49507310513191916	0.9877973280853448	-0.8369353516869004	1.0366275051831375	1.2461059190031152	0.625
GM.5.0.RFX.0014	-1.3199935065186106	-0.6476070563092254	1.3209270368374084	1.5894955079474777	0.9345794392523363	2.1484375
GM.5.0.Homeodomain.0132	-1.6963421972826016	-0.3486153867126531	-0.3525642859806974	0.8984105044920525	0.0	0.9375
GM.5.0.C2H2_ZF.0186	2.2754199964632695	0.5754108110610379	-0.2242413111658154	0.0	0.0	0.0
GM.5.0.Unknown.0092	-0.823035859609709	-1.7644842049362923	-0.04059371958494376	0.82930200414651	0.9345794392523363	1.015625
GM.5.0.C2H2_ZF.0126	-2.395846669452861	-0.11564124124558474	-1.7288805511185505	0.414651002073255	1.2461059190031152	0.5859375
GM.5.0.Homeodomain_Paired_box.0004	-1.7179905825694846	-3.437043319727941	-1.2780945842251863	0.0	0.0	0.0
GM.5.0.Nuclear_receptor.0090	-1.7484569424248741	0.1275962099596436	0.45809467627604883	0.0	0.0	0.0
GM.5.0.C2H2_ZF.0084	-0.35751209205183776	0.9580871410629377	-0.40363791651289016	0.48375950241879756	0.9345794392523363	0.8984374999999999
GM.5.0.Mixed.0056	0.4548888331391379	-0.7851098598308208	-0.5299093031979912	1.1748445058742225	1.2461059190031152	1.1328125
GM.5.0.Grainyhead.0006	-0.8445102380329031	0.47416556531201776	1.2509840674729156	1.5894955079474777	1.557632398753894	1.5625
GM.5.0.C2H2_ZF.0034	1.0162878799898627	0.6420214774087984	0.48158361165055436	0.7601935038009675	2.1806853582554515	0.9765625
GM.5.0.C2H2_ZF.0080	-0.864834225477346	-1.986746772986515	0.27968697608474163	0.9675190048375951	0.6230529595015576	1.25
GM.5.0.Ets.0023	-1.8191649837755208	-0.7617516292674864	1.8411902307924792	0.48375950241879756	1.557632398753894	1.171875
GM.5.0.Nuclear_receptor.0115	-0.33985887652875285	-1.3986103217124801	0.8349832903309081	0.82930200414651	0.3115264797507788	0.8593750000000001
GM.5.0.Mixed.0091	0.5696963614972139	0.7063803116437102	0.8659542071613382	0.0	0.0	0.0
GM.5.0.bHLH.0105	-0.29808090918196845	-0.8182696305154791	0.7280503102818924	0.82930200414651	0.9345794392523363	1.6796875
GM.5.0.Unknown.0012	-1.2539828353394802	-1.3702347571875275	0.0012788836546491805	0.691085003455425	2.1806853582554515	1.171875
GM.5.0.Unknown.0121	0.818164406141247	-2.178004440086792	-1.6026369727616283	12.992398064961991	11.838006230529595	11.796875
GM.5.0.MADS_box.0009	-0.766944496565492	2.9032677203899357	0.3898414534207848	0.82930200414651	2.1806853582554515	1.015625
GM.5.0.Nuclear_receptor.0119	-1.6751279752461663	0.4594475890101502	0.05545360989462629	0.8984105044920525	0.6230529595015576	0.703125
GM.5.0.TBP.0006	0.11182198177091836	2.463692931197326	0.3936593559043529	0.9675190048375951	1.8691588785046727	1.0546875
GM.5.0.Unknown.0115	-1.4574336005595914	1.449516809789561	1.4838602099601585	0.0	0.0	0.0
GM.5.0.Mixed.0050	1.323701572122482	-2.9994087653822668	-1.659651674168971	1.4512785072563925	0.9345794392523363	0.8984374999999999
GM.5.0.GATA.0018	-0.9153672242335191	0.7270220591032514	1.002782952534605	1.243953006219765	1.2461059190031152	1.171875
GM.5.0.STAT.0015	0.28636392823137735	-0.5762682718472705	-1.5956148632245652	1.38217000691085	0.9345794392523363	1.328125
GM.5.0.Forkhead.0058	-0.09337096814126433	0.9804456272157016	-0.9545416146805141	0.8984105044920525	1.2461059190031152	0.8984374999999999
GM.5.0.Nuclear_receptor.0148	-2.7296206852872427	0.9194003449820891	1.5589554216196808	0.0	0.0	0.0
GM.5.0.Nuclear_receptor.0137	-0.3198873289507994	0.002742797249680989	1.5456701409217144	0.7601935038009675	0.9345794392523363	0.7421875
GM.5.0.Nuclear_receptor.0135	0.26440328455242934	0.16394813372621939	0.4903875609208431	0.55286800276434	0.9345794392523363	0.8203125
GM.5.0.Homeodomain_POU.0011	-1.7854023186106731	0.11537659652663633	0.04627922771639447	1.5894955079474777	0.9345794392523363	1.09375
GM.5.0.C2H2_ZF.0012	1.1949960183934005	0.7577469080618874	-1.8741614012578534	2.1423635107118177	2.4922118380062304	1.9140625000000002
GM.5.0.Homeodomain.0108	-1.259236191252035	2.6541094183624234	1.2648658311638703	1.3130615065653075	3.4267912772585665	1.4453125
GM.5.0.bZIP.0060	-0.15370285450020704	1.5332927593132204	0.12102111882834209	0.691085003455425	1.2461059190031152	0.8203125
GM.5.0.C2H2_ZF.0307	-0.4063528373156829	-0.33014514845908893	-0.07572972674868313	0.414651002073255	0.3115264797507788	0.625
GM.5.0.C2H2_ZF.0240	2.059404902767677	-0.30173925551279324	-1.9803416906070557	1.9350380096751902	0.6230529595015576	1.09375
GM.5.0.C2H2_ZF.0260	0.42943452959023276	1.1692576085889959	-1.2678792495278284	1.1748445058742225	1.8691588785046727	0.9375
GM.5.0.SAND.0008	-2.258123869408171	-1.5508524368444327	-0.0770697890468945	0.6219765031098825	0.9345794392523363	0.8203125
GM.5.0.Nuclear_receptor.0088	-2.436936143647477	-1.3570794825374035	1.782843511792609	0.2073255010366275	0.3115264797507788	0.5859375
GM.5.0.bHLH.0019	0.7303756230730823	-0.798745995727026	-1.5026008750175701	1.65860400829302	2.1806853582554515	1.640625
GM.5.0.Unknown.0089	0.028776731030441344	1.4896812215206674	-0.6825939141190509	2.626123013130615	11.214953271028037	3.9843749999999996
GM.5.0.C2H2_ZF.0274	0.7713141664148359	1.9800953613962773	-0.09040219058466406	1.0366275051831375	3.115264797507788	1.484375
GM.5.0.C2H2_ZF.0218	-0.11113480427165351	0.9319221029166558	-0.0010014410237788923	0.0	0.0	0.0
GM.5.0.C2H2_ZF.0293	0.20293038984365974	1.6783070855131825	1.3840432308100064	0.6219765031098825	0.3115264797507788	0.8203125
GM.5.0.bHLH.0089	-2.8455980970757215	-4.259616816278598	0.5840628906803068	0.0	0.0	0.0
GM.5.0.Mixed.0047	-1.906305010865426	-1.5244334831762139	-0.2649987991518994	0.0	0.0	0.0
GM.5.0.C2H2_ZF.0203	-0.7154197797037021	-0.5759736761629466	0.17513787889601104	0.0	0.0	0.0
GM.5.0.Unknown.0185	2.289489464164043	0.1259664482767659	-2.0532440756734007	1.5894955079474777	0.3115264797507788	0.6640625
GM.5.0.bZIP.0094	1.0620599568958353	0.3991777517098144	1.2930192380856262	0.691085003455425	0.3115264797507788	1.2109375
GM.5.0.Unknown.0062	1.1357035616419886	0.45738791503520404	0.5008437813791399	0.691085003455425	1.8691588785046727	0.546875
GM.5.0.Unknown.0193	-0.46670624712416026	1.4364291374498532	0.7252704722919466	0.82930200414651	1.557632398753894	0.7421875
GM.5.0.Mixed.0061	0.12353072947469486	-0.48443842581486335	-0.5304898253760586	1.1748445058742225	0.0	1.09375
GM.5.0.SAND.0002	2.3203083212748865	-0.4391309753896368	-1.8875123446403295	1.7277125086385625	0.6230529595015576	1.171875
GM.5.0.Mixed.0053	2.563765983343225	-0.789647364758651	-1.0700418826680504	3.3863165169315828	2.1806853582554515	1.484375
GM.5.0.Homeodomain.0125	-0.6552486753385686	3.0162344854597296	-1.1535008578485024	1.3130615065653075	2.1806853582554515	0.78125
GM.5.0.C2H2_ZF.0283	-0.2402025973493086	-0.7335762971212335	0.9292676537088648	1.3130615065653075	1.557632398753894	0.8984374999999999
GM.5.0.C2H2_ZF.0094	-0.7416853175954772	-0.653695853138432	-1.6114206570902783	1.10573600552868	1.2461059190031152	1.1328125
GM.5.0.E2F.0015	0.339770790243871	1.341843237438813	-0.250447378353492	0.7601935038009675	1.2461059190031152	1.09375
GM.5.0.C2H2_ZF.0159	1.4861205257781287	-0.33115967829732457	-0.7271197693267504	0.0	0.0	0.0
GM.5.0.Myb_SANT.0006	0.3510542003374097	1.4368891237231807	2.1190980968168365	0.691085003455425	0.0	0.6640625
GM.5.0.Unknown.0138	-0.9907896993033739	0.9892602515680805	0.6514442809637828	0.9675190048375951	1.557632398753894	0.8984374999999999
GM.5.0.CxxC.0001	0.973304885913679	-0.8048913146224418	-4.072058488460709	1.520387007601935	2.4922118380062304	1.4453125
GM.5.0.E2F.0012	1.9720635758651388	0.4816171885288613	-2.6280799067444334	0.8984105044920525	0.9345794392523363	0.546875
GM.5.0.Unknown.0200	0.6655920311091923	-1.6564911367303985	-1.203196727782418	0.691085003455425	1.2461059190031152	0.8593750000000001
GM.5.0.Nuclear_receptor.0049	-3.327509574780839	-1.8232965448788292	1.3669884682842068	0.0	0.0	0.0
GM.5.0.Nuclear_receptor.0100	-0.8123659900070072	-2.3291777412386843	-2.401648526401429	0.55286800276434	2.1806853582554515	1.2109375
GM.5.0.Unknown.0176	1.0331174678033581	-0.12975508625829082	-0.5527263291714868	0.0	0.0	0.0
GM.5.0.Unknown.0103	-1.6665073849825343	-0.752825506274292	0.028903017391046018	1.243953006219765	2.4922118380062304	1.875
GM.5.0.Mixed.0084	1.7824351181389073	0.3090776981444152	-0.5663562677313303	0.2073255010366275	0.6230529595015576	0.42968750000000006
GM.5.0.Homeodomain.0194	-1.6394896617629757	0.9294667711075648	1.0201304321277753	1.1748445058742225	1.557632398753894	0.8984374999999999
GM.5.0.Nuclear_receptor.0085	-0.7011750972409473	-0.43039990861328653	1.3532832739044567	1.520387007601935	1.2461059190031152	1.0546875
GM.5.0.C2H2_ZF.0225	-0.8926056903254408	-1.4640218647469148	0.38359174638081184	1.243953006219765	2.1806853582554515	0.8984374999999999
GM.5.0.C2H2_ZF.0134	-1.5159211120187395	-1.7220759464831574	0.4822933737927972	1.4512785072563925	1.557632398753894	1.015625
GM.5.0.bHLH.0070	-0.4169565812381414	0.03207831372126187	1.3179734887391237	0.82930200414651	0.9345794392523363	1.2890625
GM.5.0.Nuclear_receptor.0133	-0.44508601327122854	1.7088977195095925	0.04618832056801645	0.82930200414651	2.1806853582554515	1.328125
GM.5.0.Homeodomain.0082	0.08149924010025512	-3.8499703246892487	-2.821370588424605	0.8984105044920525	1.2461059190031152	0.9375
GM.5.0.Mixed.0024	0.5702225517437584	1.2292307732364323	-0.4897912096863606	1.65860400829302	1.8691588785046727	1.25
GM.5.0.bHLH.0078	-0.5858252617883845	-1.0722362328513952	0.6924455795011591	0.691085003455425	0.3115264797507788	1.171875
GM.5.0.Nuclear_receptor.0041	-1.153399029417995	-0.005248445706252783	1.576174130445696	0.3455425017277125	1.8691588785046727	0.9375
GM.5.0.Mixed.0034	0.7189828343172544	1.3766708780930497	-0.10828377025631404	0.55286800276434	1.557632398753894	0.546875
GM.5.0.Homeodomain_POU.0002	-2.671389243437908	-0.5356371579490391	-2.7877379909276137	0.9675190048375951	0.6230529595015576	0.5859375
GM.5.0.Myb_SANT.0016	0.2542112542737427	0.4263841556971438	-1.8112576129634415	1.8659295093296473	1.8691588785046727	2.1875
GM.5.0.Rel.0021	0.7234763300598673	-0.3053231441938238	-0.19250366600506308	2.0041465100207327	1.557632398753894	1.8359375
GM.5.0.Homeodomain.0164	-0.7517926373363562	-0.17894741487562044	0.48159916428016103	1.1748445058742225	0.6230529595015576	0.9765625
GM.5.0.C2H2_ZF.0170	1.9460277629759821	-0.8877821781034437	-3.816015008821683	1.4512785072563925	0.0	0.78125
GM.5.0.bHLH.0122	0.15143480181415167	-1.3813625093562343	-1.022783123259894	0.0	0.0	0.0
GM.5.0.Homeodomain.0148	-0.7252495146951847	2.9870495896601916	0.8531198248965666	0.0	0.0	0.0
GM.5.0.C2H2_ZF.0194	-1.8119573468616441	-1.2748250008200421	-0.5653637777076653	1.10573600552868	1.2461059190031152	0.8203125
GM.5.0.C2H2_ZF.0031	-0.03265218384458906	1.7225556069552517	1.6300961242419034	0.8984105044920525	1.8691588785046727	1.0546875
GM.5.0.Unknown.0165	-0.9508823340549224	-2.452212099101614	2.8973255146381502	2.626123013130615	1.8691588785046727	3.7890624999999996
GM.5.0.C2H2_ZF.0206	1.2777241428589363	1.0918262994542554	-0.05503321611526938	0.55286800276434	1.2461059190031152	0.6640625
GM.5.0.AT_hook.0003	0.6067764506818784	-0.14497694022244612	-0.3025378208412957	0.0	0.0	0.0
GM.5.0.bZIP.0061	1.335897722076726	0.902714517595993	-0.012963946842460305	2.073255010366275	0.9345794392523363	1.328125
GM.5.0.C2H2_ZF.0046	-1.566289246541981	0.4657982160675749	0.6795143198642942	1.0366275051831375	1.2461059190031152	1.171875
GM.5.0.Mixed.0055	0.7630403862174647	0.3684467320584172	1.3485197226690098	0.6219765031098825	1.8691588785046727	1.3671875
GM.5.0.Rel.0007	-0.34021697169577103	-2.242884737100323	-2.3139193632145325	1.243953006219765	1.2461059190031152	1.25
GM.5.0.Nuclear_receptor.0079	-0.6159907332940686	1.0100836624260445	-1.773983938306922	0.82930200414651	0.9345794392523363	1.171875
GM.5.0.bHLH.0119	0.9318153182208886	1.6418479962438055	-0.26832571990623777	0.8984105044920525	1.557632398753894	0.78125
GM.5.0.bZIP.0034	-0.7201252217840172	-1.092809259191286	0.5989545239159534	0.82930200414651	0.9345794392523363	1.09375
GM.5.0.TEA.0006	-0.14194538686914043	0.40452517507619395	-1.2811624524683798	0.9675190048375951	0.3115264797507788	0.9375
GM.5.0.Unknown.0127	2.4672462017662626	-0.5087938455823648	0.18257661808145353	1.520387007601935	0.3115264797507788	0.8203125
GM.5.0.Nuclear_receptor.0099	-1.8353763515630497	0.09136465555960158	1.1256602255924095	0.7601935038009675	0.3115264797507788	0.9765625
GM.5.0.Ets.0038	-1.9469676444166903	-2.6924364270404566	0.27046357291784445	1.10573600552868	0.6230529595015576	1.2109375
GM.5.0.Homeodomain.0192	0.43089253035461544	0.7133596230166068	-1.8066072198917307	0.0	0.0	0.0
GM.5.0.Mixed.0100	-0.9367711334689303	0.9096621691547542	-0.23747436233018582	0.8984105044920525	0.9345794392523363	0.7421875
GM.5.0.bZIP.0065	-0.8750366803496742	1.1202562374896936	-1.106497590969405	1.796821008984105	1.8691588785046727	1.7968749999999998
GM.5.0.C2H2_ZF.0266	0.9543367442023462	0.6015971373498727	0.17489121353975567	0.7601935038009675	1.8691588785046727	1.40625
GM.5.0.Forkhead.0057	-1.3062759533584702	-0.6434539038893365	0.6017217987387318	0.7601935038009675	0.0	0.9375
GM.5.0.RFX.0011	-1.1103386084285645	-1.5300917311734505	-3.1183790307936032	1.1748445058742225	0.9345794392523363	1.40625
GM.5.0.Mixed.0062	-0.6434137631683796	-1.3204884067572906	-1.5025485366880094	1.4512785072563925	0.6230529595015576	1.328125
GM.5.0.IRF.0003	-0.5468538282481998	-1.8967499935682	-2.455572411907366	0.0	0.0	0.0
GM.5.0.Paired_box.0002	-0.5979266025678079	0.1345652249366866	-0.6555761039060962	1.0366275051831375	1.2461059190031152	1.2890625
GM.5.0.Nuclear_receptor.0117	-1.4841003151469918	1.1446778942635893	0.42846675335331136	0.0	0.0	0.0
GM.5.0.GATA.0020	-0.44107797252568776	-0.5100340327243378	1.6568076048341012	1.243953006219765	1.557632398753894	1.640625
GM.5.0.Pipsqueak.0001	0.17533635351787347	-0.7414025622779051	-1.250751750459402	0.0	0.0	0.0
GM.5.0.bZIP.0086	-2.2864702988459875	-2.6454715098833352	-0.4878499963524962	0.82930200414651	1.2461059190031152	1.0546875
GM.5.0.Mixed.0103	1.0850797630965088	-0.07680845555583034	-0.28196452567209046	1.4512785072563925	0.3115264797507788	1.1328125
GM.5.0.C2H2_ZF.0069	3.0510957414166326	-0.42644626736018487	-1.8766525987500329	1.7277125086385625	0.6230529595015576	1.2890625
GM.5.0.Unknown.0077	-0.23721434669575198	1.6769956703752997	-1.440662169694669	0.0	0.0	0.0
GM.5.0.Sox.0017	-0.272407077453228	0.7850105346881275	-0.395206087306863	2.7643400138217	2.1806853582554515	1.2890625
GM.5.0.Myb_SANT.0010	0.3830001210838496	0.26447997096501574	-0.7326820037245289	0.0	0.0	0.0
GM.5.0.C2H2_ZF.0216	-1.093025018129795	0.9188952582970639	0.9555476919564682	0.82930200414651	1.557632398753894	1.0546875
GM.5.0.Unknown.0134	-0.7772663909276294	0.7664055829940912	0.6030333748826018	1.10573600552868	0.6230529595015576	0.78125
GM.5.0.Forkhead.0011	3.8842620394203338	-1.329348254194216	-1.5313955086477637	1.8659295093296473	0.0	0.703125
GM.5.0.STAT.0002	-0.33633342007860917	-2.2184320226442176	-1.0879111764346527	1.1748445058742225	0.9345794392523363	1.484375
GM.5.0.p53.0011	0.3449784497614109	0.6642453268905094	1.2839081787896613	1.0366275051831375	1.557632398753894	1.6796875
GM.5.0.Homeodomain.0201	-0.745124722205399	3.6238039022417134	0.5424672658075546	0.55286800276434	3.115264797507788	0.8203125
GM.5.0.Nuclear_receptor.0132	-1.4707570326908583	0.6663243926273976	0.180737451383378	0.55286800276434	0.9345794392523363	0.9765625
GM.5.0.bZIP.0067	0.44803439805058926	-0.3447170915703028	-0.12780799491714648	1.38217000691085	0.9345794392523363	0.9375
GM.5.0.bHLH.0109	-0.5124282103195127	-0.6798841267667931	-0.3564788433017506	0.55286800276434	1.8691588785046727	1.484375
GM.5.0.Forkhead.0031	-0.21434794742651012	-0.046469657793996144	0.2774403542274975	1.243953006219765	1.8691588785046727	1.2109375
GM.5.0.C2H2_ZF.0301	0.6468542022101343	1.286059372591323	-0.4664465092018755	1.0366275051831375	1.2461059190031152	1.0546875
GM.5.0.C2H2_ZF.0039	0.2176439175565218	-0.9180772094018639	-0.6307206134184007	0.82930200414651	1.557632398753894	0.8203125
GM.5.0.C2H2_ZF.0209	0.4840563837010127	-0.8294129024293669	-0.2521374145254288	1.0366275051831375	0.6230529595015576	1.2890625
GM.5.0.Unknown.0040	-2.0536751796390966	-0.23203402949655014	-1.2307226481140725	1.10573600552868	0.3115264797507788	1.2890625
GM.5.0.Rel.0024	0.09353863590716983	-1.2381077633585436	-1.8419457995184543	1.0366275051831375	0.3115264797507788	0.703125
GM.5.0.C2H2_ZF.0008	0.7610899648052275	-0.36774036198909826	1.5515760893244548	0.0	0.0	0.0
GM.5.0.Nuclear_receptor.0050	-1.3104589980782422	-1.1963810588560655	3.0426381296109115	0.691085003455425	0.3115264797507788	1.25
GM.5.0.C2H2_ZF.0064	-2.55196584267263	-2.001863552510014	2.030968928178391	0.55286800276434	1.557632398753894	0.8203125
GM.5.0.Homeodomain.0195	-0.3819230095812325	-0.3273125711518789	1.497042707397706	1.38217000691085	0.9345794392523363	1.2890625
GM.5.0.Sox.0021	0.4590503495863104	2.3832285899244483	0.4534964519000557	0.0	0.0	0.0
GM.5.0.Nuclear_receptor.0016	-1.7836836778652352	-1.1148088032965484	2.7982677655516235	0.82930200414651	0.9345794392523363	1.25
GM.5.0.Unknown.0014	-1.594070005220316	0.5654396281864595	0.3689121534606633	1.10573600552868	1.557632398753894	1.3671875
GM.5.0.C2H2_ZF.0273	-0.8952914584410604	-0.7226308737755941	1.1069036518810218	1.10573600552868	0.3115264797507788	0.9765625
GM.5.0.SAND.0007	-0.9763105092125325	-0.38323122116568165	-0.8096192649935354	0.691085003455425	0.9345794392523363	0.5859375
GM.5.0.GATA.0019	-0.6977776776378778	-0.0971413259756351	-1.0891900711564715	0.6219765031098825	0.3115264797507788	0.703125
GM.5.0.C2H2_ZF.0114	-1.7288777500283519	2.385153776045711	0.04783780597973584	0.691085003455425	2.1806853582554515	0.703125
GM.5.0.HSF.0002	-0.49253510648870735	-0.6911494029762716	1.5317269167927703	2.073255010366275	1.557632398753894	1.7578125
GM.5.0.C2H2_ZF.0110	-1.2588601817385436	2.7110551465443646	0.049528820340964515	0.8984105044920525	2.1806853582554515	0.703125
GM.5.0.Unknown.0023	0.0703051603798367	-1.7781577018587023	-1.4122404472284635	0.8984105044920525	0.6230529595015576	1.09375
GM.5.0.Homeodomain.0133	1.125021748253448	1.0948815306763973	-0.07882661688494345	1.8659295093296473	0.6230529595015576	1.6015624999999998
GM.5.0.Paired_box.0013	-2.43351660420956	0.15888876784024272	0.12916015094277197	0.0	0.0	0.0
GM.5.0.p53.0002	1.3920409379401741	0.8402399361760412	-0.6600727703733835	1.796821008984105	1.557632398753894	1.015625
GM.5.0.bHLH.0051	-0.9621556513098393	-0.6818317712829884	-1.299814275072973	1.1748445058742225	0.3115264797507788	0.8593750000000001
GM.5.0.Nuclear_receptor.0111	-0.9199179673976867	0.8476784909988817	2.3947070485323803	1.520387007601935	1.2461059190031152	2.6171875
GM.5.0.Ets.0008	-1.3096904071713158	-2.180692980703328	1.8829426639791609	0.0	0.0	0.0
GM.5.0.C2H2_ZF.0168	0.732102721249928	0.940532336609939	-0.08582771701281747	0.82930200414651	1.2461059190031152	1.1328125
GM.5.0.bHLH.0111	0.9814328296337796	1.2451695831443592	0.6039982638084015	0.9675190048375951	0.3115264797507788	1.328125
GM.5.0.Unknown.0001	-0.4198344963780143	-0.11183637388121553	3.5370007559486276	0.82930200414651	1.2461059190031152	2.34375
GM.5.0.Unknown.0183	-0.22340108234121375	0.8161605830083178	0.4655093662934877	0.55286800276434	0.9345794392523363	1.015625
GM.5.0.C2H2_ZF.0150	1.5892255834604199	0.020679085764149802	-0.6581975084372481	1.38217000691085	0.9345794392523363	1.25
GM.5.0.C2H2_ZF.0211	-0.9277962872206049	-0.8994977863475808	0.3935657634045235	0.9675190048375951	1.2461059190031152	1.2890625
GM.5.0.Forkhead.0054	2.570845113762721	-1.3369480049434357	-2.237677443466497	0.0	0.0	0.0
GM.5.0.RFX.0012	2.1137955158618267	-3.1987111933984487	-1.7132776172224589	1.38217000691085	0.3115264797507788	0.8593750000000001
GM.5.0.C2H2_ZF.0251	-1.7423067446407217	1.6297139031740377	-1.4234783739173895	0.55286800276434	0.9345794392523363	0.78125
GM.5.0.bHLH.0065	1.5017429883679088	-1.7157737718107826	-0.07907742802872558	2.6952315134761573	1.557632398753894	2.2265625
GM.5.0.C2H2_ZF.0217	-2.134971625865997	0.07792824552248362	-0.05832397399789921	0.6219765031098825	0.9345794392523363	1.015625
GM.5.0.C2H2_ZF.0213	0.1543773071163493	0.27080630501203956	-0.13812014623509558	0.691085003455425	1.8691588785046727	1.015625
GM.5.0.Homeodomain_POU.0022	1.0545144283913395	-0.6495726771385755	-0.7224867539746932	1.3130615065653075	1.557632398753894	1.40625
GM.5.0.C2H2_ZF.0123	0.311760189229412	3.313452072635252	-0.6864272409229577	0.691085003455425	3.4267912772585665	1.015625
GM.5.0.Nuclear_receptor.0116	-1.2365546082235273	1.4953338706794732	-0.08211644829954706	0.82930200414651	1.557632398753894	0.8984374999999999
GM.5.0.ARID_BRIGHT.0003	0.9517054660929161	-1.0989379922808016	-0.461365681181555	0.0	0.0	0.0
GM.5.0.C2H2_ZF.0249	-0.3608117055730392	0.7364191164914955	2.874813776413361	0.55286800276434	1.2461059190031152	1.7968749999999998
GM.5.0.Unknown.0108	-0.3101629607262011	-0.622278916642366	0.8547423507787518	1.5894955079474777	0.9345794392523363	0.8593750000000001
GM.5.0.C2H2_ZF.0232	1.961975097246296	0.7594988537752573	0.5879871341873195	0.691085003455425	0.6230529595015576	1.1328125
GM.5.0.Nuclear_receptor.0082	-0.11525079363079327	1.6537479109632158	1.9969565434746974	0.0	0.0	0.0
GM.5.0.C2H2_ZF.0137	-0.3325115433492085	-0.6091929504542212	0.7958066339520139	0.82930200414651	1.2461059190031152	1.015625
GM.5.0.Myb_SANT.0007	1.2516654778178322	0.8929710349742566	0.08097800801594845	0.9675190048375951	0.3115264797507788	0.7421875
GM.5.0.Homeodomain.0135	-0.37013057660229975	1.1708295083625349	-0.1775176576890744	1.520387007601935	2.1806853582554515	1.2109375
GM.5.0.Sox.0018	2.370571273070601	-2.253941897390695	-2.5847380732974927	1.8659295093296473	1.2461059190031152	1.171875
GM.5.0.C2H2_ZF.0035	-0.5142032999383699	-1.3558367086280945	1.1865260410781078	1.5894955079474777	1.2461059190031152	1.015625
GM.5.0.Paired_box.0001	-1.3686561835830067	2.2333139267003883	-0.8675163460264733	1.1748445058742225	2.1806853582554515	1.0546875
GM.5.0.GATA.0026	-0.6961934517769683	0.14498188743937093	0.5478600788885889	1.243953006219765	1.8691588785046727	1.640625
GM.5.0.Nuclear_receptor.0109	-0.9657580495369963	0.06116428676237025	1.2657696190273797	0.8984105044920525	2.4922118380062304	1.3671875
GM.5.0.Unknown.0122	-1.330426699149918	-0.03383184148409628	0.4376639751670042	2.073255010366275	1.8691588785046727	2.578125
GM.5.0.Nuclear_receptor.0063	-0.5650474573709572	0.3150719482703895	0.6738045300958118	0.9675190048375951	0.9345794392523363	1.015625
GM.5.0.Paired_box.0015	0.46526144711797185	0.959329946936391	-0.7433423862468848	1.10573600552868	1.557632398753894	0.9375
GM.5.0.Ets.0033	-0.9737037932364409	-1.2155153671608474	0.3202544116060783	1.0366275051831375	1.2461059190031152	1.0546875
GM.5.0.IRF.0016	2.978202767271505	-0.7956718839709875	-0.5915270269306385	2.4187975120939877	0.3115264797507788	1.5625
GM.5.0.bZIP.0091	1.5161383710419063	-0.2701636775404323	-0.1236290199468823	1.4512785072563925	0.9345794392523363	1.1328125
GM.5.0.Nuclear_receptor.0142	-0.41936463266022594	0.7192674310071928	0.2778985407919944	0.691085003455425	0.9345794392523363	0.8984374999999999
GM.5.0.Unknown.0021	-1.0290231786766064	-0.6092464659868141	0.9729262956635469	0.82930200414651	1.2461059190031152	0.8593750000000001
GM.5.0.THAP_finger.0006	0.16851973479079005	1.7167386052632438	1.0031171600223696	3.9391845196959228	5.29595015576324	3.8281250000000004
GM.5.0.C2H2_ZF.0060	1.3504827493212115	0.12271336780689569	-0.2135174340494734	0.7601935038009675	1.8691588785046727	1.0546875
GM.5.0.AT_hook.0001	1.5571311065642865	0.6161911665701701	0.8494893215343536	0.0	0.0	0.0
GM.5.0.C2H2_ZF.0157	0.5988556782744733	-0.3444139472179202	0.8838250957015856	1.5894955079474777	1.557632398753894	1.484375
GM.5.0.Unknown.0140	0.7881934404886076	-0.5209668408508515	-0.7944515876129168	1.796821008984105	2.1806853582554515	0.8984374999999999
GM.5.0.C2H2_ZF.0059	-1.9752293658367968	-0.49105505423017637	0.35361488785086476	1.10573600552868	1.2461059190031152	1.484375
GM.5.0.Homeodomain_POU.0026	1.5711381610964075	0.11529848491630729	-0.6014425018366253	1.243953006219765	0.0	0.6640625
GM.5.0.Nuclear_receptor.0098	0.039818870471301754	1.450085533555237	1.6112266169109093	0.6219765031098825	0.6230529595015576	0.8203125
GM.5.0.C2H2_ZF.0106	0.6384158373581746	0.6018156364519721	1.7461823436257253	4.768486523842433	10.2803738317757	6.171875
GM.5.0.bZIP.0032	0.34239052433485734	-0.44605682040287836	0.0601330230092567	1.5894955079474777	1.2461059190031152	1.4453125
GM.5.0.C2H2_ZF.0086	0.5214894591337158	-1.3478160826859933	0.12223621023005997	1.7277125086385625	0.9345794392523363	1.2109375
GM.5.0.Unknown.0036	0.7955737614696042	0.2585063794267095	-0.6452278754457633	1.1748445058742225	0.0	1.0546875
GM.5.0.Mixed.0073	-0.2512221105595864	1.831324110533306	-0.5075300632072953	1.3130615065653075	1.557632398753894	1.171875
GM.5.0.Paired_box.0020	0.3775746125503826	0.3335895476548686	-1.0155394110070797	2.4187975120939877	4.672897196261682	1.9921874999999998
GM.5.0.Unknown.0025	3.327590837506138	-0.2220522837242069	-0.6299172649189034	0.0	0.0	0.0
GM.5.0.Homeodomain.0079	0.7747889434938765	-1.4361013994142109	-0.5783435965132616	0.0	0.0	0.0
GM.5.0.Unknown.0202	-0.008220700217524558	1.1593396310620656	-0.07762956031418775	1.243953006219765	0.0	1.3671875
GM.5.0.C2H2_ZF.0256	-0.26426699799099396	0.9763958799849838	-0.3555694914023068	1.243953006219765	1.8691588785046727	0.8593750000000001
GM.5.0.SMAD.0012	0.42840402634192015	-0.5621112725698271	-2.2267051733874963	0.8984105044920525	3.4267912772585665	1.09375
GM.5.0.Unknown.0084	1.3832093422254803	-2.2637532097271027	-2.6048257185250008	1.243953006219765	1.557632398753894	1.328125
GM.5.0.Mixed.0017	-0.5920289048356382	0.2595928037893213	1.8702737046272668	0.55286800276434	0.9345794392523363	1.2890625
GM.5.0.MADS_box.0017	-2.209917278862798	-0.690014894091172	-1.1117034907788435	0.0	0.0	0.0
GM.5.0.SMAD.0015	-1.2951512694350844	-0.5222735038851555	0.5103302707094894	2.626123013130615	0.9345794392523363	2.03125
GM.5.0.Rel.0017	0.6595465057268296	0.3631627031279273	1.0721854830045592	1.0366275051831375	0.3115264797507788	0.78125
GM.5.0.GATA.0022	-1.3050771885601333	0.7926144747722843	-0.8713596399507126	0.55286800276434	0.3115264797507788	0.703125
GM.5.0.C2H2_ZF.0165	2.1717550813577864	0.5270327114133239	0.29347689052491444	1.0366275051831375	0.0	0.7421875
GM.5.0.Ets.0027	-0.16305024200211293	0.9492633960871808	0.05614034365927563	0.0	0.0	0.0
GM.5.0.C2H2_ZF.0146	-0.40779096832409156	0.04594635356585779	0.5899279634691222	0.6219765031098825	0.0	0.625
GM.5.0.Homeodomain.0112	-0.3292761791852008	-0.23794014591404491	1.115406160254101	0.7601935038009675	0.0	0.9375
GM.5.0.Unknown.0175	-1.317783820114581	0.7193206671046903	-0.9361601944454021	1.796821008984105	1.2461059190031152	1.2890625
GM.5.0.C2H2_ZF.0040	-1.5946002038134968	1.09404662530001	-0.17249947158636583	0.55286800276434	0.9345794392523363	1.328125
GM.5.0.Mixed.0074	-0.5248637343859637	-1.9279596278317528	-0.14652328741182266	1.3130615065653075	0.3115264797507788	1.3671875
GM.5.0.Homeodomain.0014	0.10891429088218484	1.1694991321430792	-1.011397557850885	0.0	0.0	0.0
GM.5.0.C2H2_ZF.0176	-0.07256316658535288	-0.1751261871693385	4.112618889465053	0.6219765031098825	1.557632398753894	1.5234375
GM.5.0.C2H2_ZF.0172	-1.3555873586805007	-0.5201558087315341	0.7806580945042961	0.9675190048375951	0.9345794392523363	0.6640625
GM.5.0.HSF.0009	-1.9490384448776927	0.8369312858356844	1.374927527208675	0.82930200414651	1.2461059190031152	0.9375
GM.5.0.TBP.0001	0.027999338621871157	1.141870957527318	1.4877122721008242	0.0	0.0	0.0
GM.5.0.C2H2_ZF.0197	1.8427765550509607	1.426817552068076	0.23303569188732	1.4512785072563925	1.557632398753894	0.703125
GM.5.0.Homeodomain.0105	2.6352730269178353	-1.1555809743447036	-1.2077373837976038	2.1423635107118177	1.8691588785046727	1.3671875
GM.5.0.Ets.0042	-1.0279788711420246	-1.4308842477498465	0.9998174251375505	0.7601935038009675	0.6230529595015576	1.25
GM.5.0.T-box.0014	0.6455071036582657	1.530931426487678	-1.691344600479382	1.7277125086385625	4.984423676012461	1.6015624999999998
GM.5.0.C2H2_ZF.0075	-0.72548883600112	-0.7477271149599981	0.734661139949223	0.0	0.0	0.0
GM.5.0.C2H2_ZF.0315	-0.058316640515884095	-0.22886052580175958	-1.1794648127253327	0.8984105044920525	0.3115264797507788	1.2890625
GM.5.0.Forkhead.0045	3.268120540243523	-1.3734908649618622	-1.3278251323993584	1.38217000691085	0.6230529595015576	0.9765625
GM.5.0.Unknown.0147	0.5245240790453526	0.9810883283411952	0.37697381697349486	1.243953006219765	1.8691588785046727	1.640625
GM.5.0.Nuclear_receptor.0065	-1.9427901443986875	-1.844656421692042	2.098759256163936	1.1748445058742225	2.4922118380062304	2.6953125
GM.5.0.bZIP.0077	0.08324760056622559	-0.3340376557185951	2.3574716484536506	1.1748445058742225	0.6230529595015576	1.0546875
GM.5.0.SMAD.0007	-0.00611041454070781	0.17244808991884086	-1.38681733428331	1.4512785072563925	1.2461059190031152	1.4453125
GM.5.0.STAT.0008	0.7890370562837906	-0.07770027722806006	0.31358743513438686	0.0	0.0	0.0
GM.5.0.Mixed.0078	-1.9411648991530772	-2.090278357616424	2.440215832498833	1.243953006219765	0.3115264797507788	1.6015624999999998
GM.5.0.Grainyhead.0008	1.6378073702028608	0.7339442284913413	-0.07447097067443618	0.691085003455425	1.2461059190031152	0.9375
GM.5.0.C2H2_ZF.0248	0.07738825418697282	-2.231404503248993	-1.3124974477321412	0.0	0.0	0.0
GM.5.0.Ets.0031	0.3781832619940846	0.0006356498021732553	2.6296544097421326	1.8659295093296473	3.4267912772585665	1.8359375
GM.5.0.Mixed.0108	-0.1607691255110857	-0.6052940547297405	1.7885255793848178	0.7601935038009675	0.6230529595015576	1.1328125
GM.5.0.bZIP.0027	-0.24782151500834224	1.2477538447384438	3.446716326858801	0.691085003455425	0.9345794392523363	1.328125
GM.5.0.Homeodomain.0165	1.358377093479662	0.08505078752402356	-0.011952715755204672	1.9350380096751902	0.9345794392523363	1.40625
GM.5.0.Forkhead.0024	0.25475233307155537	1.894007657068225	-0.656012201469481	0.9675190048375951	2.803738317757009	1.09375
GM.5.0.Sox.0023	0.34309923917364854	-1.5736015003408765	-1.9861754038327966	1.0366275051831375	0.6230529595015576	1.0546875
GM.5.0.Paired_box.0011	1.1691638840165168	-1.1908840383076837	-0.38906604471125555	0.8984105044920525	1.2461059190031152	1.1328125
GM.5.0.Forkhead.0028	1.6316039385713135	-0.4749614398372673	-1.4603740313506708	1.1748445058742225	1.2461059190031152	1.09375
GM.5.0.DM.0005	0.3589853194726413	-1.843780917886612	-1.638893591225169	1.10573600552868	0.6230529595015576	1.0546875
GM.5.0.C2H2_ZF.0192	1.1742341383323416	-0.15948592293414693	1.0317929378296475	0.691085003455425	0.6230529595015576	0.78125
GM.5.0.C2H2_ZF.0147	0.8543473459352752	0.0314997212553236	1.2171761775801597	0.8984105044920525	0.9345794392523363	1.2109375
GM.5.0.Mixed.0096	1.6024759144376672	2.0632391113532447	0.18123620186460407	0.9675190048375951	3.7383177570093453	1.2890625
GM.5.0.E2F.0003	1.9390488579956728	2.4698560671300145	-1.4745548618758337	2.7643400138217	9.345794392523365	2.734375
GM.5.0.C2H2_ZF.0162	-0.8736382177104932	0.05843227772952038	0.6153653430922634	1.10573600552868	2.1806853582554515	1.6796875
GM.5.0.CUT_Homeodomain.0010	-1.0352711698048744	0.5854505395979506	1.0221263863283863	1.4512785072563925	1.8691588785046727	1.4453125
GM.5.0.Mixed.0093	-0.8866434842783117	0.8538359116865619	1.6968562353314973	1.5894955079474777	0.3115264797507788	1.25
GM.5.0.bHLH.0076	0.09475272268159465	-1.1559663029017917	-0.152005240818749	0.7601935038009675	1.8691588785046727	1.484375
GM.5.0.Mixed.0072	-0.4082280404602578	-0.5647550117120356	0.7118858018837658	0.7601935038009675	0.3115264797507788	1.1328125
GM.5.0.Mixed.0090	-0.78477148488525	1.0304765987558477	-1.7575071032726783	1.9350380096751902	1.557632398753894	1.484375
GM.5.0.C2H2_ZF.0289	0.2906329000998243	-0.4112814984986006	1.7007365916023687	0.691085003455425	2.4922118380062304	1.875
GM.5.0.bZIP.0068	-0.8762210305379149	-2.0160780908857054	1.4370265571900935	1.243953006219765	0.3115264797507788	0.8593750000000001
GM.5.0.C2H2_ZF.0178	-1.787712897530147	3.5378821085380006	0.11067304940319807	1.3130615065653075	2.803738317757009	1.7187500000000002
GM.5.0.Paired_box.0012	1.4829027668225145	-1.2316533685165587	0.022815580525571002	1.243953006219765	1.2461059190031152	0.5078125
GM.5.0.C2H2_ZF.0115	-0.07980907896491145	-0.9916265806862751	2.5617051099725123	1.243953006219765	1.2461059190031152	1.7968749999999998
GM.5.0.bHLH.0116	-0.5926921424441467	0.292468348596685	1.5496232102918177	4.14651002073255	7.476635514018691	3.4375000000000004
GM.5.0.T-box.0007	0.8469031252030363	0.9647706921656187	0.019500815231011458	0.9675190048375951	0.3115264797507788	1.0546875
GM.5.0.Rel.0020	2.2474499410554056	0.4614357503647255	-0.7543676793384348	3.9391845196959228	1.8691588785046727	2.5390625
GM.5.0.Homeodomain_POU.0001	2.3579935073591507	-0.09484794564649361	-0.8219981449435968	2.48790601243953	0.3115264797507788	1.328125
GM.5.0.Unknown.0124	-0.9438890700159077	0.22733871507276224	1.7750650831341708	0.0	0.0	0.0
GM.5.0.C2H2_ZF.0228	1.1875437605806953	0.45966700950070605	0.6178121154417794	0.9675190048375951	2.1806853582554515	0.9375
GM.5.0.Forkhead.0050	3.6765384323081047	-0.23343139070555838	-1.1756963945221812	2.626123013130615	0.9345794392523363	1.328125
GM.5.0.E2F.0001	0.5461052118315058	2.4170546033996327	-0.6320199013067646	2.7643400138217	4.672897196261682	1.484375
GM.5.0.Forkhead.0042	1.5009019743911243	-0.07667518949561193	-0.01945663458684117	0.0	0.0	0.0
GM.5.0.C2H2_ZF.0062	0.3749141170652098	0.8012222686642252	0.09274203439152899	1.520387007601935	2.1806853582554515	1.40625
GM.5.0.Ets.0019	-2.6283644450924486	-2.684145184072389	0.6026607216746559	1.243953006219765	0.3115264797507788	1.328125
GM.5.0.Homeodomain_POU.0021	0.007937999829322145	-0.9072876622413243	0.3544375225227316	1.1748445058742225	0.3115264797507788	1.1328125
GM.5.0.Homeodomain.0053	-2.826014565378714	-3.011276810052261	3.128627462706894	1.38217000691085	0.9345794392523363	1.8359375
GM.5.0.Unknown.0057	0.2716257732596563	-0.14200108065783407	-2.0234954191315535	1.0366275051831375	0.9345794392523363	1.0546875
GM.5.0.Homeodomain.0037	0.1859449653370591	0.11808326403854609	-2.074688259267084	1.3130615065653075	1.2461059190031152	1.0546875
GM.5.0.C2H2_ZF.0098	-0.8071871381720106	-0.6716108503189644	-0.7673478673474806	1.1748445058742225	1.557632398753894	1.015625
GM.5.0.Unknown.0130	-0.8763623258198663	1.6848100393773706	-1.35721180948968	1.4512785072563925	2.4922118380062304	1.6015624999999998
GM.5.0.MADS_box.0018	0.35416536448005165	1.8800477697361908	-1.1150777943531525	1.0366275051831375	2.4922118380062304	1.0546875
GM.5.0.CUT_Homeodomain.0009	0.13876396187355972	1.2500885144907317	1.2330430522723128	1.38217000691085	3.115264797507788	1.3671875
GM.5.0.Homeodomain.0010	0.010552766104454178	-0.41497750155903645	-2.3374891956448707	0.0	0.0	0.0
GM.5.0.ARID_BRIGHT.0001	-1.1306798630889814	0.521777273322586	-1.0873283310888457	0.0	0.0	0.0
GM.5.0.Mixed.0058	1.8993119623881243	-0.31556011819891877	0.5899617743186821	0.0	0.0	0.0
GM.5.0.C2H2_ZF.0124	-1.6183318909701971	-0.1885684940798477	0.4741232636589701	0.9675190048375951	0.3115264797507788	0.8203125
GM.5.0.T-box.0018	-1.7194166651433913	-1.0943316836890775	0.3223947377634061	0.8984105044920525	1.2461059190031152	1.328125
GM.5.0.C2H2_ZF.0238	0.8249275216555895	0.25311463949620766	-0.9285483791547439	1.520387007601935	1.557632398753894	1.09375
GM.5.0.Sox.0024	2.3405020324557584	0.5158553113096549	-2.932973336391584	2.7643400138217	0.6230529595015576	1.484375
GM.5.0.Paired_box.0018	-0.5411382405653671	0.2669586793637606	0.6063854709073141	1.7277125086385625	1.557632398753894	1.40625
GM.5.0.Unknown.0190	1.1368674348069125	0.32725201349680927	0.42781387557162803	1.4512785072563925	0.6230529595015576	1.4453125
GM.5.0.Grainyhead.0001	-1.488484082272113	1.3033909654444817	0.1457176238969892	2.0041465100207327	2.1806853582554515	1.875
GM.5.0.Unknown.0018	-2.7655467171332444	-1.2619480837889814	0.04150261244331137	0.7601935038009675	2.803738317757009	1.25
GM.5.0.MADS_box.0004	-0.45615669935657754	0.7685199748770306	-0.39691955308403964	1.38217000691085	2.1806853582554515	1.6015624999999998
GM.5.0.C2H2_ZF.0317	0.8900461282501765	0.5679194686461145	-0.3793307052986526	1.7277125086385625	1.557632398753894	1.25
GM.5.0.Unknown.0071	0.5740347343458428	0.3085248877605901	1.5410875111108766	0.691085003455425	1.8691588785046727	1.40625
GM.5.0.STAT.0013	0.7509381708897204	0.4723782566574073	-0.43281539295477267	0.9675190048375951	1.557632398753894	0.6640625
GM.5.0.C2H2_ZF.0224	-0.5330575877367631	2.0188452660952776	0.4631671794055197	1.1748445058742225	1.557632398753894	1.3671875
GM.5.0.T-box.0006	-0.9520977265629985	1.7221034685659393	0.7020424727755359	1.10573600552868	2.1806853582554515	1.0546875
GM.5.0.Grainyhead.0004	0.31279099309618674	-0.6630153647415034	-0.6783918441386357	2.6952315134761573	0.6230529595015576	2.5
GM.5.0.Mixed.0038	0.05179226031700368	0.7600246424099287	0.5104771141952623	0.6219765031098825	1.2461059190031152	1.1328125
GM.5.0.Unknown.0060	-0.08706776085249311	1.2861929085489476	-0.12325257159631213	1.9350380096751902	1.557632398753894	1.4453125
GM.5.0.C2H2_ZF.0287	0.3468196134858625	-0.19124246555428373	1.103609540248784	0.0	0.0	0.0
GM.5.0.T-box.0011	-0.12293756052164728	1.2352704245540347	0.865519012701794	1.38217000691085	1.2461059190031152	1.3671875
GM.5.0.Homeodomain.0185	-0.41798880287792567	0.8553348435367408	-0.23457705392820352	1.1748445058742225	0.3115264797507788	1.0546875
GM.5.0.SMAD.0005	-0.25846987319726616	2.8654980478252186	0.6187010477836983	0.48375950241879756	3.4267912772585665	1.25
GM.5.0.bHLH.0086	0.6803286981381736	-1.5751808096582938	-0.8531433032106027	0.0	0.0	0.0
GM.5.0.Sox.0010	-1.2272379416251156	0.9304327298042137	-0.7310168918619855	0.0	0.0	0.0
GM.5.0.bZIP.0047	-3.5524476870166346	-2.877596295737958	1.8936398876708194	1.3130615065653075	0.3115264797507788	1.8359375
GM.5.0.Unknown.0196	-0.7314841799324349	-2.1735551169675027	-2.883031393690361	1.1748445058742225	0.0	0.8593750000000001
GM.5.0.Homeodomain.0181	-0.6630935197261224	1.4636282721508433	-0.3235299571265502	0.8984105044920525	1.557632398753894	1.484375
GM.5.0.Unknown.0085	-0.36559660549168815	2.1103433871625	1.5191506176050504	0.6219765031098825	2.1806853582554515	1.5625
GM.5.0.Unknown.0102	-2.504680561133413	-0.7065123351849066	1.6493165956710016	0.691085003455425	1.8691588785046727	1.4453125
GM.5.0.Paired_box.0016	-1.944649649863489	0.5995378145149427	-0.1325303810116077	0.9675190048375951	1.2461059190031152	1.2109375
GM.5.0.C2HC_ZF.0001	0.35669996768880624	0.05727834569769387	1.6606563238382768	0.0	0.0	0.0
GM.5.0.Nuclear_receptor.0122	1.4929990289401847	-1.5022799690996993	-1.3469310349564272	1.796821008984105	1.2461059190031152	1.25
GM.5.0.IRF.0012	1.2660638185871902	-0.5035691857065999	-0.4413432561798244	0.8984105044920525	0.6230529595015576	0.9765625
GM.5.0.Homeodomain.0199	-0.03455771221074302	0.6330533193025257	-1.5866564391509537	1.10573600552868	1.557632398753894	0.6640625
GM.5.0.Homeodomain.0085	-0.30471100264362067	-0.1519215925438604	0.7650494868661675	1.3130615065653075	0.9345794392523363	1.5625
GM.5.0.Nuclear_receptor.0069	0.5590114249318365	0.45358724767000713	0.09940094530893281	1.1748445058742225	1.2461059190031152	0.9375
GM.5.0.Unknown.0046	1.6363695500075546	1.0664230071555614	-0.5177850954340985	1.65860400829302	0.3115264797507788	1.171875
GM.5.0.C2H2_ZF.0202	-2.489698285449225	0.0942527484017628	-1.2379294923450233	0.691085003455425	1.2461059190031152	1.2109375
GM.5.0.bHLH.0064	-0.029124755523588754	-0.37088391672329263	-0.5964732415670442	1.1748445058742225	1.2461059190031152	1.3671875
GM.5.0.Homeodomain.0175	0.6025381123060499	-0.3565272452417511	0.6350736008046751	0.0	0.0	0.0
GM.5.0.Ndt80_PhoG.0001	1.5192551066731468	0.12359816916511013	-0.07100798981698597	2.626123013130615	2.803738317757009	3.125
GM.5.0.bHLH.0129	-1.346253792177592	-0.8913452431015991	0.3874809544206957	1.520387007601935	1.8691588785046727	1.1328125
GM.5.0.Homeodomain.0120	-0.059267995903573775	1.3512410151798948	1.335479610380654	1.10573600552868	1.557632398753894	1.3671875
GM.5.0.C2H2_ZF.0275	1.1330168470005484	1.039142759474264	0.030646888262776614	0.0	0.0	0.0
GM.5.0.Nuclear_receptor.0068	-0.288998680267432	1.4001537775599302	-0.21480215725205484	0.0	0.0	0.0
GM.5.0.Forkhead.0048	1.9093273598916611	-1.4245165753680527	1.2813668499854824	1.8659295093296473	0.9345794392523363	1.25
GM.5.0.C2H2_ZF.0222	1.428669082966017	-1.9756953878755739	-1.6226804096124028	1.243953006219765	0.6230529595015576	0.703125
GM.5.0.C2H2_ZF.0179	0.5639181104052607	0.7452828483884065	-0.9126083920539232	1.5894955079474777	1.2461059190031152	1.1328125
GM.5.0.Nuclear_receptor.0144	-0.11436417985007516	0.7037201442797183	1.2625413213226733	0.8984105044920525	0.9345794392523363	1.328125
GM.5.0.THAP_finger.0005	1.7173342057063714	0.27759480419752103	-0.1059511285390161	0.414651002073255	1.2461059190031152	0.8984374999999999
GM.5.0.Unknown.0139	0.7711862329601548	0.8801873560011075	0.5448020172218363	0.691085003455425	2.4922118380062304	1.09375
GM.5.0.Nuclear_receptor.0095	-0.2141885839724763	-0.7650850567233	1.8213479255802285	2.2805805114029023	0.6230529595015576	1.40625
GM.5.0.MADS_box.0019	-0.9362136984703786	1.4865187887274294	0.6465039747671723	0.0	0.0	0.0
GM.5.0.Unknown.0148	-0.9066941346372148	0.8091707439767136	0.4474167876608949	0.8984105044920525	0.3115264797507788	0.8984374999999999
GM.5.0.Mixed.0109	-1.3839887640974304	-1.456499623025896	3.0519476474108846	0.691085003455425	1.8691588785046727	1.5234375
GM.5.0.Nuclear_receptor.0001	-1.6136030257508203	1.3202216414223855	0.7793338806611347	0.8984105044920525	2.1806853582554515	0.78125
GM.5.0.Homeodomain.0038	0.5973100564890008	0.6947426346637551	1.9557309294342329	0.0	0.0	0.0
GM.5.0.C2H2_ZF.0143	-1.9393430037108632	0.04516969810405282	1.5771879264103406	1.10573600552868	2.803738317757009	2.1875
GM.5.0.GCM.0003	-0.47465985272212563	0.4992120088240057	1.0423108581184626	1.1748445058742225	2.1806853582554515	0.9375
GM.5.0.Mixed.0057	0.299681318726642	1.1376686882606801	1.2764505365906254	2.073255010366275	1.2461059190031152	2.3046875
GM.5.0.Mixed.0063	0.20719924658276162	0.8385230289345317	-0.5062518642735034	1.4512785072563925	0.9345794392523363	1.6015624999999998
GM.5.0.Mixed.0064	1.4981094916991775	1.6256127573304446	-0.011692699961769961	0.0	0.0	0.0
GM.5.0.Nuclear_receptor.0002	-0.20536030748433898	-0.7179599690180791	0.6191491466645674	0.7601935038009675	1.2461059190031152	1.25
GM.5.0.Mixed.0006	-0.6776930481356706	-0.9931963640860658	1.7517259658718878	1.1748445058742225	0.6230529595015576	1.7187500000000002
GM.5.0.Mixed.0049	1.787765275932078	-0.401946230520382	-0.5561889720910262	1.520387007601935	1.2461059190031152	1.25
GM.5.0.Unknown.0184	-0.29929129499726487	0.5810684619917688	1.162403938677453	1.5894955079474777	1.557632398753894	1.5625
GM.5.0.Mixed.0048	-0.28805921908194326	-0.16096643475887454	-1.7945421133415118	1.3130615065653075	1.557632398753894	0.8593750000000001
GM.5.0.Forkhead.0037	3.0608194474155845	-3.0185584966513748	-2.475116947599816	3.9391845196959228	0.0	1.484375
GM.5.0.T-box.0004	0.7148931043375458	-0.7647907948975275	0.549718865113483	2.0041465100207327	1.8691588785046727	2.734375
GM.5.0.TEA.0005	-1.7691656676888152	-2.4198340522230763	2.041074272224148	2.0041465100207327	4.049844236760125	4.140625
GM.5.0.CSL.0001	1.0160285482540392	-0.759196913749836	-0.5205088667384551	1.5894955079474777	0.6230529595015576	1.171875
GM.5.0.RFX.0013	-0.4253963593823895	-0.9291496186869276	-2.8064291971768376	1.0366275051831375	1.557632398753894	1.328125
GM.5.0.Unknown.0144	0.15081277582781358	-1.636206241981828	-1.1329785818349938	1.5894955079474777	1.8691588785046727	1.4453125
GM.5.0.C2H2_ZF.0252	-2.982281872683237	-2.5391034491169497	-0.21808858758617844	1.520387007601935	0.6230529595015576	1.25
GM.5.0.HSF.0007	-1.6502487509666781	0.3525506837339079	0.3173109816637264	1.520387007601935	2.1806853582554515	1.328125
GM.5.0.C2H2_ZF.0195	-0.08776498462730434	2.0144041064745024	-0.9271604463697248	0.691085003455425	2.1806853582554515	1.171875
GM.5.0.Mixed.0102	0.9017579743262221	1.8338103069325458	-0.5588111346483691	3.8009675190048373	0.9345794392523363	1.4453125
GM.5.0.C2H2_ZF.0272	0.33742959951190077	1.0073355848458339	-0.5447887544533474	2.2805805114029023	2.1806853582554515	1.9921874999999998
GM.5.0.Homeodomain.0050	-0.2709623463013758	1.7354026872089714	-1.6382781476421377	2.48790601243953	1.557632398753894	0.8203125
GM.5.0.Homeodomain.0170	-1.0503503777209262	0.027344925823806224	-0.7910092068751352	2.902557014512785	4.049844236760125	3.0859375
GM.5.0.Homeodomain.0203	0.6561724297321695	-0.20346292984704875	-0.582780591604283	1.520387007601935	0.3115264797507788	1.6796875
GM.5.0.HSF.0003	0.08137313552481802	-1.2723761936434959	1.4429176470930072	0.6219765031098825	1.557632398753894	1.3671875
GM.5.0.Sox.0016	1.533690412856737	0.18230384373398012	-0.6797462532368802	2.1423635107118177	0.3115264797507788	1.3671875
GM.5.0.Homeodomain.0092	1.0845486133375761	1.7527422711697114	-0.5000208766953116	1.243953006219765	0.9345794392523363	1.0546875
GM.5.0.bZIP.0084	-1.2618912245096654	-0.7881160833239113	0.29867587995120154	1.3130615065653075	0.6230529595015576	1.2890625
GM.5.0.C2H2_ZF.0044	1.39470653279581	-0.27842928518878846	0.061175591912900035	2.0041465100207327	1.2461059190031152	1.328125
GM.5.0.Unknown.0015	0.6661069098554384	-0.16508732090654027	0.5300031651706191	0.9675190048375951	0.6230529595015576	1.015625
GM.5.0.AT_hook.0002	-0.12381114913066414	0.4050583183392687	-0.9870751383963199	1.520387007601935	0.9345794392523363	1.3671875
GM.5.0.bZIP.0053	-2.403312879288801	-2.444759042262131	0.8031940315208553	1.7277125086385625	0.3115264797507788	1.4453125
GM.5.0.C2H2_ZF.0151	-0.46033178777133543	-0.7514458034076383	-2.9236407583196735	1.10573600552868	0.9345794392523363	1.5625
GM.5.0.Unknown.0074	1.2081439602542288	1.4474563051334008	0.02574835493984712	1.10573600552868	1.557632398753894	1.1328125
GM.5.0.bHLH.0001	1.1643997548071672	-0.6339229877081717	-0.8031910202690106	0.0	0.0	0.0
GM.5.0.Homeodomain.0176	-0.12386051939667839	1.9592047812163023	-0.42958319675020384	0.0	0.0	0.0
GM.5.0.Nuclear_receptor.0145	1.9158035749942515	0.09344940613949879	-2.06030627332145	2.902557014512785	1.557632398753894	2.1484375
GM.5.0.DM.0007	0.473259302252685	0.6043988969436083	-0.29547015975728996	1.1748445058742225	1.8691588785046727	1.25
GM.5.0.IRF.0021	0.6575482551044127	-0.6493228646245304	-1.4476239019557362	1.7277125086385625	1.557632398753894	1.328125
GM.5.0.bZIP.0016	-0.5946524596374039	-0.8510402019959731	0.5526945869230967	1.9350380096751902	0.9345794392523363	1.171875
GM.5.0.C2H2_ZF.0239	-1.8861465060101892	-2.9883774057865238	-0.937208323404302	1.7277125086385625	0.6230529595015576	1.25
GM.5.0.Mixed.0092	0.24975372761565506	-0.5351175369061821	1.9904343311567398	0.0	0.0	0.0
GM.5.0.Unknown.0043	0.32543266156400474	0.23621994867181803	-0.48329181704240665	0.0	0.0	0.0
GM.5.0.Homeodomain.0046	0.25001206410668775	-1.750843260668658	-1.1439123120397785	0.0	0.0	0.0
GM.5.0.bZIP.0083	1.4866913716775851	0.03752256559294071	1.3630457839272678	0.0	0.0	0.0
GM.5.0.EIN3.0001	1.4761977128450503	-1.4811920795630242	-2.6153130704424097	0.0	0.0	0.0
GM.5.0.Paired_box.0010	0.5947260249577779	-0.30201408194807455	0.9637544819816593	1.38217000691085	0.0	1.3671875
GM.5.0.Mixed.0105	-1.0393688813100066	0.6522660068904299	0.3871192238768238	0.9675190048375951	0.3115264797507788	1.171875
GM.5.0.TEA.0003	-0.23589899072890064	1.6969521348941348	1.5383047672999326	0.8984105044920525	1.557632398753894	1.6796875
GM.5.0.Mixed.0087	0.4072289191988459	-0.10832630023187353	-0.6147729411041999	1.10573600552868	1.8691588785046727	1.5625
GM.5.0.bZIP.0081	3.233883265216936	-1.2883963957907403	-2.0871269714248903	2.073255010366275	0.0	0.9375
GM.5.0.C2H2_ZF.0136	0.09209193961738817	0.5367890409254281	2.967518891815886	0.48375950241879756	1.557632398753894	0.6640625
GM.5.0.Unknown.0098	0.5784344175775872	-0.5931096587310994	-0.5579629909633903	1.520387007601935	0.6230529595015576	1.2890625
GM.5.0.Mixed.0045	1.2656020483582244	-1.2949763412675905	0.384215906094564	1.243953006219765	0.6230529595015576	1.8359375
GM.5.0.T-box.0025	-0.4102012360403202	1.0241479533022797	-0.4520102816444694	1.520387007601935	2.1806853582554515	1.2890625
GM.5.0.C2H2_ZF.0310	-0.6311336129645579	0.7219783941928752	1.0497606662163952	0.8984105044920525	0.6230529595015576	1.0546875
GM.5.0.C2H2_ZF.0140	-0.384389964815225	-0.22938995076163657	-0.20603853018167276	0.0	0.0	0.0
GM.5.0.bZIP.0102	0.8370246562914349	-0.5466407521725736	-0.22768589264552963	0.0	0.0	0.0
GM.5.0.Unknown.0011	2.287338542765013	1.7557823485684012	0.08285540680922188	2.626123013130615	0.9345794392523363	1.6015624999999998
GM.5.0.Homeodomain.0111	-1.7969087013938263	0.8660273474652964	-1.065361094704747	0.0	0.0	0.0
GM.5.0.Homeodomain.0098	-2.7891895266395563	-0.07195871105952376	-2.141079110986898	0.0	0.0	0.0
GM.5.0.C2H2_ZF.0105	-0.0042302250998203705	0.023564573525365205	-0.16364435280934078	0.138217000691085	0.0	0.2734375
GM.5.0.RFX.0017	-0.561746178590976	-1.1815737864941542	-1.7599788019373526	1.7277125086385625	1.8691588785046727	1.6015624999999998
GM.5.0.Sox.0036	0.8421249236597219	-0.9753488127030547	0.5590130822517552	0.9675190048375951	1.2461059190031152	1.09375
GM.5.0.Homeodomain.0136	0.704452954220335	0.19489676799411737	0.19384357117108805	0.0	0.0	0.0
GM.5.0.CUT_Homeodomain.0004	0.9875465080697613	1.9843539572346391	0.1710089184448973	1.10573600552868	0.9345794392523363	1.2890625
GM.5.0.E2F.0008	3.547675552024365	-0.3944505005598138	-1.5655702825496114	2.349689011748445	0.6230529595015576	1.1328125
GM.5.0.Homeodomain.0143	-1.4948247133850512	0.34510264600784485	0.11349077407199931	1.4512785072563925	0.6230529595015576	1.4453125
GM.5.0.bHLH.0012	-0.32727916695573633	0.28968221402524974	0.9029988758737522	1.38217000691085	0.9345794392523363	1.9140625000000002
GM.5.0.Ets.0035	1.4782388066566934	-0.8852704619488105	-1.3278685251946039	1.796821008984105	2.803738317757009	1.7187500000000002
GM.5.0.Homeodomain.0179	-2.6303058031302364	2.5356749106838135	-2.558332709050473	1.38217000691085	3.115264797507788	1.9140625000000002
GM.5.0.DP_E2F.0001	1.5499949865620783	0.7150547127289817	0.2427853290810227	0.9675190048375951	2.4922118380062304	0.9765625
GM.5.0.Unknown.0109	3.4214197502122743	-0.9498214328668192	-1.7088999185170928	1.796821008984105	1.557632398753894	0.703125
GM.5.0.E2F.0017	1.5616042935669772	1.6247655158893586	-0.19309739244473492	1.10573600552868	3.115264797507788	1.328125
GM.5.0.Grainyhead.0005	0.015062667620227564	-0.7119636847852885	-2.5494891330779508	0.0	0.0	0.0
GM.5.0.C2H2_ZF.0316	-2.107458366668706	1.8920670970724502	-2.704461973334126	1.10573600552868	3.115264797507788	1.2890625
GM.5.0.C2H2_ZF.0108	-1.3115790245884125	0.10207078674058769	0.7891862424048561	0.8984105044920525	2.803738317757009	1.3671875
GM.5.0.Homeodomain.0200	0.38607884247219176	1.4640134615040414	0.0690253448545441	1.38217000691085	1.2461059190031152	1.5234375
GM.5.0.Nuclear_receptor.0094	1.1645230791015988	-2.2058943780058815	-2.1270388788472494	2.1423635107118177	1.557632398753894	1.6015624999999998
GM.5.0.Ets.0017	-1.1381543263842124	-0.9138851047889507	1.111775622296606	1.243953006219765	0.9345794392523363	1.2890625
GM.5.0.Nuclear_receptor.0038	-1.3367540685680965	-0.2593106625077242	2.4091266123034223	0.6219765031098825	0.6230529595015576	0.8203125
GM.5.0.bZIP.0038	0.4978704356655922	-2.452585862522683	-2.543497419696623	0.0	0.0	0.0
GM.5.0.Unknown.0090	-0.7931684626636446	0.6060885951573601	0.5954720549461092	0.6219765031098825	1.557632398753894	1.1328125
GM.5.0.Unknown.0174	1.1407045528955737	0.13208124778740046	-1.2575342692634506	1.520387007601935	0.9345794392523363	1.1328125
GM.5.0.C2H2_ZF.0010	1.776640404417651	0.5644765651532533	1.561277220231192	1.8659295093296473	0.6230529595015576	2.1484375
GM.5.0.Unknown.0039	1.6591042482295852	1.1560556998532796	0.3615103612635591	1.8659295093296473	1.557632398753894	1.171875
GM.5.0.Unknown.0133	0.7957514948462516	1.873235169445399	-1.1472782794451963	1.38217000691085	2.4922118380062304	0.8593750000000001
GM.5.0.E2F.0007	1.5005352899791422	-2.0986387909350532	-1.0662922821824616	1.8659295093296473	0.6230529595015576	1.1328125
GM.5.0.Ets.0046	2.2081742585901485	-1.3797180466173355	-0.570286198035952	0.0	0.0	0.0
GM.5.0.GATA.0024	1.183274371064107	0.46831500387006564	-1.3530191923399275	2.2805805114029023	2.803738317757009	2.8515625
GM.5.0.p53.0005	0.782683315057408	-0.8264380641434157	-3.179053238490529	1.243953006219765	0.6230529595015576	0.8984374999999999
GM.5.0.Homeodomain.0146	-0.5859569337258637	0.02388537319243059	1.4095046858931783	0.0	0.0	0.0
GM.5.0.Paired_box.0007	0.3564625507765795	0.9617781192599554	-1.095350277970274	1.4512785072563925	1.2461059190031152	1.5234375
GM.5.0.Homeodomain_POU.0024	-1.4562955554395118	-0.4711286229939661	-2.664275749236604	2.073255010366275	1.2461059190031152	1.640625
GM.5.0.Homeodomain.0030	0.5528478053627898	0.9457228582856521	-0.21568977846905008	1.7277125086385625	2.4922118380062304	1.7578125
GM.5.0.IRF.0019	-0.6852508441710272	0.22188240718395907	0.1398029130279145	2.5570145127850727	2.1806853582554515	2.0703125
GM.5.0.bZIP.0092	0.7221082343953451	-0.1653628023820983	0.44491973462396084	2.21147201105736	1.557632398753894	1.5234375
GM.5.0.CUT_Homeodomain.0005	0.3823526847861464	1.2536703112172658	0.9774647776733921	1.796821008984105	0.3115264797507788	1.1328125
GM.5.0.Unknown.0055	0.8269692564697124	-0.5427033795540457	0.3589102198235691	1.10573600552868	2.4922118380062304	1.6796875
GM.5.0.Nuclear_receptor.0147	-0.5246167068488234	-0.45974205672283636	0.7010846905050433	1.3130615065653075	1.557632398753894	1.328125
GM.5.0.C2H2_ZF.0092	0.2836255190547226	2.387389324407768	-1.7355014533713733	1.10573600552868	3.4267912772585665	1.328125
GM.5.0.bZIP.0069	-1.05665497295604	-0.14776575167043685	-0.33752872917067855	1.38217000691085	0.9345794392523363	1.1328125
GM.5.0.Nuclear_receptor.0009	-1.2471796082637847	-0.5815230043000363	1.0527123309096746	0.55286800276434	1.8691588785046727	1.09375
GM.5.0.C2H2_ZF.0278	-0.5643422132155974	-1.9228408384338342	-1.4517376643375142	1.38217000691085	1.2461059190031152	1.5625
GM.5.0.Myb_SANT.0011	0.250767788879962	0.9166153831962152	0.4637567330210464	0.0	0.0	0.0
GM.5.0.Mixed.0075	-1.9333058090942468	-0.6357741808443215	0.4585987806943188	1.3130615065653075	0.6230529595015576	1.09375
GM.5.0.bHLH.0062	1.036100149753628	-0.02424383813758637	0.03135174976694129	1.9350380096751902	3.7383177570093453	1.7187500000000002
GM.5.0.Sox.0025	0.5958679071845256	-0.5078682115484823	-0.39276791449362797	0.0	0.0	0.0
GM.5.0.Mixed.0029	-0.46037693371034005	0.8595417326410373	-1.1364595690473356	1.1748445058742225	1.557632398753894	1.3671875
GM.5.0.MADS_box.0015	0.1969135677018401	0.8131101254982254	0.19847995215404843	1.38217000691085	0.0	1.3671875
GM.5.0.C2H2_ZF.0189	-1.2300263736107828	-0.10025000299021747	-1.8143008234245135	1.0366275051831375	1.2461059190031152	1.484375
GM.5.0.MADS_box.0008	1.22371312464211	1.7752474718940296	-0.8135156193893078	1.10573600552868	2.1806853582554515	1.328125
GM.5.0.Rel.0013	-0.38568679026156605	-0.9522943029302225	-0.44195968348609327	1.0366275051831375	0.9345794392523363	0.9765625
GM.5.0.Unknown.0034	-1.2083863014657796	-2.474284919491176	0.21691155458715214	1.0366275051831375	0.6230529595015576	1.3671875
GM.5.0.CENPB.0001	-0.01720935604298874	0.167580021989881	-0.3177925781464729	1.10573600552868	0.9345794392523363	1.328125
GM.5.0.bHLH.0087	-0.08488439726904452	-1.4361795207859993	1.472793228649135	2.073255010366275	1.8691588785046727	2.265625
GM.5.0.C2H2_ZF.0036	-3.1134161357929737	2.239443560313916	-2.2532384910063055	1.10573600552868	3.7383177570093453	1.171875
GM.5.0.C2H2_ZF.0183	1.3242005469093359	0.46221411410232066	0.23374439304724445	1.38217000691085	0.6230529595015576	0.8984374999999999
GM.5.0.C2H2_ZF.0154	-1.2885310593784765	-0.3385333551216178	0.9007911531668892	1.10573600552868	2.4922118380062304	1.4453125
GM.5.0.bZIP.0056	0.4861930859163169	0.38737287574108187	1.956252742414821	1.796821008984105	0.6230529595015576	1.484375
GM.5.0.Unknown.0180	-1.7501635761337901	-1.0522814790368291	1.478995278759276	1.0366275051831375	0.9345794392523363	1.171875
GM.5.0.GATA.0015	-2.4837744784724936	-1.5040647512686047	0.7633243817086913	1.8659295093296473	0.9345794392523363	2.03125
GM.5.0.Unknown.0093	0.8685847646674251	-1.6809762048151595	-2.4790702360519563	0.9675190048375951	1.2461059190031152	1.015625
GM.5.0.Nuclear_receptor.0112	-3.756061122017982	-2.388903269833958	2.1602214050699398	0.55286800276434	0.6230529595015576	0.9375
GM.5.0.C2H2_ZF.0088	-2.082200146953323	-1.652306651467308	1.2661087427983866	1.1748445058742225	0.0	1.640625
GM.5.0.Unknown.0020	-2.1649572496378493	-2.7556795736900614	0.07077171712369344	0.0	0.0	0.0
GM.5.0.Homeodomain_POU.0025	0.871393583949466	0.9772692298705724	-0.2898760893036207	1.9350380096751902	0.3115264797507788	1.2890625
GM.5.0.Homeodomain.0160	0.6600488338951019	1.8904374715095362	0.2612685786765324	2.48790601243953	2.803738317757009	1.484375
GM.5.0.bZIP.0076	-2.0038129874070214	-2.045369286639812	2.290916355273681	0.82930200414651	0.3115264797507788	1.6015624999999998
GM.5.0.T-box.0024	-0.7808591899321813	-1.245217296377617	-0.568620451140691	1.0366275051831375	0.0	0.9765625
GM.5.0.Sox.0035	-0.23665872909077518	-0.29751699871204457	1.3388791793195909	1.7277125086385625	0.9345794392523363	1.3671875
GM.5.0.Unknown.0070	0.4738914101042343	0.28779804129107395	-0.366138434848122	1.0366275051831375	2.1806853582554515	1.4453125
GM.5.0.HSF.0010	-0.2762281729898688	-1.2177124083209678	0.4516137248674848	1.3130615065653075	1.2461059190031152	1.015625
GM.5.0.C2H2_ZF.0003	0.0038832279611943246	0.5083370825059741	-0.45311379409758606	0.55286800276434	0.6230529595015576	0.8984374999999999
GM.5.0.bHLH.0126	-0.8496347356518574	-0.32508024593182117	1.2480112717110026	0.6219765031098825	1.8691588785046727	1.1328125
GM.5.0.Sox.0006	1.3406945168615654	1.766242961231473	-0.6528261725771114	1.7277125086385625	2.803738317757009	1.5625
GM.5.0.Rel.0015	-0.8881372446554353	1.4919757916189573	0.3808511054353863	0.691085003455425	1.557632398753894	1.015625
GM.5.0.Forkhead.0027	1.4998916251548664	-0.3806638656491177	-0.2705114596219053	0.0	0.0	0.0
GM.5.0.Homeodomain.0080	1.1523702151337993	1.496989403839471	-2.0722336491181843	2.1423635107118177	0.6230529595015576	0.8593750000000001
GM.5.0.Homeodomain.0130	0.08394438216121924	0.03725674630289392	-1.830231803229351	0.0	0.0	0.0
GM.5.0.Unknown.0106	1.5235147571989325	-2.2155306174581115	-1.917061725235898	2.4187975120939877	0.3115264797507788	1.328125
GM.5.0.Unknown.0065	1.8765593505937515	0.30548356543558647	0.2660376562360372	0.0	0.0	0.0
GM.5.0.Unknown.0119	-0.7484373379945926	-0.5905044161023871	2.7195113778009414	0.9675190048375951	0.6230529595015576	1.5625
GM.5.0.Unknown.0080	0.07376950306347588	-0.45709435912041585	0.2984137470285491	1.38217000691085	0.9345794392523363	1.328125
GM.5.0.bHLH.0028	2.425723081210973	-0.8070727653741769	-0.45081299056695395	8.016586040082931	4.361370716510903	5.3515625
GM.5.0.bHLH.0112	-0.3560771935291109	0.6304390983118804	0.9699541537847081	1.0366275051831375	0.6230529595015576	0.9765625
GM.5.0.C2H2_ZF.0208	-0.5853116592875699	3.527105267475091	-0.5526288895421285	0.691085003455425	4.361370716510903	1.09375
GM.5.0.bHLH.0061	0.004240575201222701	-0.0934341215197811	1.6093274065523813	2.6952315134761573	3.115264797507788	3.3984374999999996
GM.5.0.C2H2_ZF.0173	-1.974205094612626	0.17392242505538716	0.42370992857296597	1.7277125086385625	4.984423676012461	2.5390625
GM.5.0.Mixed.0008	-0.4748174276892953	-1.9362657317326617	-2.003403926716604	0.0	0.0	0.0
GM.5.0.C2H2_ZF.0011	-0.28370941185332305	0.8365031392217706	1.021105577327853	1.9350380096751902	0.6230529595015576	1.640625
GM.5.0.C2H2_ZF.0298	0.508146031822095	-1.5425525855935802	-1.5053379747218625	1.0366275051831375	0.9345794392523363	1.4453125
GM.5.0.GATA.0023	-2.4167001200245055	-1.3768337150814154	0.4618359979688175	2.0041465100207327	1.2461059190031152	2.0703125
GM.5.0.bHLH.0085	1.4394587794856106	-1.1890999956314237	-1.4843619478359904	1.796821008984105	2.803738317757009	2.1875
GM.5.0.bZIP.0070	-0.25452770616963644	0.42521502240237025	-0.5129391393011031	1.1748445058742225	0.9345794392523363	1.6015624999999998
GM.5.0.C2H2_ZF.0052	-1.2250257841931889	0.6678589625025496	0.39332784574180174	1.520387007601935	0.9345794392523363	1.2890625
GM.5.0.bZIP.0079	-0.8296877796784635	-1.5155763147053742	0.20463719762749288	1.0366275051831375	1.8691588785046727	0.8984374999999999
GM.5.0.Unknown.0075	-0.05321902995280595	0.8153499579004796	-0.6191386553957406	1.9350380096751902	0.9345794392523363	1.7968749999999998
GM.5.0.bHLH.0108	0.8574764572649286	-0.9709387110657264	0.10091477924589488	1.8659295093296473	1.557632398753894	1.7578125
GM.5.0.bZIP.0090	0.05755035195338784	-0.8143765805944997	0.30625547055335683	1.38217000691085	1.557632398753894	1.40625
GM.5.0.GATA.0006	-1.686327901291766	-0.13341244268285388	-0.21182292796144253	2.21147201105736	1.557632398753894	2.3828125
GM.5.0.RFX.0018	2.4748643447977643	1.2998926819674066	-0.2806177765234818	3.3863165169315828	1.8691588785046727	2.265625
GM.5.0.Forkhead.0004	1.1901781774155888	-0.44235200525115215	0.22756621635173588	1.1748445058742225	0.6230529595015576	1.3671875
GM.5.0.Homeodomain.0138	0.18040290456501137	2.097594309841824	1.0554986111701665	0.0	0.0	0.0
GM.5.0.bZIP.0009	-1.1088010902537082	-0.9259378353402379	-3.6813985124459245	2.8334485141672427	0.3115264797507788	2.7734375
GM.5.0.Homeodomain.0183	-0.16663173833873174	2.49130701002592	-0.58043873792856	0.0	0.0	0.0
GM.5.0.RFX.0009	2.977489879308264	-2.828746040596728	-2.195341028352411	2.21147201105736	0.9345794392523363	1.4453125
GM.5.0.C2H2_ZF.0210	1.3397159394641247	-0.49717432044781845	-0.3630542904572052	0.0	0.0	0.0
GM.5.0.T-box.0016	0.857300078506797	1.1936497086410651	0.1658072135377849	2.4187975120939877	5.919003115264798	2.34375
GM.5.0.TEA.0004	2.719610099572364	0.6453136534150006	0.483741017023029	2.1423635107118177	0.3115264797507788	1.5234375
GM.5.0.Nuclear_receptor.0128	-0.6579948851740907	2.814318056265059	-1.0431884611812614	1.10573600552868	4.361370716510903	1.9921874999999998
GM.5.0.bZIP.0082	-1.129067619068822	-1.1546639760638986	1.313245555464065	1.38217000691085	1.2461059190031152	1.3671875
GM.5.0.STAT.0017	1.0962591692239856	0.06322178547611117	-1.4384364580796298	3.2480995162404978	0.6230529595015576	2.2265625
GM.5.0.Homeodomain.0188	-1.4234665966890878	-1.0540742742083635	1.783432882833602	1.38217000691085	0.6230529595015576	1.875
GM.5.0.Unknown.0198	2.84800303829529	1.2018918250157022	-1.4633936389334945	2.2805805114029023	1.8691588785046727	1.484375
GM.5.0.Homeodomain.0198	0.5099195561438157	1.0189189292028933	-1.1211528754965228	1.520387007601935	1.2461059190031152	1.5625
GM.5.0.Homeodomain.0033	1.444755089929756	0.4196616210473694	0.7914819061927508	2.0041465100207327	1.2461059190031152	1.6015624999999998
GM.5.0.Unknown.0019	-0.946419923088732	1.4417753260860189	0.3094696796076339	0.0	0.0	0.0
GM.5.0.Forkhead.0047	-0.05314623316002249	-1.5104864423005855	-1.6300287931724808	2.0041465100207327	0.9345794392523363	1.640625
GM.5.0.Forkhead.0015	4.088489647210974	-1.0030878552509779	-1.8877363875352458	3.1789910158949555	1.2461059190031152	1.484375
GM.5.0.Myb_SANT.0001	-1.0650455362239306	-0.2952274943960802	0.6136311275102387	2.073255010366275	0.9345794392523363	1.328125
GM.5.0.Homeodomain.0077	-0.41638806945987267	-1.5306610280506412	-1.0374469435641172	3.1789910158949555	2.4922118380062304	2.5
GM.5.0.Forkhead.0030	3.334322324668823	-1.5769262044685484	-1.6713988668866397	0.0	0.0	0.0
GM.5.0.STAT.0024	-0.4558545387886524	-1.4316607814997269	-0.6699784210917807	1.9350380096751902	0.6230529595015576	1.6015624999999998
GM.5.0.C2H2_ZF.0227	0.8668748276771513	-1.4677855461201763	-1.385338649010156	2.626123013130615	0.9345794392523363	2.8125
GM.5.0.bZIP.0006	1.5567148646066773	0.6895408236147235	-0.1539539007262601	1.520387007601935	0.0	0.9765625
GM.5.0.Homeodomain_POU.0009	0.8848752013427594	1.7101178398104744	0.22534760625775907	4.561161022805805	3.4267912772585665	2.3828125
GM.5.0.Homeodomain.0184	0.16064264872984121	1.0001017166457644	0.5716112719139602	0.0	0.0	0.0
GM.5.0.Unknown.0073	0.1636506763087447	-1.4821776839310663	0.5611620479675571	1.38217000691085	2.1806853582554515	1.5625
GM.5.0.C2H2_ZF.0221	-2.549498941575509	-0.08443553449666329	-2.1820273480570203	2.0041465100207327	3.115264797507788	2.265625
GM.5.0.Homeodomain.0086	0.6629364192404076	1.715990596482273	0.33877425894618834	2.349689011748445	2.1806853582554515	1.7578125
GM.5.0.Forkhead.0007	3.6405960659599272	-1.7019201854240993	-2.0443544198154746	0.0	0.0	0.0
GM.5.0.Homeodomain.0052	-0.5283360826491453	0.9993349210462986	1.3972200289622247	1.9350380096751902	1.2461059190031152	2.1875
GM.5.0.Forkhead.0044	4.640962949200203	-0.228978195219772	-1.2139433864864366	4.492052522460263	0.3115264797507788	1.09375
GM.5.0.Unknown.0056	-0.8085738262530496	-1.9056336770216427	-0.23529121176007803	0.0	0.0	0.0
GM.5.0.GATA.0030	1.8678596981384916	0.9520159454146667	-2.6282246599515973	2.1423635107118177	2.1806853582554515	1.2109375
GM.5.0.Unknown.0100	0.6435078066858659	1.790616553751057	-0.5420332084450821	2.073255010366275	2.1806853582554515	1.171875
GM.5.0.C2H2_ZF.0025	0.31480110135996736	2.016196984157411	-0.273902104330741	0.6219765031098825	2.4922118380062304	1.09375
GM.5.0.Homeodomain.0151	2.3693151191826236	1.3220690697099482	-0.5554644940686225	3.04077401520387	0.6230529595015576	1.015625
GM.5.0.STAT.0019	-0.6914484249904059	0.641131167627119	0.4425181830196227	1.243953006219765	0.6230529595015576	1.5625
GM.5.0.bZIP.0041	0.9983165980237064	0.7672087301127469	0.2081066413736117	3.1098825155494123	8.411214953271028	3.3984374999999996
GM.5.0.MADS_box.0013	0.9706426323116465	-0.30941596934797494	-0.46736496628948	1.7277125086385625	0.3115264797507788	1.953125
GM.5.0.Nuclear_receptor.0058	-0.2996792376951193	-1.5483976583156738	0.9348755435351409	1.7277125086385625	1.557632398753894	1.9140625000000002
GM.5.0.Homeodomain.0129	-0.8749366494122287	1.4192804317603436	-1.4882090257043767	1.5894955079474777	1.557632398753894	1.5625
GM.5.0.Nuclear_receptor.0086	-0.9191185754499411	-1.0191359217621256	1.7110208727784666	0.9675190048375951	0.6230529595015576	1.40625
GM.5.0.Forkhead.0013	4.753685766646259	-1.4069400791265225	-2.0895656326650593	2.9716655148583278	0.0	1.09375
GM.5.0.Paired_box.0022	-0.2711568818654336	-1.7227242883912113	-0.9606677072980504	1.38217000691085	2.1806853582554515	1.7578125
GM.5.0.bHLH.0072	2.4270876609452823	-0.895357121741358	-1.4846520204237563	4.97581202487906	3.115264797507788	4.4921875
GM.5.0.SMAD.0002	0.4730925359026603	2.6644286896270004	-0.004306927356334491	0.0	0.0	0.0
GM.5.0.ARID_BRIGHT.0002	1.9879105612575798	0.15770567839850216	-0.2872933838321248	0.0	0.0	0.0
GM.5.0.C2H2_ZF.0043	1.5254584707818235	-1.0783897588122169	-0.6231551460237928	1.243953006219765	0.6230529595015576	1.1328125
GM.5.0.Unknown.0050	0.7754582289775525	-0.7232425612442098	-0.5366659542665897	2.6952315134761573	1.557632398753894	2.96875
GM.5.0.Nuclear_receptor.0025	1.1822202712440728	-0.14023937852806562	-0.027298584531983375	2.1423635107118177	1.557632398753894	2.4609375
GM.5.0.Unknown.0079	0.7444029891033722	0.6826631377309111	1.8869654605951076	0.0	0.0	0.0
GM.5.0.Homeodomain.0045	1.9026037643754314	3.0229864333207837	-1.868397947621829	4.215618521078093	4.049844236760125	1.7968749999999998
GM.5.0.Unknown.0004	-0.47822329098262856	1.578688615658174	0.662019128780024	4.215618521078093	2.1806853582554515	5.6640625
GM.5.0.C2H2_ZF.0229	-0.254736752792638	-0.6189611473765998	1.999296027905219	1.0366275051831375	1.8691588785046727	1.875
GM.5.0.Homeodomain.0107	0.9687451449928813	1.2998691461306928	-2.398221825866503	3.2480995162404978	2.4922118380062304	2.3046875
GM.5.0.Homeodomain.0119	-0.46537589903813503	0.015038540251147885	0.020863062701160246	0.0	0.0	0.0
GM.5.0.bZIP.0073	-0.2804113053762499	0.6665136487156775	-0.14473953094982644	0.0	0.0	0.0
GM.5.0.MADS_box.0002	0.11600662801228345	-1.1090594480193554	1.2577743780665118	1.243953006219765	0.3115264797507788	1.7968749999999998
GM.5.0.C2H2_ZF_Homeodomain.0002	0.6535392883108884	-1.1993340756282949	2.7573857101597703	0.0	0.0	0.0
GM.5.0.Homeodomain.0056	-1.077262442144921	-0.7654966613358373	1.580658596040053	2.6952315134761573	2.1806853582554515	3.0078125
GM.5.0.Nuclear_receptor.0121	2.0388735379718117	0.08835858143506968	-0.06594065568253928	4.492052522460263	1.8691588785046727	3.8671875
GM.5.0.GATA.0012	-3.862068093287568	0.5929579302277346	-1.3714664360822948	0.0	0.0	0.0
GM.5.0.bZIP.0003	0.11985041654368232	-0.03857418439429761	2.694070864426177	3.455425017277125	1.2461059190031152	3.4375000000000004
GM.5.0.SAND.0004	2.2238852398473603	-2.457789042338532	-1.2215607349659912	0.0	0.0	0.0
GM.5.0.GATA.0004	-1.3591194608627986	4.024827443335404	2.418371435097947	0.0	0.0	0.0
GM.5.0.bZIP.0013	-0.7066987529596243	-0.6868652360026479	3.953653421547882	6.63441603317208	1.8691588785046727	9.0234375
