# maelstrom - GimmeMotifs version 0.16.1
# method: hypergeom with motif count
# motif table: /home/ia1014/gimmemotifs/output/stratified.out/motif.nr.count.txt.gz
# activity values: -log10-transformed, BH-corrected hypergeometric p-values
	3' UTR	5' UTR	Distal Intergenic	Downstream (<1kb)	Downstream (1-2kb)	Downstream (2-3kb)	Exon	Intron	Promoter (<=1kb)	Promoter (1-2kb)	Promoter (2-3kb)
GM.5.0.GATA.0029	-0.0	-0.0	-0.0	-0.0	-0.0	-0.0	-0.0	-0.0	-0.0	-0.0	-0.0
GM.5.0.Unknown.0159	-0.0	-0.0	-0.0	-0.0	-0.0	-0.0	-0.0	-0.0	-0.0	8.186373904793626	9.505402543065644
GM.5.0.Mixed.0104	-0.0	-0.0	-0.0	-0.0	-0.0	-0.0	-0.0	-0.0	-0.0	19.408683568465772	14.79041169755872
GM.5.0.C2H2_ZF.0095	-0.0	-0.0	-0.0	-0.0	-0.0	-0.0	-0.0	-0.0	-0.0	24.859875858799825	21.220586057089385
GM.5.0.Unknown.0161	-0.0	-0.0	-0.0	-0.0	-0.0	-0.0	-0.0	-0.0	-0.0	11.278344755533595	10.228637152398809
GM.5.0.Homeodomain.0049	-0.0	-0.0	-0.0	-0.0	-0.0	-0.0	-0.0	-0.0	-0.0	27.28593442419569	16.38038462679872
GM.5.0.Unknown.0113	-0.0	-0.0	-0.0	-0.0	-0.0	-0.0	-0.0	-0.0	-0.0	25.385709294085945	23.357126380523773
GM.5.0.Nuclear_receptor.0087	-0.0	-0.0	-0.0	-0.0	-0.0	-0.0	-0.0	-0.0	-0.0	20.97663402917148	21.242483360523245
GM.5.0.Unknown.0171	-0.0	-0.0	-0.0	-0.0	-0.0	-0.0	-0.0	-0.0	-0.0	-0.0	-0.0
GM.5.0.Rel.0008	-0.0	-0.0	-0.0	-0.0	-0.0	-0.0	-0.0	-0.0	-0.0	28.900745750589866	14.37256164621846
GM.5.0.C2H2_ZF.0188	-0.0	-0.0	-0.0	-0.0	-0.0	-0.0	-0.0	-0.0	-0.0	13.629459602651847	17.417964032204466
GM.5.0.Nuclear_receptor.0061	-0.0	-0.0	-0.0	-0.0	-0.0	-0.0	-0.0	-0.0	-0.0	25.097682948746257	18.0521260725468
GM.5.0.Nuclear_receptor.0103	-0.0	-0.0	-0.0	-0.0	-0.0	-0.0	-0.0	-0.0	-0.0	13.546492298879995	4.958844502575518
GM.5.0.Homeodomain.0159	-0.0	-0.0	-0.0	-0.0	-0.0	-0.0	-0.0	-0.0	-0.0	37.07610108931528	31.160945841718355
GM.5.0.Unknown.0129	-0.0	-0.0	-0.0	-0.0	-0.0	-0.0	-0.0	-0.0	-0.0	41.689046578720294	45.62322200902154
GM.5.0.C2H2_ZF.0038	-0.0	-0.0	-0.0	-0.0	-0.0	-0.0	-0.0	-0.0	-0.0	41.36775950193923	17.9516658355549
GM.5.0.Nuclear_receptor.0125	-0.0	-0.0	-0.0	-0.0	-0.0	-0.0	-0.0	-0.0	-0.0	29.1583713948625	7.438216264015037
GM.5.0.Myb_SANT.0012	-0.0	-0.0	-0.0	-0.0	-0.0	-0.0	-0.0	-0.0	-0.0	34.50687545041038	40.263916580138996
GM.5.0.Nuclear_receptor.0098	-0.0	-0.0	-0.0	-0.0	-0.0	-0.0	-0.0	-0.0	-0.0	31.133680463123287	9.289470498946548
GM.5.0.RFX.0016	-0.0	-0.0	-0.0	-0.0	-0.0	-0.0	-0.0	-0.0	-0.0	73.04075041612943	73.6883006658205
GM.5.0.Nuclear_receptor.0042	-0.0	-0.0	-0.0	-0.0	-0.0	-0.0	-0.0	-0.0	-0.0	22.874593888574488	9.081224675005874
GM.5.0.DM.0004	-0.0	-0.0	-0.0	-0.0	-0.0	-0.0	-0.0	-0.0	-0.0	13.785924446749421	14.536500035521742
GM.5.0.Nuclear_receptor.0134	-0.0	-0.0	-0.0	-0.0	-0.0	-0.0	-0.0	-0.0	-0.0	23.19046652115251	21.27921504255078
GM.5.0.C2H2_ZF.0281	-0.0	-0.0	-0.0	-0.0	-0.0	-0.0	-0.0	-0.0	-0.0	26.291496107418073	15.816214287729709
GM.5.0.C2H2_ZF.0146	-0.0	-0.0	-0.0	-0.0	-0.0	-0.0	-0.0	-0.0	-0.0	30.677137245267826	20.667146004010856
GM.5.0.C2H2_ZF.0181	-0.0	-0.0	-0.0	-0.0	-0.0	-0.0	-0.0	-0.0	-0.0	38.11242834858917	23.417462720661693
GM.5.0.Nuclear_receptor.0065	-0.0	-0.0	-0.0	-0.0	-0.0	-0.0	-0.0	-0.0	-0.0	20.556849509489773	9.37450372505823
GM.5.0.Mixed.0047	-0.0	-0.0	-0.0	-0.0	-0.0	-0.0	-0.0	-0.0	-0.0	-0.0	-0.0
GM.5.0.GATA.0025	-0.0	-0.0	-0.0	-0.0	-0.0	-0.0	-0.0	-0.0	-0.0	-0.0	-0.0
GM.5.0.C2H2_ZF.0233	-0.0	-0.0	-0.0	-0.0	-0.0	-0.0	-0.0	-0.0	-0.0	28.026331775673892	8.054375806430672
GM.5.0.T-box.0014	-0.0	-0.0	-0.0	-0.0	-0.0	-0.0	-0.0	-0.0	-0.0	37.88994247752951	28.05340062797288
GM.5.0.C2H2_ZF.0283	-0.0	-0.0	-0.0	-0.0	-0.0	-0.0	-0.0	-0.0	-0.0	65.24999728926545	22.250522171673193
GM.5.0.Forkhead.0026	-0.0	-0.0	-0.0	-0.0	-0.0	-0.0	-0.0	-0.0	-0.0	39.116815599891325	16.43372690194058
GM.5.0.C2H2_ZF.0138	-0.0	-0.0	-0.0	-0.0	-0.0	-0.0	-0.0	-0.0	-0.0	10.993981124450663	9.714077383937152
GM.5.0.bHLH.0096	-0.0	-0.0	-0.0	-0.0	-0.0	-0.0	-0.0	-0.0	-0.0	49.56991850517885	29.156147769041937
GM.5.0.Unknown.0040	-0.0	-0.0	-0.0	-0.0	-0.0	-0.0	-0.0	-0.0	-0.0	46.654474830525515	21.047284171498095
GM.5.0.bHLH.0128	-0.0	-0.0	-0.0	-0.0	-0.0	-0.0	-0.0	-0.0	-0.0	49.490788196837244	41.23682834091291
GM.5.0.Unknown.0128	-0.0	-0.0	-0.0	-0.0	-0.0	-0.0	-0.0	-0.0	-0.0	28.092846907490753	23.893673567908642
GM.5.0.bHLH.0120	-0.0	-0.0	-0.0	-0.0	-0.0	-0.0	-0.0	-0.0	-0.0	45.53774767333021	32.28136204338453
GM.5.0.bZIP.0060	-0.0	-0.0	-0.0	-0.0	-0.0	-0.0	-0.0	-0.0	-0.0	34.64886390154554	24.34827793778018
GM.5.0.C2H2_ZF.0235	-0.0	-0.0	-0.0	-0.0	-0.0	-0.0	-0.0	-0.0	-0.0	33.83329947377417	28.80159830486823
GM.5.0.C2H2_ZF.0280	-0.0	-0.0	-0.0	-0.0	-0.0	-0.0	-0.0	-0.0	-0.0	31.10340267363856	33.25189892277717
GM.5.0.Mixed.0020	-0.0	-0.0	-0.0	-0.0	-0.0	-0.0	-0.0	-0.0	-0.0	58.58710162782532	27.517762397632573
GM.5.0.C2H2_ZF.0132	-0.0	-0.0	-0.0	-0.0	-0.0	-0.0	-0.0	-0.0	-0.0	40.719179154434784	19.444532969014464
GM.5.0.Mixed.0009	-0.0	-0.0	-0.0	-0.0	-0.0	-0.0	-0.0	-0.0	0.9318337385315584	48.3992039146487	27.410180163685204
GM.5.0.C2H2_ZF.0076	-0.0	-0.0	-0.0	-0.0	-0.0	-0.0	-0.0	-0.0	-0.0	34.128336336563116	30.434173124861385
GM.5.0.Nuclear_receptor.0114	-0.0	-0.0	-0.0	-0.0	-0.0	-0.0	-0.0	-0.0	-0.0	24.044495603277124	13.952606847544276
GM.5.0.bZIP.0031	-0.0	-0.0	-0.0	-0.0	-0.0	-0.0	-0.0	-0.0	-0.0	37.88077603480494	19.722758336198176
GM.5.0.Unknown.0059	-0.0	-0.0	-0.0	-0.0	-0.0	-0.0	-0.0	-0.0	-0.0	32.50162173510041	21.7509147402995
GM.5.0.bHLH.0075	-0.0	-0.0	-0.0	-0.0	-0.0	-0.0	-0.0	-0.0	-0.0	61.249201825869456	40.89601015842791
GM.5.0.Nuclear_receptor.0148	-0.0	-0.0	-0.0	-0.0	-0.0	-0.0	-0.0	-0.0	-0.0	-0.0	-0.0
GM.5.0.T-box.0019	-0.0	-0.0	-0.0	-0.0	-0.0	-0.0	-0.0	-0.0	-0.0	59.99200438928033	30.288620314265213
GM.5.0.Nuclear_receptor.0117	-0.0	-0.0	-0.0	-0.0	-0.0	-0.0	-0.0	-0.0	-0.0	-0.0	-0.0
GM.5.0.C2H2_ZF.0126	-0.0	-0.0	-0.0	-0.0	-0.0	-0.0	-0.0	-0.0	-0.0	35.86124444073733	25.1389145979736
GM.5.0.bZIP.0032	-0.0	-0.0	-0.0	-0.0	-0.0	-0.0	-0.0	-0.0	-0.0	28.49377343482466	39.0864334147601
GM.5.0.Myb_SANT.0011	-0.0	-0.0	-0.0	-0.0	-0.0	-0.0	-0.0	-0.0	-0.0	-0.0	-0.0
GM.5.0.Nuclear_receptor.0049	-0.0	-0.0	-0.0	-0.0	-0.0	-0.0	-0.0	-0.0	-0.0	30.85658531402664	17.672844797290203
GM.5.0.Zinc_cluster.0001	-0.0	-0.0	-0.0	-0.0	-0.0	-0.0	-0.0	-0.0	-0.0	30.285731919172484	27.613070104346246
GM.5.0.C2H2_ZF.0225	-0.0	-0.0	-0.0	-0.0	-0.0	-0.0	-0.0	-0.0	-0.0	28.164773092728684	31.37378884543107
GM.5.0.Unknown.0015	-0.0	-0.0	-0.0	-0.0	-0.0	-0.0	-0.0	-0.0	-0.0	32.94512768805539	16.45757555652238
GM.5.0.Unknown.0123	-0.0	-0.0	-0.0	-0.0	-0.0	-0.0	-0.0	-0.0	-0.0	33.11972521902761	31.756280111123925
GM.5.0.C2H2_ZF.0129	-0.0	-0.0	-0.0	-0.0	-0.0	-0.0	-0.0	-0.0	-0.0	-0.0	-0.0
GM.5.0.C2H2_ZF.0302	-0.0	-0.0	-0.0	-0.0	-0.0	-0.0	-0.0	-0.0	-0.0	24.16864506269146	8.4172888967524
GM.5.0.Nuclear_receptor.0100	-0.0	-0.0	-0.0	-0.0	-0.0	-0.0	-0.0	-0.0	-0.0	23.168569292986685	16.930860376531424
GM.5.0.Mixed.0072	-0.0	-0.0	-0.0	-0.0	-0.0	-0.0	-0.0	-0.0	-0.0	35.42622226800003	35.13771335768629
GM.5.0.Unknown.0117	-0.0	-0.0	-0.0	-0.0	-0.0	-0.0	-0.0	-0.0	-0.0	60.91136712040533	24.75720009519044
GM.5.0.Nuclear_receptor.0101	-0.0	-0.0	-0.0	-0.0	-0.0	-0.0	-0.0	-0.0	-0.0	20.893588219394854	9.527407545009284
GM.5.0.C2H2_ZF.0298	-0.0	-0.0	-0.0	-0.0	-0.0	-0.0	-0.0	-0.0	-0.0	45.171273394368676	33.72578752644836
GM.5.0.Unknown.0202	-0.0	-0.0	-0.0	-0.0	-0.0	-0.0	-0.0	-0.0	-0.0	36.506617873756866	21.56369048411603
GM.5.0.Mixed.0007	-0.0	-0.0	-0.0	-0.0	-0.0	-0.0	-0.0	-0.0	-0.0	-0.0	-0.0
GM.5.0.STAT.0013	-0.0	-0.0	-0.0	-0.0	-0.0	-0.0	-0.0	-0.0	-0.0	25.32042572479061	16.988863455551968
GM.5.0.Nuclear_receptor.0088	-0.0	-0.0	-0.0	-0.0	-0.0	-0.0	-0.0	-0.0	-0.0	28.20144807909341	6.3053465252557785
GM.5.0.Mixed.0100	-0.0	-0.0	-0.0	-0.0	-0.0	-0.0	-0.0	-0.0	-0.0	18.57844083540494	21.695628095795698
GM.5.0.C2H2_ZF.0224	-0.0	-0.0	-0.0	-0.0	-0.0	-0.0	-0.0	-0.0	-0.0	39.8904639061606	25.81758324594461
GM.5.0.Nuclear_receptor.0064	-0.0	-0.0	-0.0	-0.0	-0.0	-0.0	-0.0	-0.0	-0.0	22.070240251167586	19.829316633127462
GM.5.0.Nuclear_receptor.0116	-0.0	-0.0	-0.0	-0.0	-0.0	-0.0	-0.0	-0.0	-0.0	36.85936013541222	16.60578148882882
GM.5.0.Homeodomain_POU.0011	-0.0	-0.0	-0.0	-0.0	-0.0	-0.0	-0.0	-0.0	-0.0	30.815948306907348	28.318329869071214
GM.5.0.bHLH.0054	-0.0	-0.0	-0.0	-0.0	-0.0	-0.0	-0.0	-0.0	-0.0	59.88517580439113	28.491184568927764
GM.5.0.EIN3.0001	-0.0	-0.0	-0.0	-0.0	-0.0	-0.0	-0.0	-0.0	-0.0	-0.0	-0.0
GM.5.0.C2H2_ZF.0217	-0.0	-0.0	-0.0	-0.0	-0.0	-0.0	-0.0	-0.0	-0.0	34.73778666033146	29.49385529550259
GM.5.0.C2H2_ZF.0171	-0.0	-0.0	-0.0	-0.0	-0.0	-0.0	-0.0	-0.0	-0.0	19.997581122841112	8.013809623182397
GM.5.0.Forkhead.0040	-0.0	-0.0	-0.0	-0.0	-0.0	-0.0	-0.0	-0.0	-0.0	51.76884755290517	35.1817489766136
GM.5.0.Unknown.0193	-0.0	-0.0	-0.0	-0.0	-0.0	-0.0	-0.0	-0.0	-0.0	42.77823800987208	25.81758324594461
GM.5.0.Nuclear_receptor.0063	-0.0	-0.0	-0.0	-0.0	-0.0	-0.0	-0.0	-0.0	-0.0	28.132254213193715	20.867269460183522
GM.5.0.C2H2_ZF.0101	-0.0	-0.0	-0.0	-0.0	-0.0	-0.0	-0.0	-0.0	-0.0	42.00532605221455	29.703111536336436
GM.5.0.C2H2_ZF.0073	-0.0	-0.0	-0.0	-0.0	-0.0	-0.0	-0.0	-0.0	-0.0	37.34119226053331	30.958640335524525
GM.5.0.THAP_finger.0006	-0.0	-0.0	-0.0	-0.0	-0.0	-0.0	-0.0	-0.0	-0.0	50.555537909598264	53.59602541355072
GM.5.0.Nuclear_receptor.0050	-0.0	-0.0	-0.0	-0.0	-0.0	-0.0	-0.0	-0.0	-0.0	17.667023602537075	15.97467067367173
GM.5.0.C2H2_ZF.0177	-0.0	-0.0	-0.0	-0.0	-0.0	-0.0	-0.0	-0.0	-0.0	39.0864334147601	26.199399515286
GM.5.0.bHLH.0088	-0.0	-0.0	-0.0	-0.0	-0.0	-0.0	-0.0	-0.0	-0.0	43.23687671525473	30.760006636420638
GM.5.0.Unknown.0138	-0.0	-0.0	-0.0	-0.0	-0.0	-0.0	-0.0	-0.0	-0.0	50.32477591467468	25.38551285878518
GM.5.0.Nuclear_receptor.0115	-0.0	-0.0	-0.0	-0.0	-0.0	-0.0	-0.0	-0.0	-0.0	23.212914002085935	15.252452988446088
GM.5.0.C2H2_ZF.0255	-0.0	-0.0	-0.0	-0.0	-0.0	-0.0	-0.0	-0.0	-0.0	66.9353356815096	46.84511904484485
GM.5.0.C2H2_ZF.0289	-0.0	-0.0	-0.0	-0.0	-0.0	-0.0	-0.0	-0.0	-0.0	31.565482776817472	12.989667477086897
GM.5.0.Homeodomain.0197	-0.0	-0.0	-0.0	-0.0	-0.0	-0.0	-0.0	-0.0	-0.0	36.77427492421988	35.363861624236904
GM.5.0.Prospero.0001	-0.0	-0.0	-0.0	-0.0	-0.0	-0.0	-0.0	-0.0	-0.0	49.39877253439608	28.932005040741295
GM.5.0.Unknown.0055	-0.0	-0.0	-0.0	-0.0	-0.0	-0.0	-0.0	-0.0	-0.0	38.06831730656827	36.29611514429986
GM.5.0.bZIP.0028	-0.0	-0.0	-0.0	-0.0	-0.0	-0.0	-0.0	-0.0	-0.0	52.400379898162704	43.75361604165185
GM.5.0.Nuclear_receptor.0111	-0.0	-0.0	-0.0	-0.0	-0.0	-0.0	-0.0	-0.0	-0.0	31.490781923277172	24.330884868807985
GM.5.0.bZIP.0094	-0.0	-0.0	-0.0	-0.0	-0.0	-0.0	-0.0	-0.0	-0.0	35.6970478500142	39.88518437840038
GM.5.0.CUT_Homeodomain.0006	-0.0	-0.0	-0.0	-0.0	-0.0	-0.0	-0.0	-0.0	-0.0	23.995832287469828	16.56226506102454
GM.5.0.Nuclear_receptor.0137	-0.0	-0.0	-0.0	-0.0	-0.0	-0.0	-0.0	-0.0	-0.0	45.24007957441782	34.745707707980785
GM.5.0.Homeodomain.0195	-0.0	-0.0	-0.0	-0.0	-0.0	-0.0	-0.0	-0.0	-0.0	30.550491546964626	24.34827793778018
GM.5.0.Unknown.0185	-0.0	-0.0	-0.0	-0.0	-0.0	-0.0	-0.0	-0.0	-0.0	24.56203402110904	34.51576615961278
GM.5.0.Unknown.0082	-0.0	-0.0	-0.0	-0.0	-0.0	-0.0	-0.0	-0.0	-0.0	39.587160385476196	23.08019805576482
GM.5.0.Unknown.0119	-0.0	-0.0	-0.0	-0.0	-0.0	-0.0	-0.0	-0.0	-0.0	38.915599471781924	25.6669026245057
GM.5.0.Ets.0038	-0.0	-0.0	-0.0	-0.0	-0.0	-0.0	-0.0	-0.0	-0.0	48.72839363085048	26.041432482196022
GM.5.0.C2H2_ZF.0216	-0.0	-0.0	-0.0	-0.0	-0.0	-0.0	-0.0	-0.0	-0.0	44.385279685173664	25.086463434737148
GM.5.0.Paired_box.0020	-0.0	-0.0	-0.0	-0.0	-0.0	-0.0	-0.0	-0.0	-0.0	51.443735207989654	26.44415497580827
GM.5.0.C2H2_ZF.0219	-0.0	-0.0	-0.0	-0.0	-0.0	-0.0	-0.0	-0.0	-0.0	24.343574576902277	37.2066571676771
GM.5.0.HSF.0009	-0.0	-0.0	-0.0	-0.0	-0.0	-0.0	-0.0	-0.0	-0.0	35.702659397927604	25.81758324594461
GM.5.0.Unknown.0062	-0.0	-0.0	-0.0	-0.0	-0.0	-0.0	-0.0	-0.0	-0.0	52.88822266571435	29.890775766441394
GM.5.0.Unknown.0060	-0.0	-0.0	-0.0	-0.0	-0.0	-0.0	-0.0	-0.0	-0.0	47.93513295527677	25.13577092898211
GM.5.0.C2H2_ZF.0213	-0.0	-0.0	-0.0	-0.0	-0.0	-0.0	-0.0	-0.0	-0.0	36.272822522532344	27.525578945175806
GM.5.0.CxxC.0001	-0.0	-0.0	-0.0	-0.0	-0.0	-0.0	-0.0	-0.0	-0.0	78.07894675590525	39.16395903265095
GM.5.0.Paired_box.0018	-0.0	-0.0	-0.0	-0.0	-0.0	-0.0	-0.0	-0.0	-0.0	49.87286369754514	39.81573353252629
GM.5.0.GATA.0021	-0.0	-0.0	-0.0	-0.0	-0.0	-0.0	-0.0	-0.0	-0.0	48.09042718375036	29.479613056274964
GM.5.0.C2H2_ZF.0125	-0.0	-0.0	-0.0	-0.0	-0.0	-0.0	-0.0	-0.0	-0.0	-0.0	-0.0
GM.5.0.CSD.0001	-0.0	-0.0	-0.0	-0.0	-0.0	-0.0	-0.0	-0.0	-0.0	38.15101247112186	29.29645824764296
GM.5.0.Homeodomain.0146	-0.0	-0.0	-0.0	-0.0	-0.0	-0.0	-0.0	-0.0	-0.0	-0.0	-0.0
GM.5.0.SMAD.0018	-0.0	-0.0	-0.0	-0.0	-0.0	-0.0	-0.0	-0.0	-0.0	54.8045865060068	21.182059370142444
GM.5.0.T-box.0012	-0.0	-0.0	-0.0	-0.0	-0.0	-0.0	-0.0	-0.0	-0.0	31.627906538879923	30.902113606904738
GM.5.0.Nuclear_receptor.0083	-0.0	-0.0	-0.0	-0.0	-0.0	-0.0	-0.0	-0.0	-0.0	14.056540625595336	14.78966788935816
GM.5.0.Mixed.0056	-0.0	-0.0	-0.0	-0.0	-0.0	-0.0	-0.0	-0.0	-0.0	49.97583705796025	17.631882603438235
GM.5.0.C2H2_ZF.0161	-0.0	-0.0	-0.0	-0.0	-0.0	-0.0	-0.0	-0.0	-0.0	28.907088807291785	26.20996164350739
GM.5.0.Unknown.0180	-0.0	-0.0	-0.0	-0.0	-0.0	-0.0	-0.0	-0.0	-0.0	31.203405059590427	14.04896751145948
GM.5.0.Homeodomain.0172	-0.0	-0.0	-0.0	-0.0	-0.0	-0.0	-0.0	-0.0	-0.0	30.60382308251278	32.78142878042059
GM.5.0.Nuclear_receptor.0119	-0.0	-0.0	-0.0	-0.0	-0.0	-0.0	-0.0	-0.0	-0.0	28.09315908179776	12.238097395256467
GM.5.0.C2H2_ZF.0158	-0.0	-0.0	-0.0	-0.0	-0.0	-0.0	-0.0	-0.0	-0.0	36.358140190797336	24.542722300525806
GM.5.0.Mixed.0042	-0.0	-0.0	-0.0	-0.0	-0.0	-0.0	-0.0	-0.0	-0.0	40.09148252561595	28.975115100068784
GM.5.0.Homeodomain.0108	-0.0	-0.0	-0.0	-0.0	-0.0	-0.0	-0.0	-0.0	-0.0	26.057603633917427	31.862471597861358
GM.5.0.Unknown.0190	-0.0	-0.0	-0.0	-0.0	-0.0	-0.0	-0.0	-0.0	-0.0	45.24007957441782	33.40110374813958
GM.5.0.TEA.0006	-0.0	-0.0	-0.0	-0.0	-0.0	-0.0	-0.0	-0.0	-0.0	35.98570279122393	30.01243875180038
GM.5.0.T-box.0023	-0.0	-0.0	-0.0	-0.0	-0.0	-0.0	-0.0	-0.0	-0.0	32.442659907489194	36.139890654352556
GM.5.0.bZIP.0021	-0.0	-0.0	-0.0	-0.0	-0.0	-0.0	-0.0	-0.0	-0.0	42.53484014473109	14.794089679534077
GM.5.0.Unknown.0072	-0.0	-0.0	-0.0	-0.0	-0.0	-0.0	-0.0	-0.0	-0.0	-0.0	-0.0
GM.5.0.Forkhead.0057	-0.0	-0.0	-0.0	-0.0	-0.0	-0.0	-0.0	-0.0	-0.0	19.872078736006117	15.838030328916881
GM.5.0.C2H2_ZF.0012	-0.0	-0.0	-0.0	-0.0	-0.0	-0.0	-0.0	-0.0	-0.0	101.44323835954854	83.30982275566654
GM.5.0.Homeodomain_POU.0024	-0.0	-0.0	-0.0	-0.0	-0.0	-0.0	-0.0	-0.0	-0.0	50.0074334215362	26.18206658170338
GM.5.0.Unknown.0094	-0.0	-0.0	-0.0	-0.0	-0.0	-0.0	-0.0	-0.0	-0.0	32.47860109403223	28.05340062797288
GM.5.0.C2H2_ZF.0278	-0.0	-0.0	-0.0	-0.0	-0.0	-0.0	-0.0	-0.0	-0.0	39.72277442623558	22.687089730547285
GM.5.0.Unknown.0141	-0.0	-0.0	-0.0	-0.0	-0.0	-0.0	-0.0	-0.0	-0.0	80.86650152939006	38.59466986817989
GM.5.0.Grainyhead.0006	-0.0	-0.0	-0.0	-0.0	-0.0	-0.0	-0.0	-0.0	-0.0	45.65858218969941	17.178017274848045
GM.5.0.SMAD.0007	-0.0	-0.0	-0.0	-0.0	-0.0	-0.0	-0.0	-0.0	-0.0	34.50687545041038	40.263916580138996
GM.5.0.C2H2_ZF.0010	-0.0	-0.0	-0.0	-0.0	-0.0	-0.0	-0.0	-0.0	-0.0	45.66469989054703	30.62609960528109
GM.5.0.Ets.0032	-0.0	-0.0	-0.0	-0.0	-0.0	-0.0	-0.0	-0.0	-0.0	22.93683956379673	15.872803677940277
GM.5.0.Nuclear_receptor.0118	-0.0	-0.0	-0.0	-0.0	-0.0	-0.0	-0.0	-0.0	-0.0	22.915983274014422	16.38038462679872
GM.5.0.Unknown.0105	-0.0	-0.0	-0.0	-0.0	-0.0	-0.0	-0.0	-0.0	-0.0	53.482145168562255	20.749350126941906
GM.5.0.Unknown.0005	-0.0	-0.0	-0.0	-0.0	-0.0	-0.0	-0.0	-0.0	-0.0	56.10930208372998	30.059221294753623
GM.5.0.Homeodomain.0118	-0.0	-0.0	-0.0	-0.0	-0.0	-0.0	-0.0	-0.0	-0.0	-0.0	-0.0
GM.5.0.ARID_BRIGHT.0005	-0.0	-0.0	-0.0	-0.0	-0.0	-0.0	-0.0	-0.0	-0.0	-0.0	-0.0
GM.5.0.TEA.0002	-0.0	-0.0	-0.0	-0.0	-0.0	-0.0	-0.0	-0.0	-0.0	38.7797292317776	30.01243875180038
GM.5.0.GATA.0006	-0.0	-0.0	-0.0	-0.0	-0.0	-0.0	-0.0	-0.0	-0.0	26.63682862791636	35.45881590092999
GM.5.0.Paired_box.0013	-0.0	-0.0	-0.0	-0.0	-0.0	-0.0	-0.0	-0.0	-0.0	-0.0	-0.0
GM.5.0.Mixed.0060	-0.0	-0.0	-0.0	-0.0	-0.0	-0.0	-0.0	-0.0	-0.0	-0.0	-0.0
GM.5.0.CUT_Homeodomain.0001	-0.0	-0.0	-0.0	-0.0	-0.0	-0.0	-0.0	-0.0	-0.0	45.4091840390893	36.89823941486416
GM.5.0.Unknown.0034	-0.0	-0.0	-0.0	-0.0	-0.0	-0.0	-0.0	-0.0	-0.0	54.676026280709706	27.29706815001488
GM.5.0.Paired_box.0015	-0.0	-0.0	-0.0	-0.0	-0.0	-0.0	-0.0	-0.0	-0.0	37.6011069331976	30.51866775415875
GM.5.0.Mixed.0053	-0.0	-0.0	-0.0	-0.0	-0.0	-0.0	-0.0	-0.0	-0.0	28.907088807291785	19.543688784711705
GM.5.0.Ets.0043	-0.0	-0.0	-0.0	-0.0	-0.0	-0.0	-0.0	-0.0	-0.0	36.654152435034526	11.395066025018497
GM.5.0.C2H2_ZF.0106	-0.0	-0.0	-0.0	-0.0	-0.0	-0.0	-0.0	-0.0	-0.0	120.06426046248001	70.99073662939465
GM.5.0.ARID_BRIGHT.0003	-0.0	-0.0	-0.0	-0.0	-0.0	-0.0	-0.0	-0.0	-0.0	-0.0	-0.0
GM.5.0.Nuclear_receptor.0099	-0.0	-0.0	-0.0	-0.0	-0.0	-0.0	-0.0	-0.0	-0.0	34.08592122884139	20.08776411111059
GM.5.0.C2H2_ZF.0256	-0.0	-0.0	-0.0	-0.0	-0.0	-0.0	-0.0	-0.0	-0.0	44.0591379909907	42.598564002217095
GM.5.0.Sox.0016	-0.0	-0.0	-0.0	-0.0	-0.0	-0.0	-0.0	-0.0	-0.0	35.42622226800003	36.566995949492515
GM.5.0.STAT.0025	-0.0	-0.0	-0.0	-0.0	-0.0	-0.0	-0.0	-0.0	-0.0	51.22172580718855	31.756280111123925
GM.5.0.Nuclear_receptor.0085	-0.0	-0.0	-0.0	-0.0	-0.0	-0.0	-0.0	-0.0	-0.0	34.07639368686406	29.295996826802593
GM.5.0.bHLH.0109	-0.0	-0.0	-0.0	-0.0	-0.0	-0.0	-0.0	-0.0	-0.0	30.873435289569837	19.90365828990976
GM.5.0.Homeodomain.0153	-0.0	-0.0	-0.0	-0.0	-0.0	-0.0	-0.0	-0.0	-0.0	64.47141855623451	29.72197553808011
GM.5.0.Unknown.0103	-0.0	-0.0	-0.0	-0.0	-0.0	-0.0	-0.0	-0.0	-0.0	35.75346329991332	25.46997685279903
GM.5.0.Mixed.0006	-0.0	-0.0	-0.0	-0.0	-0.0	-0.0	-0.0	-0.0	-0.0	27.31680125302445	19.931893381845995
GM.5.0.bHLH.0019	-0.0	-0.0	-0.0	-0.0	-0.0	-0.0	-0.0	-0.0	-0.0	40.044714024069414	25.46997685279903
GM.5.0.Unknown.0054	-0.0	-0.0	-0.0	-0.0	-0.0	-0.0	-0.0	-0.0	-0.0	32.94512768805539	20.277335781792033
GM.5.0.Homeodomain.0125	-0.0	-0.0	-0.0	-0.0	-0.0	-0.0	-0.0	-0.0	-0.0	30.36474899752665	24.555326958441555
GM.5.0.bZIP.0086	-0.0	-0.0	-0.0	-0.0	-0.0	-0.0	-0.0	-0.0	-0.0	48.602149169131685	30.62609960528109
GM.5.0.Nuclear_receptor.0039	-0.0	-0.0	-0.0	-0.0	-0.0	-0.0	-0.0	-0.0	-0.0	32.3059339664717	18.620895397672946
GM.5.0.RFX.0007	-0.0	-0.0	-0.0	-0.0	-0.0	-0.0	-0.0	-0.0	-0.0	30.677137245267826	19.347808797598603
GM.5.0.Unknown.0206	-0.0	-0.0	-0.0	-0.0	-0.0	-0.0	-0.0	-0.0	-0.0	30.873435289569837	21.20467806695651
GM.5.0.Unknown.0047	-0.0	-0.0	-0.0	-0.0	-0.0	-0.0	-0.0	-0.0	-0.0	17.171971662908042	24.545998716554713
GM.5.0.C2H2_ZF.0098	-0.0	-0.0	-0.0	-0.0	-0.0	-0.0	-0.0	-0.0	-0.0	43.80035820357059	22.510937440242877
GM.5.0.Unknown.0044	-0.0	-0.0	-0.0	-0.0	-0.0	-0.0	-0.0	-0.0	-0.0	61.55200725172544	25.982740707609658
GM.5.0.C2H2_ZF.0169	-0.0	-0.0	-0.0	-0.0	-0.0	-0.0	-0.0	-0.0	-0.0	20.980490421137144	20.04879286011962
GM.5.0.C2H2_ZF.0257	-0.0	-0.0	-0.0	-0.0	-0.0	-0.0	-0.0	-0.0	-0.0	42.978440757088684	43.79643066621765
GM.5.0.Unknown.0126	-0.0	-0.0	-0.0	-0.0	-0.0	-0.0	-0.0	-0.0	-0.0	46.999019345036004	26.18206658170338
GM.5.0.Nuclear_receptor.0038	-0.0	-0.0	-0.0	-0.0	-0.0	-0.0	-0.0	-0.0	-0.0	29.762143987284418	18.796333382436224
GM.5.0.C2H2_ZF.0232	-0.0	-0.0	-0.0	-0.0	-0.0	-0.0	-0.0	-0.0	-0.0	55.64622743210489	25.65060004946075
GM.5.0.C2H2_ZF.0236	-0.0	-0.0	-0.0	-0.0	-0.0	-0.0	-0.0	-0.0	-0.0	56.42701674355207	41.695536032960014
GM.5.0.Ndt80_PhoG.0001	-0.0	-0.0	-0.0	-0.0	-0.0	-0.0	-0.0	-0.0	-0.0	17.886745886272582	19.612847449473453
GM.5.0.Ets.0029	-0.0	-0.0	-0.0	-0.0	-0.0	-0.0	-0.0	-0.0	-0.0	42.73570693496175	29.664682287678698
GM.5.0.Unknown.0065	-0.0	-0.0	-0.0	-0.0	-0.0	-0.0	-0.0	-0.0	-0.0	-0.0	-0.0
GM.5.0.Mixed.0065	-0.0	-0.0	-0.0	-0.0	-0.0	-0.0	-0.0	-0.0	-0.0	25.916232112867366	24.330884868807985
GM.5.0.Homeodomain.0170	-0.0	-0.0	-0.0	-0.0	-0.0	-0.0	-0.0	-0.0	-0.0	47.96329845942181	28.589275614986498
GM.5.0.Mixed.0055	-0.0	-0.0	-0.0	-0.0	-0.0	-0.0	-0.0	-0.0	0.03509883337903136	18.45763213437079	21.801226089403276
GM.5.0.C2H2_ZF.0230	-0.0	-0.0	-0.0	-0.0	-0.0	-0.0	-0.0	-0.0	-0.0	40.90075154177363	28.581872396130112
GM.5.0.C2H2_ZF.0197	-0.0	-0.0	-0.0	-0.0	-0.0	-0.0	-0.0	-0.0	-0.0	29.762143987284418	20.08776411111059
GM.5.0.T-box.0010	-0.0	-0.0	-0.0	-0.0	-0.0	-0.0	-0.0	-0.0	-0.0	47.93513295527677	30.234899715121465
GM.5.0.bHLH.0105	-0.0	-0.0	-0.0	-0.0	-0.0	-0.0	-0.0	-0.0	-0.0	51.608055986992795	42.436945266490895
GM.5.0.Ets.0028	-0.0	-0.0	-0.0	-0.0	-0.0	-0.0	-0.0	-0.0	-0.0	50.0740450811771	38.95306370842831
GM.5.0.C2H2_ZF.0282	-0.0	-0.0	-0.0	-0.0	-0.0	-0.0	-0.0	-0.0	-0.0	25.097682948746257	20.667146004010856
GM.5.0.C2H2_ZF.0168	-0.0	-0.0	-0.0	-0.0	-0.0	-0.0	-0.0	-0.0	-0.0	78.01531384719775	59.517142959356526
GM.5.0.C2H2_ZF.0157	-0.0	-0.0	-0.0	-0.0	-0.0	-0.0	-0.0	-0.0	-0.0	58.56405332175605	22.082707501210777
GM.5.0.C2H2_ZF.0080	-0.0	-0.0	-0.0	-0.0	-0.0	-0.0	-0.0	-0.0	-0.0	32.31510036421439	37.69803286066085
GM.5.0.Unknown.0077	-0.0	-0.0	-0.0	-0.0	-0.0	-0.0	-0.0	-0.0	-0.0	-0.0	-0.0
GM.5.0.C2H2_ZF.0165	-0.0	-0.0	-0.0	-0.0	-0.0	-0.0	-0.0	-0.0	-0.0	39.580378528945594	18.3794916557097
GM.5.0.Mixed.0031	-0.0	-0.0	-0.0	-0.0	-0.0	-0.0	-0.0	-0.0	-0.0	28.430129380862677	15.872803677940277
GM.5.0.SAND.0006	-0.0	-0.0	-0.0	-0.0	-0.0	-0.0	-0.0	-0.0	-0.0	38.13116956233525	36.76802961976685
GM.5.0.GTF2I-like.0001	-0.0	-0.0	-0.0	-0.0	-0.0	-0.0	-0.0	-0.0	-0.0	45.680581780567366	30.583079046209573
GM.5.0.bHLH.0083	-0.0	-0.0	-0.0	-0.0	-0.0	-0.0	-0.0	-0.0	-0.0	65.48350619223676	33.55801732983537
GM.5.0.C2H2_ZF.0254	-0.0	-0.0	-0.0	-0.0	-0.0	-0.0	-0.0	-0.0	-0.0	38.698245079314134	34.42458226752982
GM.5.0.Nuclear_receptor.0068	-0.0	-0.0	-0.0	-0.0	-0.0	-0.0	-0.0	-0.0	-0.0	-0.0	-0.0
GM.5.0.bHLH.0012	-0.0	-0.0	-0.0	-0.0	-0.0	-0.0	-0.0	-0.0	-0.0	40.26552292007478	18.696380976477478
GM.5.0.GATA.0024	-0.0	-0.0	-0.0	-0.0	-0.0	-0.0	-0.0	-0.0	-0.0	54.30532975179277	38.796688418088394
GM.5.0.Homeodomain.0192	-0.0	-0.0	-0.0	-0.0	-0.0	-0.0	-0.0	-0.0	-0.0	39.798938104696894	34.194435512067486
GM.5.0.C2H2_ZF.0301	-0.0	-0.0	-0.0	-0.0	-0.0	-0.0	-0.0	-0.0	-0.0	37.40380383605949	39.33179975798176
GM.5.0.TEA.0005	-0.0	-0.0	-0.0	-0.0	-0.0	-0.0	-0.0	-0.0	0.8345695934659839	204.3615435757222	73.5397956550094
GM.5.0.C2H2_ZF.0032	-0.0	-0.0	-0.0	-0.0	-0.0	-0.0	-0.0	-0.0	-0.0	42.30914625286311	26.000024294555768
GM.5.0.Unknown.0049	-0.0	-0.0	-0.0	-0.0	-0.0	-0.0	-0.0	-0.0	-0.0	27.55479672986142	23.16513180192955
GM.5.0.T-box.0018	-0.0	-0.0	-0.0	-0.0	-0.0	-0.0	-0.0	-0.0	-0.0	21.289074858261664	29.28918866925596
GM.5.0.bZIP.0067	-0.0	-0.0	-0.0	-0.0	-0.0	-0.0	-0.0	-0.0	-0.0	38.15101247112186	37.24753178155199
GM.5.0.C2H2_ZF.0087	-0.0	-0.0	-0.0	-0.0	-0.0	-0.0	-0.0	-0.0	-0.0	-0.0	-0.0
GM.5.0.Mixed.0022	-0.0	-0.0	-0.0	-0.0	-0.0	-0.0	-0.0	-0.0	1.9925887941724447	51.280186220904056	10.609064447200131
GM.5.0.bZIP.0075	-0.0	-0.0	-0.0	-0.0	-0.0	-0.0	-0.0	-0.0	-0.0	45.93389179949202	45.859316310020766
GM.5.0.RFX.0012	-0.0	-0.0	-0.0	-0.0	-0.0	-0.0	-0.0	-0.0	-0.0	32.3059339664717	17.367929475810286
GM.5.0.C2H2_ZF.0277	-0.0	-0.0	-0.0	-0.0	-0.0	-0.0	-0.0	-0.0	-0.0	50.799429147691974	36.39210957936066
GM.5.0.C2H2_ZF.0249	-0.0	-0.0	-0.0	-0.0	-0.0	-0.0	-0.0	-0.0	-0.0	48.14794652345035	21.047284171498095
GM.5.0.Nuclear_receptor.0079	-0.0	-0.0	-0.0	-0.0	-0.0	-0.0	-0.0	-0.0	-0.0	30.05097097615149	18.055912401160953
GM.5.0.Nuclear_receptor.0102	-0.0	-0.0	-0.0	-0.0	-0.0	-0.0	-0.0	-0.0	-0.0	50.799429147691974	32.41929037272942
GM.5.0.Homeodomain.0104	-0.0	-0.0	-0.0	-0.0	-0.0	-0.0	-0.0	-0.0	-0.0	55.893153777317764	20.46043830329268
GM.5.0.C2H2_ZF.0240	-0.0	-0.0	-0.0	-0.0	-0.0	-0.0	-0.0	-0.0	-0.0	32.65253614847283	40.99664782384224
GM.5.0.Rel.0009	-0.0	-0.0	-0.0	-0.0	-0.0	-0.0	-0.0	-0.0	-0.0	45.98680707885462	20.749350126941906
GM.5.0.bZIP.0027	-0.0	-0.0	-0.0	-0.0	-0.0	-0.0	-0.0	-0.0	-0.0	21.516796105566836	20.5084041346744
GM.5.0.Homeodomain.0046	-0.0	-0.0	-0.0	-0.0	-0.0	-0.0	-0.0	-0.0	-0.0	38.17746193536701	28.24784547692547
GM.5.0.Rel.0007	-0.0	-0.0	-0.0	-0.0	-0.0	-0.0	-0.0	-0.0	-0.0	51.76884755290517	33.87439828638291
GM.5.0.Unknown.0169	-0.0	-0.0	-0.0	-0.0	-0.0	-0.0	-0.0	-0.0	-0.0	26.21474129179315	26.20996164350739
GM.5.0.C2H2_ZF.0293	-0.0	-0.0	-0.0	-0.0	-0.0	-0.0	-0.0	-0.0	-0.0	40.70075226411406	28.05340062797288
GM.5.0.GATA.0019	-0.0	-0.0	-0.0	-0.0	-0.0	-0.0	-0.0	-0.0	-0.0	31.627906538879923	32.315933108302815
GM.5.0.Sox.0001	-0.0	-0.0	-0.0	-0.0	-0.0	-0.0	-0.0	-0.0	-0.0	-0.0	-0.0
GM.5.0.bZIP.0099	-0.0	-0.0	-0.0	-0.0	-0.0	-0.0	-0.0	-0.0	-0.0	20.480603814142363	34.10875476158432
GM.5.0.Mixed.0103	-0.0	-0.0	-0.0	-0.0	-0.0	-0.0	-0.0	-0.0	-0.0	18.767696841139802	17.42335295687821
GM.5.0.p53.0010	-0.0	-0.0	-0.0	-0.0	-0.0	-0.0	-0.0	-0.0	-0.0	29.999394387826825	27.644755665554896
GM.5.0.Unknown.0003	-0.0	-0.0	-0.0	-0.0	-0.0	-0.0	-0.0	-0.0	-0.0	-0.0	-0.0
GM.5.0.Mixed.0057	-0.0	-0.0	-0.0	-0.0	-0.0	-0.0	-0.0	-0.0	-0.0	25.531971771306935	37.071978016070226
GM.5.0.bHLH.0086	-0.0	-0.0	-0.0	-0.0	-0.0	-0.0	-0.0	-0.0	-0.0	-0.0	-0.0
GM.5.0.GATA.0028	-0.0	-0.0	-0.0	-0.0	-0.0	-0.0	-0.0	-0.0	-0.0	21.045616275751794	24.555326958441555
GM.5.0.Homeodomain.0194	-0.0	-0.0	-0.0	-0.0	-0.0	-0.0	-0.0	-0.0	-0.0	42.220507002010756	30.234899715121465
GM.5.0.Homeodomain.0189	-0.0	-0.0	-0.0	-0.0	-0.0	-0.0	-0.0	-0.0	-0.0	28.63331103181209	27.380687553825755
GM.5.0.Unknown.0182	-0.0	-0.0	-0.0	-0.0	-0.0	-0.0	-0.0	-0.0	0.22132990896763602	37.05088670984534	21.63628680265772
GM.5.0.Unknown.0042	-0.0	-0.0	-0.0	-0.0	-0.0	-0.0	-0.0	-0.0	-0.0	81.77384816261005	35.59391253477305
GM.5.0.bHLH.0057	-0.0	-0.0	-0.0	-0.0	-0.0	-0.0	-0.0	-0.0	-0.0	68.86040666503179	42.41016887675144
GM.5.0.C2H2_ZF.0185	-0.0	-0.0	-0.0	-0.0	-0.0	-0.0	-0.0	-0.0	-0.0	54.04052286533367	26.281102113139912
GM.5.0.Unknown.0017	-0.0	-0.0	-0.0	-0.0	-0.0	-0.0	-0.0	-0.0	-0.0	50.18981633375916	24.805804399174455
GM.5.0.C2H2_ZF.0075	-0.0	-0.0	-0.0	-0.0	-0.0	-0.0	-0.0	-0.0	-0.0	-0.0	-0.0
GM.5.0.GATA.0030	-0.0	-0.0	-0.0	-0.0	-0.0	-0.0	-0.0	-0.0	-0.0	53.87346317845126	15.68638602912017
GM.5.0.Homeodomain.0044	-0.0	-0.0	-0.0	-0.0	-0.0	-0.0	-0.0	-0.0	-0.0	45.45328868941798	35.25923108883802
GM.5.0.Rel.0024	-0.0	-0.0	-0.0	-0.0	-0.0	-0.0	-0.0	-0.0	-0.0	48.09938621802842	38.8528427115799
GM.5.0.Mixed.0105	-0.0	-0.0	-0.0	-0.0	-0.0	-0.0	-0.0	-0.0	-0.0	27.02493291517048	22.440592599678347
GM.5.0.C2H2_ZF.0123	-0.0	-0.0	-0.0	-0.0	-0.0	-0.0	-0.0	-0.0	-0.0	41.980237501591	26.199399515286
GM.5.0.GATA.0015	-0.0	-0.0	-0.0	-0.0	-0.0	-0.0	-0.0	-0.0	-0.0	50.66446828296988	36.69701546189637
GM.5.0.bHLH.0059	-0.0	-0.0	-0.0	-0.0	-0.0	-0.0	-0.0	-0.0	-0.0	32.80329823882952	23.26774091856387
GM.5.0.Unknown.0076	-0.0	-0.0	-0.0	-0.0	-0.0	-0.0	-0.0	-0.0	-0.0	17.667023602537075	15.97467067367173
GM.5.0.bHLH.0078	-0.0	-0.0	-0.0	-0.0	-0.0	-0.0	-0.0	-0.0	-0.0	30.265268570171454	22.49241405391927
GM.5.0.Homeodomain.0177	-0.0	-0.0	-0.0	-0.0	-0.0	-0.0	-0.0	-0.0	-0.0	57.095057869024345	17.9516658355549
GM.5.0.Nuclear_receptor.0082	-0.0	-0.0	-0.0	-0.0	-0.0	-0.0	-0.0	-0.0	-0.0	52.31534238446697	25.82214407127873
GM.5.0.Homeodomain.0132	-0.0	-0.0	-0.0	-0.0	-0.0	-0.0	-0.0	-0.0	-0.0	27.03649342017236	31.423957617517168
GM.5.0.C2H2_ZF.0202	-0.0	-0.0	-0.0	-0.0	-0.0	-0.0	-0.0	-0.0	-0.0	32.50162173510041	27.153941890816935
GM.5.0.C2H2_ZF.0011	-0.0	-0.0	-0.0	-0.0	-0.0	-0.0	-0.0	-0.0	-0.0	28.49377343482466	40.59364605510925
GM.5.0.SMAD.0009	-0.0	-0.0	-0.0	-0.0	-0.0	-0.0	-0.0	-0.0	-0.0	35.24501643995519	24.73726964506621
GM.5.0.bZIP.0061	-0.0	-0.0	-0.0	-0.0	-0.0	-0.0	-0.0	-0.0	-0.0	55.3073060711276	32.957336274825394
GM.5.0.C2H2_ZF.0151	-0.0	-0.0	-0.0	-0.0	-0.0	-0.0	-0.0	-0.0	-0.0	40.604885565883954	25.82214407127873
GM.5.0.Mixed.0091	-0.0	-0.0	-0.0	-0.0	-0.0	-0.0	-0.0	-0.0	-0.0	43.54202153257417	43.52373028377195
GM.5.0.MADS_box.0001	-0.0	-0.0	-0.0	-0.0	-0.0	-0.0	-0.0	-0.0	-0.0	25.59386281996355	10.128965905957422
GM.5.0.STAT.0015	-0.0	-0.0	-0.0	-0.0	-0.0	-0.0	-0.0	-0.0	-0.0	35.23322838454874	21.20467806695651
GM.5.0.T-box.0016	-0.0	-0.0	-0.0	-0.0	-0.0	-0.0	-0.0	-0.0	-0.0	26.292458089516945	33.56960083239237
GM.5.0.Mixed.0012	-0.0	-0.0	-0.0	-0.0	-0.0	-0.0	-0.0	-0.0	-0.0	64.24055145926454	38.263802433367054
GM.5.0.Homeodomain.0042	-0.0	-0.0	-0.0	-0.0	-0.0	-0.0	-0.0	-0.0	-0.0	49.070604141287504	36.1856351956877
GM.5.0.bZIP.0070	-0.0	-0.0	-0.0	-0.0	-0.0	-0.0	-0.0	-0.0	-0.0	43.31154765904799	15.11876069882027
GM.5.0.Grainyhead.0007	-0.0	-0.0	-0.0	-0.0	-0.0	-0.0	-0.0	-0.0	-0.0	55.466217189278446	20.913598152122294
GM.5.0.C2H2_ZF.0284	-0.0	-0.0	-0.0	-0.0	-0.0	-0.0	-0.0	-0.0	-0.0	89.82515417029381	61.62201372556456
GM.5.0.bHLH.0051	-0.0	-0.0	-0.0	-0.0	-0.0	-0.0	-0.0	-0.0	-0.0	41.183218513100414	15.459295553919747
GM.5.0.Mixed.0109	-0.0	-0.0	-0.0	-0.0	-0.0	-0.0	-0.0	-0.0	-0.0	50.80171827302534	34.964331465810695
GM.5.0.Paired_box.0017	-0.0	-0.0	-0.0	-0.0	-0.0	-0.0	-0.0	-0.0	-0.0	28.430129380862677	15.872803677940277
GM.5.0.Ets.0025	-0.0	-0.0	-0.0	-0.0	-0.0	-0.0	-0.0	-0.0	-0.0	-0.0	-0.0
GM.5.0.Mixed.0008	-0.0	-0.0	-0.0	-0.0	-0.0	-0.0	-0.0	-0.0	-0.0	132.7757032567657	65.03350214952145
GM.5.0.Grainyhead.0008	-0.0	-0.0	-0.0	-0.0	-0.0	-0.0	-0.0	-0.0	-0.0	38.13116956233525	32.59368845559041
GM.5.0.T-box.0025	-0.0	-0.0	-0.0	-0.0	-0.0	-0.0	-0.0	-0.0	-0.0	60.45942950736773	50.51055304267316
GM.5.0.bZIP.0102	-0.0	-0.0	-0.0	-0.0	-0.0	-0.0	-0.0	-0.0	-0.0	59.35664465682985	25.38551285878518
GM.5.0.bHLH.0129	-0.0	-0.0	-0.0	-0.0	-0.0	-0.0	-0.0	-0.0	-0.0	41.370112596400176	32.28136204338453
GM.5.0.Nuclear_receptor.0147	-0.0	-0.0	-0.0	-0.0	-0.0	-0.0	-0.0	-0.0	-0.0	43.021746472956124	36.54607323346599
GM.5.0.C2H2_ZF.0266	-0.0	-0.0	-0.0	-0.0	-0.0	-0.0	-0.0	-0.0	-0.0	26.470409322852785	30.73826555839725
GM.5.0.Mixed.0052	-0.0	-0.0	-0.0	-0.0	-0.0	-0.0	-0.0	-0.0	-0.0	60.13253008742414	34.292643014634244
GM.5.0.Nuclear_receptor.0069	-0.0	-0.0	-0.0	-0.0	-0.0	-0.0	-0.0	-0.0	-0.0	39.743573039256866	28.20447601141362
GM.5.0.bHLH.0061	-0.0	-0.0	-0.0	-0.0	-0.0	-0.0	-0.0	-0.0	-0.0	46.10354016571809	24.710415860805373
GM.5.0.C2H2_ZF.0114	-0.0	-0.0	-0.0	-0.0	-0.0	-0.0	-0.0	-0.0	-0.0	47.34994229023363	21.353096386794718
GM.5.0.GATA.0018	-0.0	-0.0	-0.0	-0.0	-0.0	-0.0	-0.0	-0.0	-0.0	52.00715554363456	22.531497651024015
GM.5.0.Mixed.0036	-0.0	-0.0	-0.0	-0.0	-0.0	-0.0	-0.0	-0.0	-0.0	26.453829107189833	23.382571451421764
GM.5.0.C2H2_ZF.0069	-0.0	-0.0	-0.0	-0.0	-0.0	-0.0	-0.0	-0.0	-0.0	32.793921418819096	45.57049269242448
GM.5.0.Homeodomain.0100	-0.0	-0.0	-0.0	-0.0	-0.0	-0.0	-0.0	-0.0	-0.0	-0.0	-0.0
GM.5.0.bHLH.0095	-0.0	-0.0	-0.0	-0.0	-0.0	-0.0	-0.0	-0.0	-0.0	69.66908746247385	35.8843900002042
GM.5.0.Grainyhead.0001	-0.0	-0.0	-0.0	-0.0	-0.0	-0.0	-0.0	-0.0	-0.0	44.884541519696214	40.263916580138996
GM.5.0.bHLH.0112	-0.0	-0.0	-0.0	-0.0	-0.0	-0.0	-0.0	-0.0	-0.0	42.991867493316114	44.21559786648367
GM.5.0.Myb_SANT.0002	-0.0	-0.0	-0.0	-0.0	-0.0	-0.0	-0.0	-0.0	-0.0	140.19436601029125	63.16369329273938
GM.5.0.Mixed.0078	-0.0	-0.0	-0.0	-0.0	-0.0	-0.0	-0.0	-0.0	-0.0	33.61422568878963	29.73297142606714
GM.5.0.C2H2_ZF.0040	-0.0	-0.0	-0.0	-0.0	-0.0	-0.0	-0.0	-0.0	-0.0	39.24054002384482	20.683203663402132
GM.5.0.Mixed.0062	-0.0	-0.0	-0.0	-0.0	-0.0	-0.0	-0.0	-0.0	-0.0	34.66519390964821	40.30739467906318
GM.5.0.Nuclear_receptor.0009	-0.0	-0.0	-0.0	-0.0	-0.0	-0.0	-0.0	-0.0	-0.0	38.438517335466365	21.026913808895465
GM.5.0.Homeodomain.0082	-0.0	-0.0	-0.0	-0.0	-0.0	-0.0	-0.0	-0.0	-0.0	49.277039153415494	35.377820369603555
GM.5.0.MADS_box.0019	-0.0	-0.0	-0.0	-0.0	-0.0	-0.0	-0.0	-0.0	-0.0	57.095057869024345	17.9516658355549
GM.5.0.Ets.0037	-0.0	-0.0	-0.0	-0.0	-0.0	-0.0	-0.0	-0.0	-0.0	32.98120049744775	28.146916422231897
GM.5.0.Pipsqueak.0001	-0.0	-0.0	-0.0	-0.0	-0.0	-0.0	-0.0	-0.0	-0.0	-0.0	-0.0
GM.5.0.bHLH.0047	-0.0	-0.0	-0.0	-0.0	-0.0	-0.0	-0.0	-0.0	-0.0	36.66971659960181	24.73726964506621
GM.5.0.Homeodomain_POU.0026	-0.0	-0.0	-0.0	-0.0	-0.0	-0.0	-0.0	-0.0	-0.0	37.649613313072116	39.564843545256515
GM.5.0.HSF.0008	-0.0	-0.0	-0.0	-0.0	-0.0	-0.0	-0.0	-0.0	-0.0	42.70314058451398	32.60939926666105
GM.5.0.GATA.0022	-0.0	-0.0	-0.0	-0.0	-0.0	-0.0	-0.0	-0.0	-0.0	13.403475480216258	17.17031746756514
GM.5.0.Paired_box.0010	-0.0	-0.0	-0.0	-0.0	-0.0	-0.0	-0.0	-0.0	-0.0	45.320806511144674	22.510937440242877
GM.5.0.Nuclear_receptor.0095	-0.0	-0.0	-0.0	-0.0	-0.0	-0.0	-0.0	-0.0	-0.0	50.29164528590165	38.131890482339806
GM.5.0.Homeodomain.0187	-0.0	-0.0	-0.0	-0.0	-0.0	-0.0	-0.0	-0.0	-0.0	33.00231260331534	41.44194367249481
GM.5.0.Myb_SANT.0017	-0.0	-0.0	-0.0	-0.0	-0.0	-0.0	-0.0	-0.0	-0.0	29.246748044615053	20.667146004010856
GM.5.0.Unknown.0147	-0.0	-0.0	-0.0	-0.0	-0.0	-0.0	-0.0	-0.0	-0.0	88.9300714792476	20.10050587736484
GM.5.0.C2H2_ZF.0140	-0.0	-0.0	-0.0	-0.0	-0.0	-0.0	-0.0	-0.0	-0.0	61.249201825869456	41.7367056768546
GM.5.0.C2H2_ZF.0154	-0.0	-0.0	-0.0	-0.0	-0.0	-0.0	-0.0	-0.0	-0.0	48.46854828710647	33.14388945117141
GM.5.0.Unknown.0102	-0.0	-0.0	-0.0	-0.0	-0.0	-0.0	-0.0	-0.0	-0.0	37.31816828678585	37.248031131569554
GM.5.0.Nuclear_receptor.0112	-0.0	-0.0	-0.0	-0.0	-0.0	-0.0	-0.0	-0.0	-0.0	21.084243588732814	36.272822522532344
GM.5.0.Unknown.0018	-0.0	-0.0	-0.0	-0.0	-0.0	-0.0	-0.0	-0.0	-0.0	19.987220719943174	21.939551522135886
GM.5.0.Homeodomain_POU.0006	-0.0	-0.0	-0.0	-0.0	-0.0	-0.0	-0.0	-0.0	-0.0	36.66971659960181	28.80159830486823
GM.5.0.IRF.0003	-0.0	-0.0	-0.0	-0.0	-0.0	-0.0	-0.0	-0.0	-0.0	-0.0	-0.0
GM.5.0.T-box.0007	-0.0	-0.0	-0.0	-0.0	-0.0	-0.0	-0.0	-0.0	-0.0	48.2667836044067	32.60939926666105
GM.5.0.C2H2_ZF.0267	-0.0	-0.0	-0.0	-0.0	-0.0	-0.0	-0.0	-0.0	-0.0	80.70796552410968	37.45371861846474
GM.5.0.bZIP.0091	-0.0	-0.0	-0.0	-0.0	-0.0	-0.0	-0.0	-0.0	-0.0	41.657399151842185	27.324100818388953
GM.5.0.Homeodomain.0199	-0.0	-0.0	-0.0	-0.0	-0.0	-0.0	-0.0	-0.0	-0.0	18.212954033185323	16.698469590589017
GM.5.0.Forkhead.0041	-0.0	-0.0	-0.0	-0.0	-0.0	-0.0	-0.0	-0.0	-0.0	58.53393668973222	36.242375393958994
GM.5.0.HSF.0003	-0.0	-0.0	-0.0	-0.0	-0.0	-0.0	-0.0	-0.0	-0.0	49.86105993529118	30.958640335524525
GM.5.0.STAT.0008	-0.0	-0.0	-0.0	-0.0	-0.0	-0.0	-0.0	-0.0	-0.0	61.37273442121951	29.72197553808011
GM.5.0.MADS_box.0015	-0.0	-0.0	-0.0	-0.0	-0.0	-0.0	-0.0	-0.0	-0.0	32.442659907489194	34.68676640716951
GM.5.0.Unknown.0021	-0.0	-0.0	-0.0	-0.0	-0.0	-0.0	-0.0	-0.0	-0.0	21.904108276368326	29.978619050047858
GM.5.0.Unknown.0046	-0.0	-0.0	-0.0	-0.0	-0.0	-0.0	-0.0	-0.0	-0.0	41.90019400601483	32.99993503319614
GM.5.0.C2H2_ZF.0179	-0.0	-0.0	-0.0	-0.0	-0.0	-0.0	-0.0	-0.0	-0.0	40.20573810612428	27.324100818388953
GM.5.0.Unknown.0133	-0.0	-0.0	-0.0	-0.0	-0.0	-0.0	-0.0	-0.0	-0.0	67.22624003135452	27.756747800512997
GM.5.0.Homeodomain.0150	-0.0	-0.0	-0.0	-0.0	-0.0	-0.0	-0.0	-0.0	-0.0	82.13281354957249	47.68805044411461
GM.5.0.C2H2_ZF.0226	-0.0	-0.0	-0.0	-0.0	-0.0	-0.0	-0.0	-0.0	-0.0	48.64606160949873	26.666841474132276
GM.5.0.C2H2_ZF.0248	-0.0	-0.0	-0.0	-0.0	-0.0	-0.0	-0.0	-0.0	-0.0	-0.0	-0.0
GM.5.0.C2H2_ZF.0036	-0.0	-0.0	-0.0	-0.0	-0.0	-0.0	-0.0	-0.0	-0.0	52.73417143865529	14.852459319118969
GM.5.0.bZIP.0068	-0.0	-0.0	-0.0	-0.0	-0.0	-0.0	-0.0	-0.0	-0.0	28.239350532282693	16.56226506102454
GM.5.0.Unknown.0043	-0.0	-0.0	-0.0	-0.0	-0.0	-0.0	-0.0	-0.0	-0.0	-0.0	-0.0
GM.5.0.Forkhead.0042	-0.0	-0.0	-0.0	-0.0	-0.0	-0.0	-0.0	-0.0	-0.0	83.07930878100497	45.35431615679002
GM.5.0.Paired_box.0011	-0.0	-0.0	-0.0	-0.0	-0.0	-0.0	-0.0	-0.0	-0.0	51.8464477042263	36.420958268696864
GM.5.0.p53.0009	-0.0	-0.0	-0.0	-0.0	-0.0	-0.0	-0.0	-0.0	-0.0	37.05088670984534	33.09547202365853
GM.5.0.C2H2_ZF.0149	-0.0	-0.0	-0.0	-0.0	-0.0	-0.0	-0.0	-0.0	-0.0	-0.0	-0.0
GM.5.0.C2H2_ZF.0178	-0.0	-0.0	-0.0	-0.0	-0.0	-0.0	-0.0	-0.0	-0.0	50.97245410602852	32.957336274825394
GM.5.0.Homeodomain.0089	-0.0	-0.0	-0.0	-0.0	-0.0	-0.0	-0.0	-0.0	-0.0	31.895670530939984	32.55610925088984
GM.5.0.Unknown.0073	-0.0	-0.0	-0.0	-0.0	-0.0	-0.0	-0.0	-0.0	-0.0	76.4874273879153	28.200343842935144
GM.5.0.Homeodomain.0030	-0.0	-0.0	-0.0	-0.0	-0.0	-0.0	-0.0	-0.0	-0.0	28.111114800922934	51.762543628844895
GM.5.0.C2H2_ZF.0115	-0.0	-0.0	-0.0	-0.0	-0.0	-0.0	-0.0	-0.0	-0.0	48.684171499054635	29.890775766441394
GM.5.0.C2H2_ZF.0238	-0.0	-0.0	-0.0	-0.0	-0.0	-0.0	-0.0	-0.0	-0.0	35.46067350931262	29.295996826802593
GM.5.0.bHLH.0124	-0.0	-0.0	-0.0	-0.0	-0.0	-0.0	-0.0	-0.0	0.48491079332171116	54.80361814657437	27.72219218879453
GM.5.0.C2H2_ZF_Homeodomain.0003	-0.0	-0.0	-0.0	-0.0	-0.0	-0.0	-0.0	-0.0	-0.0	-0.0	-0.0
GM.5.0.Unknown.0155	-0.0	-0.0	-0.0	-0.0	-0.0	-0.0	-0.0	-0.0	0.12094934069393057	43.36078325239081	33.16278060947222
GM.5.0.C2H2_ZF.0134	-0.0	-0.0	-0.0	-0.0	-0.0	-0.0	-0.0	-0.0	-0.0	36.72715033961162	17.367929475810286
GM.5.0.TEA.0008	-0.0	-0.0	-0.0	-0.0	-0.0	-0.0	-0.0	-0.0	-0.0	58.032273189162176	44.72808910955799
GM.5.0.Homeodomain.0201	-0.0	-0.0	-0.0	-0.0	-0.0	-0.0	-0.0	-0.0	-0.0	45.66442764114091	36.10133778108391
GM.5.0.Sox.0010	-0.0	-0.0	-0.0	-0.0	-0.0	-0.0	-0.0	-0.0	-0.0	-0.0	-0.0
GM.5.0.Forkhead.0048	-0.0	-0.0	-0.0	-0.0	-0.0	-0.0	-0.0	-0.0	-0.0	31.895670530939984	28.360351648693385
GM.5.0.Sox.0035	-0.0	-0.0	-0.0	-0.0	-0.0	-0.0	-0.0	-0.0	-0.0	46.14846845176696	35.39380861729753
GM.5.0.C2H2_ZF.0222	-0.0	-0.0	-0.0	-0.0	-0.0	-0.0	-0.0	-0.0	-0.0	24.8166835532959	24.31213073939938
GM.5.0.CUT_Homeodomain.0010	-0.0	-0.0	-0.0	-0.0	-0.0	-0.0	-0.0	-0.0	-0.0	23.84776105454655	35.254094536967834
GM.5.0.Homeodomain.0010	-0.0	-0.0	-0.0	-0.0	-0.0	-0.0	-0.0	-0.0	-0.0	67.22780360209156	39.691938258980876
GM.5.0.AT_hook.0002	-0.0	-0.0	-0.0	-0.0	-0.0	-0.0	-0.0	-0.0	-0.0	30.60382308251278	37.071978016070226
GM.5.0.Rel.0013	-0.0	-0.0	-0.0	-0.0	-0.0	-0.0	-0.0	-0.0	-0.0	23.155377035372016	37.42690595526786
GM.5.0.C2H2_ZF.0107	-0.0	-0.0	-0.0	-0.0	-0.0	-0.0	-0.0	-0.0	-0.0	41.36192287495781	14.939018439018135
GM.5.0.bZIP.0069	-0.0	-0.0	-0.0	-0.0	-0.0	-0.0	-0.0	-0.0	-0.0	53.94956816519822	28.20447601141362
GM.5.0.Homeodomain.0098	-0.0	-0.0	-0.0	-0.0	-0.0	-0.0	-0.0	-0.0	-0.0	40.038376413206294	68.68035054753474
GM.5.0.Unknown.0205	-0.0	-0.0	-0.0	-0.0	-0.0	-0.0	-0.0	-0.0	-0.0	34.883883750812444	27.855006657026237
GM.5.0.Unknown.0127	-0.0	-0.0	-0.0	-0.0	-0.0	-0.0	-0.0	-0.0	-0.0	33.92503360496178	23.06955041773856
GM.5.0.Sox.0036	-0.0	-0.0	-0.0	-0.0	-0.0	-0.0	-0.0	-0.0	-0.0	51.65787356146261	27.29706815001488
GM.5.0.Unknown.0106	-0.0	-0.0	-0.0	-0.0	-0.0	-0.0	-0.0	-0.0	-0.0	39.82454846820718	43.51510133124187
GM.5.0.SAND.0008	-0.0	-0.0	-0.0	-0.0	-0.0	-0.0	-0.0	-0.0	-0.0	37.88994247752951	25.447311230155343
GM.5.0.Homeodomain.0113	-0.0	-0.0	-0.0	-0.0	-0.0	-0.0	-0.0	-0.0	-0.0	22.2072593401228	27.395831649950313
GM.5.0.E2F.0007	-0.0	-0.0	-0.0	-0.0	-0.0	-0.0	-0.0	-0.0	-0.0	29.183205690987045	29.49385529550259
GM.5.0.Homeodomain.0165	-0.0	-0.0	-0.0	-0.0	-0.0	-0.0	-0.0	-0.0	-0.0	63.01621907746743	41.93166772069177
GM.5.0.bZIP.0066	-0.0	-0.0	-0.0	-0.0	-0.0	-0.0	-0.0	-0.0	-0.0	50.50959472149812	40.29038250048277
GM.5.0.MADS_box.0008	-0.0	-0.0	-0.0	-0.0	-0.0	-0.0	-0.0	-0.0	-0.0	49.44147120583878	52.888015498905
GM.5.0.C2H2_ZF.0209	-0.0	-0.0	-0.0	-0.0	-0.0	-0.0	-0.0	-0.0	-0.0	47.7092144516616	25.26550443603166
GM.5.0.Mixed.0087	-0.0	-0.0	-0.0	-0.0	-0.0	-0.0	-0.0	-0.0	-0.0	29.999394387826825	30.434173124861385
GM.5.0.Forkhead.0055	-0.0	-0.0	-0.0	-0.0	-0.0	-0.0	-0.0	-0.0	-0.0	35.55356099431268	41.44194367249481
GM.5.0.Unknown.0172	-0.0	-0.0	-0.0	-0.0	-0.0	-0.0	-0.0	-0.0	-0.0	-0.0	-0.0
GM.5.0.Rel.0021	-0.0	-0.0	-0.0	-0.0	-0.0	-0.0	-0.0	-0.0	-0.0	58.667095923202226	33.3351684986784
GM.5.0.Forkhead.0027	-0.0	-0.0	-0.0	-0.0	-0.0	-0.0	-0.0	-0.0	-0.0	63.453234868626595	57.482947010022514
GM.5.0.HSF.0007	-0.0	-0.0	-0.0	-0.0	-0.0	-0.0	-0.0	-0.0	-0.0	48.37100185370493	39.05403953094049
GM.5.0.T-box.0002	-0.0	-0.0	-0.0	-0.0	-0.0	-0.0	-0.0	-0.0	-0.0	37.97123752148738	31.84428994353841
GM.5.0.STAT.0016	-0.0	-0.0	-0.0	-0.0	-0.0	-0.0	-0.0	-0.0	-0.0	19.872078736006117	20.040048358267654
GM.5.0.Unknown.0010	-0.0	-0.0	-0.0	-0.0	-0.0	-0.0	-0.0	-0.0	-0.0	52.69582350730537	18.69194050350176
GM.5.0.Unknown.0148	-0.0	-0.0	-0.0	-0.0	-0.0	-0.0	-0.0	-0.0	-0.0	32.80329823882952	25.988549967136315
GM.5.0.bHLH.0111	-0.0	-0.0	-0.0	-0.0	-0.0	-0.0	-0.0	-0.0	-0.0	34.56404765906852	17.044334310896733
GM.5.0.Mixed.0108	-0.0	-0.0	-0.0	-0.0	-0.0	-0.0	-0.0	-0.0	-0.0	39.79918654150715	14.33920245957052
GM.5.0.Unknown.0134	-0.0	-0.0	-0.0	-0.0	-0.0	-0.0	-0.0	-0.0	-0.0	30.230236069818147	41.089532107429726
GM.5.0.C2H2_ZF_Homeodomain.0002	-0.0	-0.0	-0.0	-0.0	-0.0	-0.0	-0.0	-0.0	-0.0	-0.0	-0.0
GM.5.0.Unknown.0009	-0.0	-0.0	-0.0	-0.0	-0.0	-0.0	-0.0	-0.0	-0.0	70.48000467836285	29.460102930380195
GM.5.0.C2H2_ZF.0092	-0.0	-0.0	-0.0	-0.0	-0.0	-0.0	-0.0	-0.0	-0.0	85.9564417826557	44.79948940479642
GM.5.0.C2H2_ZF.0192	-0.0	-0.0	-0.0	-0.0	-0.0	-0.0	-0.0	-0.0	-0.0	36.79366142919662	32.32323998170087
GM.5.0.Mixed.0030	-0.0	-0.0	-0.0	-0.0	-0.0	-0.0	-0.0	-0.0	0.12075921382143891	44.06531465810002	21.509566407438015
GM.5.0.Homeodomain.0135	-0.0	-0.0	-0.0	-0.0	-0.0	-0.0	-0.0	-0.0	-0.0	24.73339732093787	49.28144580199602
GM.5.0.Sox.0012	-0.0	-0.0	-0.0	-0.0	-0.0	-0.0	-0.0	-0.0	-0.0	27.55479672986142	24.555326958441555
GM.5.0.Homeodomain_POU.0025	-0.0	-0.0	-0.0	-0.0	-0.0	-0.0	-0.0	-0.0	-0.0	27.03649342017236	25.771964728714213
GM.5.0.C2H2_ZF.0307	-0.0	-0.0	-0.0	-0.0	-0.0	-0.0	-0.0	-0.0	-0.0	18.267380581774553	24.31213073939938
GM.5.0.Homeodomain.0053	-0.0	-0.0	-0.0	-0.0	-0.0	-0.0	-0.0	-0.0	-0.0	49.277039153415494	35.377820369603555
GM.5.0.Unknown.0130	-0.0	-0.0	-0.0	-0.0	-0.0	-0.0	-0.0	-0.0	-0.0	26.945710353567907	12.390127406512732
GM.5.0.Unknown.0183	-0.0	-0.0	-0.0	-0.0	-0.0	-0.0	-0.0	-0.0	-0.0	51.05579531093262	45.3013472698416
GM.5.0.C2H2_ZF.0124	-0.0	-0.0	-0.0	-0.0	-0.0	-0.0	-0.0	-0.0	-0.0	51.22172580718855	26.556932364395102
GM.5.0.C2H2_ZF.0200	-0.0	-0.0	-0.0	-0.0	-0.0	-0.0	-0.0	-0.0	-0.0	33.79642663602566	26.393278570360376
GM.5.0.Homeodomain.0161	-0.0	-0.0	-0.0	-0.0	-0.0	-0.0	-0.0	-0.0	-0.0	26.183159273490364	20.470411857983855
GM.5.0.DM.0001	-0.0	-0.0	-0.0	-0.0	-0.0	-0.0	-0.0	-0.0	-0.0	43.91811441968005	31.756280111123925
GM.5.0.CUT_Homeodomain.0004	-0.0	-0.0	-0.0	-0.0	-0.0	-0.0	-0.0	-0.0	-0.0	45.171273394368676	44.74138715358299
GM.5.0.GCM.0001	-0.0	-0.0	-0.0	-0.0	-0.0	-0.0	-0.0	-0.0	-0.0	52.80899721408522	27.123858482496537
GM.5.0.C2H2_ZF.0147	-0.0	-0.0	-0.0	-0.0	-0.0	-0.0	-0.0	-0.0	-0.0	46.04863012258654	18.536766991200036
GM.5.0.Unknown.0024	-0.0	-0.0	-0.0	-0.0	-0.0	-0.0	-0.0	-0.0	-0.0	-0.0	-0.0
GM.5.0.Myb_SANT.0016	-0.0	-0.0	-0.0	-0.0	-0.0	-0.0	-0.0	-0.0	-0.0	53.52645544182688	31.493945873757962
GM.5.0.C2H2_ZF.0239	-0.0	-0.0	-0.0	-0.0	-0.0	-0.0	-0.0	-0.0	-0.0	55.99026831915301	29.4972223767222
GM.5.0.C2H2_ZF.0252	-0.0	-0.0	-0.0	-0.0	-0.0	-0.0	-0.0	-0.0	-0.0	41.657399151842185	28.655693391377454
GM.5.0.C2H2_ZF.0039	-0.0	-0.0	-0.0	-0.0	-0.0	-0.0	-0.0	-0.0	-0.0	36.18246279612758	21.380334098306378
GM.5.0.STAT.0017	-0.0	-0.0	-0.0	-0.0	-0.0	-0.0	-0.0	-0.0	-0.0	61.249201825869456	34.4237595539497
GM.5.0.T-box.0004	-0.0	-0.0	-0.0	-0.0	-0.0	-0.0	-0.0	-0.0	-0.0	32.31510036421439	33.52510905936357
GM.5.0.bHLH.0126	-0.0	-0.0	-0.0	-0.0	-0.0	-0.0	-0.0	-0.0	-0.0	36.984365829921785	27.644755665554896
GM.5.0.Unknown.0100	-0.0	-0.0	-0.0	-0.0	-0.0	-0.0	-0.0	-0.0	-0.0	50.57809594863342	35.710752389053525
GM.5.0.Ets.0019	-0.0	-0.0	-0.0	-0.0	-0.0	-0.0	-0.0	-0.0	-0.0	39.798938104696894	24.90867224608327
GM.5.0.Forkhead.0024	-0.0	-0.0	-0.0	-0.0	-0.0	-0.0	-0.0	-0.0	-0.0	28.365865365736838	25.771964728714213
GM.5.0.bZIP.0079	-0.0	-0.0	-0.0	-0.0	-0.0	-0.0	-0.0	-0.0	-0.0	38.32069876161598	17.9516658355549
GM.5.0.C2H2_ZF.0027	-0.0	-0.0	-0.0	-0.0	-0.0	-0.0	-0.0	-0.0	-0.0	-0.0	-0.0
GM.5.0.bZIP.0084	-0.0	-0.0	-0.0	-0.0	-0.0	-0.0	-0.0	-0.0	-0.0	35.702659397927604	27.127971168307884
GM.5.0.Homeodomain_Paired_box.0001	-0.0	-0.0	-0.0	-0.0	-0.0	-0.0	-0.0	-0.0	-0.0	38.438517335466365	22.30621138037965
GM.5.0.Unknown.0084	-0.0	-0.0	-0.0	-0.0	-0.0	-0.0	-0.0	-0.0	-0.0	36.79366142919662	25.631476744731806
GM.5.0.Unknown.0075	-0.0	-0.0	-0.0	-0.0	-0.0	-0.0	-0.0	-0.0	-0.0	41.81965936852377	23.996457172518788
GM.5.0.STAT.0019	-0.0	-0.0	-0.0	-0.0	-0.0	-0.0	-0.0	-0.0	-0.0	32.782141536706234	44.051255266685565
GM.5.0.GATA.0020	-0.0	-0.0	-0.0	-0.0	-0.0	-0.0	-0.0	-0.0	-0.0	39.24054002384482	27.21574743019072
GM.5.0.C2H2_ZF.0260	-0.0	-0.0	-0.0	-0.0	-0.0	-0.0	-0.0	-0.0	-0.0	35.55356099431268	31.883559474191628
GM.5.0.Unknown.0109	-0.0	-0.0	-0.0	-0.0	-0.0	-0.0	-0.0	-0.0	-0.0	25.80037299239801	13.789562800171588
GM.5.0.bZIP.0065	-0.0	-0.0	-0.0	-0.0	-0.0	-0.0	-0.0	-0.0	-0.0	51.46458842093407	34.98655548507702
GM.5.0.T-box.0022	-0.0	-0.0	-0.0	-0.0	-0.0	-0.0	-0.0	-0.0	-0.0	35.13330858471429	13.159107096036808
GM.5.0.C2H2_ZF.0251	-0.0	-0.0	-0.0	-0.0	-0.0	-0.0	-0.0	-0.0	-0.0	40.02988766376774	33.308696345677454
GM.5.0.Mixed.0037	-0.0	-0.0	-0.0	-0.0	-0.0	-0.0	-0.0	-0.0	-0.0	93.82136051083948	48.75797269520205
GM.5.0.Sox.0017	-0.0	-0.0	-0.0	-0.0	-0.0	-0.0	-0.0	-0.0	-0.0	34.08592122884139	22.742120800519487
GM.5.0.Forkhead.0031	-0.0	-0.0	-0.0	-0.0	-0.0	-0.0	-0.0	-0.0	-0.0	47.597521415190364	41.90019400601483
GM.5.0.Mixed.0061	-0.0	-0.0	-0.0	-0.0	-0.0	-0.0	-0.0	-0.0	-0.0	40.19889307447756	15.687644708942535
GM.5.0.bZIP.0083	-0.0	-0.0	-0.0	-0.0	-0.0	-0.0	-0.0	-0.0	-0.0	77.45066515988917	53.9653455893256
GM.5.0.Unknown.0013	-0.0	-0.0	-0.0	-0.0	-0.0	-0.0	-0.0	-0.0	-0.0	57.58959623361949	30.059221294753623
GM.5.0.bZIP.0082	-0.0	-0.0	-0.0	-0.0	-0.0	-0.0	-0.0	-0.0	-0.0	53.077218066304106	36.81856353627454
GM.5.0.Ets.0017	-0.0	-0.0	-0.0	-0.0	-0.0	-0.0	-0.0	-0.0	-0.0	23.264408797949468	25.72876396917637
GM.5.0.Mixed.0075	-0.0	-0.0	-0.0	-0.0	-0.0	-0.0	-0.0	-0.0	-0.0	35.75346329991332	28.146916422231897
GM.5.0.Unknown.0078	-0.0	-0.0	-0.0	-0.0	-0.0	-0.0	-0.0	-0.0	-0.0	26.202559337594643	21.494056455307625
GM.5.0.Grainyhead.0005	-0.0	-0.0	-0.0	-0.0	-0.0	-0.0	-0.0	-0.0	-0.0	-0.0	-0.0
GM.5.0.Paired_box.0002	-0.0	-0.0	-0.0	-0.0	-0.0	-0.0	-0.0	-0.0	-0.0	37.88994247752951	24.17114757535479
GM.5.0.Sox.0005	-0.0	-0.0	-0.0	-0.0	-0.0	-0.0	-0.0	-0.0	-0.0	29.47959448937584	32.8027360873344
GM.5.0.HSF.0004	-0.0	-0.0	-0.0	-0.0	-0.0	-0.0	-0.0	-0.0	-0.0	32.47106619771808	16.957078042766437
GM.5.0.CENPB.0001	-0.0	-0.0	-0.0	-0.0	-0.0	-0.0	-0.0	-0.0	-0.0	53.94956816519822	20.913598152122294
GM.5.0.Homeodomain_Paired_box.0002	-0.0	-0.0	-0.0	-0.0	-0.0	-0.0	-0.0	-0.0	-0.0	41.864994903299966	23.04694121653084
GM.5.0.Unknown.0121	-0.0	-0.0	-0.0	-0.0	-0.0	-0.0	-0.0	-0.0	-0.0	282.04398890601686	158.12604593196284
GM.5.0.Unknown.0074	-0.0	-0.0	-0.0	-0.0	-0.0	-0.0	-0.0	-0.0	-0.0	36.79366142919662	32.32323998170087
GM.5.0.Homeodomain.0164	-0.0	-0.0	-0.0	-0.0	-0.0	-0.0	-0.0	-0.0	-0.0	60.45210045609408	32.26634292230228
GM.5.0.C2H2_ZF.0056	-0.0	-0.0	-0.0	-0.0	-0.0	-0.0	-0.0	-0.0	-0.0	42.559102007991626	49.60062051745182
GM.5.0.Forkhead.0037	-0.0	-0.0	-0.0	-0.0	-0.0	-0.0	-0.0	-0.0	-0.0	51.608055986992795	45.171273394368676
GM.5.0.C2H2_ZF.0088	-0.0	-0.0	-0.0	-0.0	-0.0	-0.0	-0.0	-0.0	-0.0	46.47308730587934	19.872140989438332
GM.5.0.STAT.0014	-0.0	-0.0	-0.0	-0.0	-0.0	-0.0	-0.0	-0.0	-0.0	22.11347672854747	22.888979367690848
GM.5.0.ARID_BRIGHT.0006	-0.0	-0.0	-0.0	-0.0	-0.0	-0.0	-0.0	-0.0	-0.0	23.841155639848473	13.037921760162119
GM.5.0.Homeodomain.0017	-0.0	-0.0	-0.0	-0.0	-0.0	-0.0	-0.0	-0.0	-0.0	47.89923134341107	60.08478688125471
GM.5.0.C2H2_ZF.0060	-0.0	-0.0	-0.0	-0.0	-0.0	-0.0	-0.0	-0.0	-0.0	38.915599471781924	16.88818032808399
GM.5.0.SMAD.0005	-0.0	-0.0	-0.0	-0.0	-0.0	-0.0	-0.0	-0.0	-0.0	50.250932429323	41.10133618812067
GM.5.0.Unknown.0079	-0.0	-0.0	-0.0	-0.0	-0.0	-0.0	-0.0	-0.0	-0.0	-0.0	-0.0
GM.5.0.E2F.0004	-0.0	-0.0	-0.0	-0.0	-0.0	-0.0	-0.0	-0.0	-0.0	51.22172580718855	17.0312932674707
GM.5.0.Nuclear_receptor.0090	-0.0	-0.0	-0.0	-0.0	-0.0	-0.0	-0.0	-0.0	-0.0	-0.0	-0.0
GM.5.0.Myb_SANT.0001	-0.0	-0.0	-0.0	-0.0	-0.0	-0.0	-0.0	-0.0	-0.0	53.3830863446751	27.186201209857643
GM.5.0.Nuclear_receptor.0086	-0.0	-0.0	-0.0	-0.0	-0.0	-0.0	-0.0	-0.0	-0.0	34.73778666033146	28.092061822552317
GM.5.0.C2H2_ZF.0310	-0.0	-0.0	-0.0	-0.0	-0.0	-0.0	-0.0	-0.0	-0.0	9.51350154358102	20.07305555130322
GM.5.0.Nuclear_receptor.0054	-0.0	-0.0	-0.0	-0.0	-0.0	-0.0	-0.0	-0.0	-0.0	-0.0	-0.0
GM.5.0.CSL.0001	-0.0	-0.0	-0.0	-0.0	-0.0	-0.0	-0.0	-0.0	-0.0	35.65563243964314	41.6596310362689
GM.5.0.C2H2_ZF.0136	-0.0	-0.0	-0.0	-0.0	-0.0	-0.0	-0.0	-0.0	-0.0	44.25475844563576	12.784719307762984
GM.5.0.Nuclear_receptor.0122	-0.0	-0.0	-0.0	-0.0	-0.0	-0.0	-0.0	-0.0	-0.0	63.01621907746743	41.93166772069177
GM.5.0.Homeodomain.0112	-0.0	-0.0	-0.0	-0.0	-0.0	-0.0	-0.0	-0.0	-0.0	25.962659350349572	39.0864334147601
GM.5.0.Forkhead.0047	-0.0	-0.0	-0.0	-0.0	-0.0	-0.0	-0.0	-0.0	-0.0	38.47296411159133	28.450390481840508
GM.5.0.IRF.0012	-0.0	-0.0	-0.0	-0.0	-0.0	-0.0	-0.0	-0.0	-0.0	56.743323296573585	39.05403953094049
GM.5.0.Homeodomain_POU.0002	-0.0	-0.0	-0.0	-0.0	-0.0	-0.0	-0.0	-0.0	-0.0	36.23919036814039	34.65768305503938
GM.5.0.MADS_box.0004	-0.0	-0.0	-0.0	-0.0	-0.0	-0.0	-0.0	-0.0	-0.0	48.64606160949873	40.59364605510925
GM.5.0.C2H2_ZF.0208	-0.0	-0.0	-0.0	-0.0	-0.0	-0.0	-0.0	-0.0	-0.0	42.31408709454475	27.72829856791252
GM.5.0.Mixed.0017	-0.0	-0.0	-0.0	-0.0	-0.0	-0.0	-0.0	-0.0	-0.0	27.580223381224314	35.13771335768629
GM.5.0.STAT.0003	-0.0	-0.0	-0.0	-0.0	-0.0	-0.0	-0.0	-0.0	-0.0	50.0740450811771	36.29611514429986
GM.5.0.Sox.0030	-0.0	-0.0	-0.0	-0.0	-0.0	-0.0	-0.0	-0.0	-0.0	50.64806070181855	33.198454560396144
GM.5.0.TEA.0004	-0.0	-0.0	-0.0	-0.0	-0.0	-0.0	-0.0	-0.0	-0.0	48.11830726199082	42.598564002217095
GM.5.0.p53.0005	-0.0	-0.0	-0.0	-0.0	-0.0	-0.0	-0.0	-0.0	-0.0	37.08839835437902	38.85934969839737
GM.5.0.Homeodomain.0184	-0.0	-0.0	-0.0	-0.0	-0.0	-0.0	-0.0	-0.0	-0.0	-0.0	-0.0
GM.5.0.Unknown.0173	-0.0	-0.0	-0.0	-0.0	-0.0	-0.0	-0.0	-0.0	-0.0	55.79718062838635	27.257831548664754
GM.5.0.HSF.0006	-0.0	-0.0	-0.0	-0.0	-0.0	-0.0	-0.0	-0.0	-0.0	38.32069876161598	19.19557944603438
GM.5.0.Runt.0006	-0.0	-0.0	-0.0	-0.0	-0.0	-0.0	-0.0	-0.0	-0.0	41.52063353222795	16.74563595282975
GM.5.0.C2H2_ZF.0077	-0.0	-0.0	-0.0	-0.0	-0.0	-0.0	-0.0	-0.0	-0.0	24.665452497361233	23.26774091856387
GM.5.0.bZIP.0076	-0.0	-0.0	-0.0	-0.0	-0.0	-0.0	-0.0	-0.0	-0.0	40.85026824107171	27.72829856791252
GM.5.0.C2H2_ZF.0195	-0.0	-0.0	-0.0	-0.0	-0.0	-0.0	-0.0	-0.0	-0.0	48.46854828710647	31.858151862417397
GM.5.0.C2H2_ZF.0043	-0.0	-0.0	-0.0	-0.0	-0.0	-0.0	-0.0	-0.0	-0.0	33.312884463072635	17.63422990506702
GM.5.0.E2F.0008	-0.0	-0.0	-0.0	-0.0	-0.0	-0.0	-0.0	-0.0	-0.0	37.47020276817808	28.360351648693385
GM.5.0.Unknown.0085	-0.0	-0.0	-0.0	-0.0	-0.0	-0.0	-0.0	-0.0	-0.0	72.12993004174841	59.35664465682985
GM.5.0.GATA.0023	-0.0	-0.0	-0.0	-0.0	-0.0	-0.0	-0.0	-0.0	-0.0	38.698245079314134	28.975115100068784
GM.5.0.Paired_box.0012	-0.0	-0.0	-0.0	-0.0	-0.0	-0.0	-0.0	-0.0	-0.0	36.507718451573936	37.9422677523107
GM.5.0.Mixed.0041	-0.0	-0.0	-0.0	-0.0	-0.0	-0.0	-0.0	-0.0	-0.0	53.480975351093626	60.628090299135415
GM.5.0.Mixed.0049	-0.0	-0.0	-0.0	-0.0	-0.0	-0.0	-0.0	-0.0	-0.0	37.6011069331976	30.51866775415875
GM.5.0.SAND.0005	-0.0	-0.0	-0.0	-0.0	-0.0	-0.0	-0.0	-0.0	-0.0	76.82092048641239	33.57979152818459
GM.5.0.GATA.0031	-0.0	-0.0	-0.0	-0.0	-0.0	-0.0	-0.0	-0.0	-0.0	100.79185093862189	44.26979697258523
GM.5.0.Homeodomain.0148	-0.0	-0.0	-0.0	-0.0	-0.0	-0.0	-0.0	-0.0	-0.0	30.926415930953794	36.07531151417788
GM.5.0.C2H2_ZF.0303	-0.0	-0.0	-0.0	-0.0	-0.0	-0.0	-0.0	-0.0	-0.0	49.97928186665351	30.696183169116477
GM.5.0.Nuclear_receptor.0128	-0.0	-0.0	-0.0	-0.0	-0.0	-0.0	-0.0	-0.0	-0.0	46.96249714650094	30.958640335524525
GM.5.0.Myb_SANT.0006	-0.0	-0.0	-0.0	-0.0	-0.0	-0.0	-0.0	-0.0	-0.0	57.86237331660419	37.5401086343153
GM.5.0.Paired_box.0022	-0.0	-0.0	-0.0	-0.0	-0.0	-0.0	-0.0	-0.0	-0.0	24.90423896798306	29.03413337479264
GM.5.0.Homeodomain.0160	-0.0	-0.0	-0.0	-0.0	-0.0	-0.0	-0.0	-0.0	-0.0	30.29100447786104	30.902113606904738
GM.5.0.bHLH.0094	-0.0	-0.0	-0.0	-0.0	-0.0	-0.0	-0.0	-0.0	-0.0	71.20802108298257	33.430595744735655
GM.5.0.Unknown.0014	-0.0	-0.0	-0.0	-0.0	-0.0	-0.0	-0.0	-0.0	-0.0	37.66634972189857	24.894550949303717
GM.5.0.Ets.0031	-0.0	-0.0	-0.0	-0.0	-0.0	-0.0	-0.0	-0.0	-0.0	57.321994342496886	33.06069814759866
GM.5.0.Unknown.0175	-0.0	-0.0	-0.0	-0.0	-0.0	-0.0	-0.0	-0.0	-0.0	36.79290516539286	36.996039753070534
GM.5.0.Mixed.0034	-0.0	-0.0	-0.0	-0.0	-0.0	-0.0	-0.0	-0.0	-0.0	32.23422294218842	29.177177075181206
GM.5.0.Unknown.0070	-0.0	-0.0	-0.0	-0.0	-0.0	-0.0	-0.0	-0.0	-0.0	40.84139655744052	30.234899715121465
GM.5.0.IRF.0019	-0.0	-0.0	-0.0	-0.0	-0.0	-0.0	-0.0	-0.0	-0.0	59.38101742471055	27.186201209857643
GM.5.0.bZIP.0043	-0.0	-0.0	-0.0	-0.0	-0.0	-0.0	-0.0	-0.0	-0.0	39.77059724844168	39.10689453647187
GM.5.0.RFX.0011	-0.0	-0.0	-0.0	-0.0	-0.0	-0.0	-0.0	-0.0	-0.0	37.160918488776055	22.866633806498776
GM.5.0.C2H2_ZF.0143	-0.0	-0.0	-0.0	-0.0	-0.0	-0.0	-0.0	-0.0	-0.0	77.95037684312373	42.26427192702947
GM.5.0.C2H2_ZF.0150	-0.0	-0.0	-0.0	-0.0	-0.0	-0.0	-0.0	-0.0	-0.0	51.30327938347221	46.57536004861562
GM.5.0.C2H2_ZF.0183	-0.0	-0.0	-0.0	-0.0	-0.0	-0.0	-0.0	-0.0	-0.0	64.81745653586323	33.00028620138196
GM.5.0.C2H2_ZF.0162	-0.0	-0.0	-0.0	-0.0	-0.0	-0.0	-0.0	-0.0	-0.0	60.670702316790965	29.390859149496617
GM.5.0.C2H2_ZF.0067	-0.0	-0.0	-0.0	-0.0	-0.0	-0.0	-0.0	-0.0	-0.0	49.575069013540165	16.333865438616346
GM.5.0.Unknown.0124	-0.0	-0.0	-0.0	-0.0	-0.0	-0.0	-0.0	-0.0	-0.0	-0.0	-0.0
GM.5.0.Homeodomain.0130	-0.0	-0.0	-0.0	-0.0	-0.0	-0.0	-0.0	-0.0	-0.0	62.04957224434924	38.780676263085326
GM.5.0.C2H2_ZF.0316	-0.0	-0.0	-0.0	-0.0	-0.0	-0.0	-0.0	-0.0	-0.0	58.733139101067486	28.653751499019844
GM.5.0.Mixed.0024	-0.0	-0.0	-0.0	-0.0	-0.0	-0.0	-0.0	-0.0	-0.0	46.190216475956326	27.855006657026237
GM.5.0.Myb_SANT.0009	-0.0	-0.0	-0.0	-0.0	-0.0	-0.0	-0.0	-0.0	-0.0	34.241307674319955	20.64467696763675
GM.5.0.C2H2_ZF.0078	-0.0	-0.0	-0.0	-0.0	-0.0	-0.0	-0.0	-0.0	-0.0	43.77767435475918	43.51510133124187
GM.5.0.Unknown.0176	-0.0	-0.0	-0.0	-0.0	-0.0	-0.0	-0.0	-0.0	-0.0	-0.0	-0.0
GM.5.0.TBP.0002	-0.0	-0.0	-0.0	-0.0	-0.0	-0.0	-0.0	-0.0	-0.0	-0.0	-0.0
GM.5.0.Sox.0031	-0.0	-0.0	-0.0	-0.0	-0.0	-0.0	-0.0	-0.0	-0.0	-0.0	-0.0
GM.5.0.bHLH.0001	-0.0	-0.0	-0.0	-0.0	-0.0	-0.0	-0.0	-0.0	-0.0	-0.0	-0.0
GM.5.0.THAP_finger.0005	-0.0	-0.0	-0.0	-0.0	-0.0	-0.0	-0.0	-0.0	-0.0	67.25966932545093	18.19376699450226
GM.5.0.SMAD.0014	-0.0	-0.0	-0.0	-0.0	-0.0	-0.0	-0.0	-0.0	-0.0	43.04323659663058	48.67135927813471
GM.5.0.Homeodomain.0079	-0.0	-0.0	-0.0	-0.0	-0.0	-0.0	-0.0	-0.0	-0.0	-0.0	-0.0
GM.5.0.Nuclear_receptor.0109	-0.0	-0.0	-0.0	-0.0	-0.0	-0.0	-0.0	-0.0	-0.0	54.04052286533367	28.763618026386883
GM.5.0.Unknown.0181	-0.0	-0.0	-0.0	-0.0	-0.0	-0.0	-0.0	-0.0	-0.0	54.8045865060068	38.332560997472875
GM.5.0.Mixed.0029	-0.0	-0.0	-0.0	-0.0	-0.0	-0.0	-0.0	-0.0	-0.0	42.51216176095989	27.83236767059296
GM.5.0.C2H2_ZF.0317	-0.0	-0.0	-0.0	-0.0	-0.0	-0.0	-0.0	-0.0	-0.0	25.012914367960096	32.11580423118446
GM.5.0.bZIP.0089	-0.0	-0.0	-0.0	-0.0	-0.0	-0.0	-0.0	-0.0	1.5299449489476435	48.90208544755195	20.445569203514808
GM.5.0.C2H2_ZF.0035	-0.0	-0.0	-0.0	-0.0	-0.0	-0.0	-0.0	-0.0	-0.0	28.83885062348956	29.588069073344244
GM.5.0.bZIP.0020	-0.0	-0.0	-0.0	-0.0	-0.0	-0.0	-0.0	-0.0	-0.0	43.31487539912377	19.023505251726252
GM.5.0.Forkhead.0050	-0.0	-0.0	-0.0	-0.0	-0.0	-0.0	-0.0	-0.0	-0.0	50.57809594863342	38.332560997472875
GM.5.0.Ets.0046	-0.0	-0.0	-0.0	-0.0	-0.0	-0.0	-0.0	-0.0	-0.0	-0.0	-0.0
GM.5.0.Unknown.0208	-0.0	-0.0	-0.0	-0.0	-0.0	-0.0	-0.0	-0.0	-0.0	34.56404765906852	18.279314666254155
GM.5.0.C2H2_ZF.0173	-0.0	-0.0	-0.0	-0.0	-0.0	-0.0	-0.0	-0.0	-0.0	45.45328868941798	36.60380181115819
GM.5.0.E2F.0020	-0.0	-0.0	-0.0	-0.0	-0.0	-0.0	-0.0	-0.0	-0.0	57.8537714883148	18.98379240463938
GM.5.0.ARID_BRIGHT.0007	-0.0	-0.0	-0.0	-0.0	-0.0	-0.0	-0.0	-0.0	-0.0	-0.0	-0.0
GM.5.0.Sox.0025	-0.0	-0.0	-0.0	-0.0	-0.0	-0.0	-0.0	-0.0	-0.0	-0.0	-0.0
GM.5.0.GATA.0012	-0.0	-0.0	-0.0	-0.0	-0.0	-0.0	-0.0	-0.0	-0.0	-0.0	-0.0
GM.5.0.SMAD.0015	-0.0	-0.0	-0.0	-0.0	-0.0	-0.0	-0.0	-0.0	-0.0	53.85253597046196	34.258230749794315
GM.5.0.AT_hook.0001	-0.0	-0.0	-0.0	-0.0	-0.0	-0.0	-0.0	-0.0	-0.0	-0.0	-0.0
GM.5.0.C2H2_ZF.0052	-0.0	-0.0	-0.0	-0.0	-0.0	-0.0	-0.0	-0.0	-0.0	46.14846845176696	31.352129233251322
GM.5.0.bHLH.0085	-0.0	-0.0	-0.0	-0.0	-0.0	-0.0	-0.0	-0.0	-0.0	52.38701197126746	47.738207945564625
GM.5.0.IRF.0006	-0.0	-0.0	-0.0	-0.0	-0.0	-0.0	-0.0	-0.0	-0.0	30.873435289569837	21.20467806695651
GM.5.0.Homeodomain.0198	-0.0	-0.0	-0.0	-0.0	-0.0	-0.0	-0.0	-0.0	-0.0	38.4552868346078	43.30135538373829
GM.5.0.Mixed.0050	-0.0	-0.0	-0.0	-0.0	-0.0	-0.0	-0.0	-0.0	-0.0	42.808523515022586	26.735708916417952
GM.5.0.Homeodomain.0052	-0.0	-0.0	-0.0	-0.0	-0.0	-0.0	-0.0	-0.0	-0.0	55.33631596340764	38.07021324631359
GM.5.0.bHLH.0119	-0.0	-0.0	-0.0	-0.0	-0.0	-0.0	-0.0	-0.0	-0.0	56.58650786524271	33.31524309811459
GM.5.0.bZIP.0034	-0.0	-0.0	-0.0	-0.0	-0.0	-0.0	-0.0	-0.0	-0.0	54.37713924153597	29.644410040507275
GM.5.0.C2H2_ZF.0003	-0.0	-0.0	-0.0	-0.0	-0.0	-0.0	-0.0	-0.0	-0.0	67.82870720114873	18.501114809241727
GM.5.0.Unknown.0057	-0.0	-0.0	-0.0	-0.0	-0.0	-0.0	-0.0	-0.0	-0.0	31.032958367485445	39.120047560030024
GM.5.0.Homeodomain.0122	-0.0	-0.0	-0.0	-0.0	-0.0	-0.0	-0.0	-0.0	-0.0	21.118313772812588	42.11601647529871
GM.5.0.Unknown.0056	-0.0	-0.0	-0.0	-0.0	-0.0	-0.0	-0.0	-0.0	-0.0	-0.0	-0.0
GM.5.0.Unknown.0008	-0.0	-0.0	-0.0	-0.0	-0.0	-0.0	-0.0	-0.0	-0.0	52.400379898162704	34.258230749794315
GM.5.0.Nuclear_receptor.0094	-0.0	-0.0	-0.0	-0.0	-0.0	-0.0	-0.0	-0.0	-0.0	59.69338709800893	50.331674478449436
GM.5.0.SAND.0007	-0.0	-0.0	-0.0	-0.0	-0.0	-0.0	-0.0	-0.0	-0.0	42.17842083749635	14.047623413806372
GM.5.0.C2H2_ZF.0210	-0.0	-0.0	-0.0	-0.0	-0.0	-0.0	-0.0	-0.0	-0.0	-0.0	-0.0
GM.5.0.bZIP.0041	-0.0	-0.0	-0.0	-0.0	-0.0	-0.0	-0.0	-0.0	-0.0	75.19019991936027	43.133949441593835
GM.5.0.Mixed.0074	-0.0	-0.0	-0.0	-0.0	-0.0	-0.0	-0.0	-0.0	-0.0	46.84853224391496	33.92503360496178
GM.5.0.Homeodomain.0181	-0.0	-0.0	-0.0	-0.0	-0.0	-0.0	-0.0	-0.0	-0.0	33.85210983543877	32.380444182299684
GM.5.0.Unknown.0036	-0.0	-0.0	-0.0	-0.0	-0.0	-0.0	-0.0	-0.0	-0.0	36.24463566875071	42.021638459225244
GM.5.0.Unknown.0200	-0.0	-0.0	-0.0	-0.0	-0.0	-0.0	-0.0	-0.0	0.2373430453719095	72.32515452919444	29.90557224133839
GM.5.0.Nuclear_receptor.0145	-0.0	-0.0	-0.0	-0.0	-0.0	-0.0	-0.0	-0.0	-0.0	53.88009340174359	40.381438478088256
GM.5.0.Ets.0035	-0.0	-0.0	-0.0	-0.0	-0.0	-0.0	-0.0	-0.0	-0.0	65.27939852137709	26.852186936425483
GM.5.0.Ets.0003	-0.0	-0.0	-0.0	-0.0	-0.0	-0.0	-0.0	-0.0	-0.0	31.617885908278247	30.234899715121465
GM.5.0.Unknown.0139	-0.0	-0.0	-0.0	-0.0	-0.0	-0.0	-0.0	-0.0	-0.0	45.74450558659426	20.77099743271332
GM.5.0.Homeodomain.0151	-0.0	-0.0	-0.0	-0.0	-0.0	-0.0	-0.0	-0.0	-0.0	33.602926772383825	43.495717362298116
GM.5.0.bZIP.0092	-0.0	-0.0	-0.0	-0.0	-0.0	-0.0	-0.0	-0.0	-0.0	49.44147120583878	43.146567199219014
GM.5.0.C2H2_ZF.0105	-0.0	-0.0	-0.0	-0.0	-0.0	-0.0	-0.0	-0.0	-0.0	22.874593888574488	10.282892348086284
GM.5.0.C2H2_ZF.0170	-0.0	-0.0	-0.0	-0.0	-0.0	-0.0	-0.0	-0.0	-0.0	44.884541519696214	32.23422294218842
GM.5.0.bHLH.0104	-0.0	-0.0	-0.0	-0.0	-0.0	-0.0	-0.0	-0.0	-0.0	37.03320210320431	40.52501195713496
GM.5.0.C2H2_ZF.0228	-0.0	-0.0	-0.0	-0.0	-0.0	-0.0	-0.0	-0.0	-0.0	76.35734159157096	21.28871205232469
GM.5.0.C2H2_ZF.0229	-0.0	-0.0	-0.0	-0.0	-0.0	-0.0	-0.0	-0.0	-0.0	47.02413265484018	30.96092232119895
GM.5.0.Forkhead.0044	-0.0	-0.0	-0.0	-0.0	-0.0	-0.0	-0.0	-0.0	-0.0	55.07858143158455	49.36788745635529
GM.5.0.Homeodomain.0168	-0.0	-0.0	-0.0	-0.0	-0.0	-0.0	-0.0	-0.0	-0.0	53.85253597046196	25.496934765053133
GM.5.0.Unknown.0140	-0.0	-0.0	-0.0	-0.0	-0.0	-0.0	-0.0	-0.0	-0.0	53.695731149692115	22.44107880249683
GM.5.0.Nuclear_receptor.0025	-0.0	-0.0	-0.0	-0.0	-0.0	-0.0	-0.0	-0.0	-0.0	74.79032634503959	38.42004487286637
GM.5.0.Homeodomain.0183	-0.0	-0.0	-0.0	-0.0	-0.0	-0.0	-0.0	-0.0	-0.0	87.3336752457352	66.94780417398904
GM.5.0.C2H2_ZF.0046	-0.0	-0.0	-0.0	-0.0	-0.0	-0.0	-0.0	-0.0	-0.0	41.81965936852377	23.996457172518788
GM.5.0.RFX.0009	-0.0	-0.0	-0.0	-0.0	-0.0	-0.0	-0.0	-0.0	-0.0	42.978440757088684	40.96011251422268
GM.5.0.Forkhead.0025	-0.0	-0.0	-0.0	-0.0	-0.0	-0.0	-0.0	-0.0	-0.0	40.84139655744052	35.61401542537275
GM.5.0.MADS_box.0012	-0.0	-0.0	-0.0	-0.0	-0.0	-0.0	-0.0	-0.0	-0.0	57.06178926245496	23.86582029785896
GM.5.0.bZIP.0006	-0.0	-0.0	-0.0	-0.0	-0.0	-0.0	-0.0	-0.0	-0.0	31.50184791917156	45.57049269242448
GM.5.0.MADS_box.0018	-0.0	-0.0	-0.0	-0.0	-0.0	-0.0	-0.0	-0.0	-0.0	19.78764610055276	35.880400068464304
GM.5.0.Homeodomain.0037	-0.0	-0.0	-0.0	-0.0	-0.0	-0.0	-0.0	-0.0	-0.0	26.292458089516945	26.488849896136202
GM.5.0.MBD.0001	-0.0	-0.0	-0.0	-0.0	-0.0	-0.0	-0.0	-0.0	0.882685708906992	53.04795197781865	12.602910653128728
GM.5.0.Homeodomain.0074	-0.0	-0.0	-0.0	-0.0	-0.0	-0.0	-0.0	-0.0	-0.0	53.88522721687623	27.650187320551826
GM.5.0.Homeodomain.0145	-0.0	-0.0	-0.0	-0.0	-0.0	-0.0	-0.0	-0.0	-0.0	41.38701079293433	50.98446922270755
GM.5.0.bZIP.0016	-0.0	-0.0	-0.0	-0.0	-0.0	-0.0	-0.0	-0.0	-0.0	48.91046752973943	48.1866271627976
GM.5.0.Forkhead.0015	-0.0	-0.0	-0.0	-0.0	-0.0	-0.0	-0.0	-0.0	-0.0	37.05088670984534	42.957651354594475
GM.5.0.Homeodomain.0136	-0.0	-0.0	-0.0	-0.0	-0.0	-0.0	-0.0	-0.0	-0.0	78.6781437374459	66.45515968706772
GM.5.0.Homeodomain.0077	-0.0	-0.0	-0.0	-0.0	-0.0	-0.0	-0.0	-0.0	-0.0	85.26006744818649	37.215476267479545
GM.5.0.C2H2_ZF.0271	-0.0	-0.0	-0.0	-0.0	-0.0	-0.0	-0.0	-0.0	-0.0	41.50910658645828	26.36180183546031
GM.5.0.Rel.0020	-0.0	-0.0	-0.0	-0.0	-0.0	-0.0	-0.0	-0.0	-0.0	45.673550989816974	47.25697169312766
GM.5.0.bZIP.0080	-0.0	-0.0	-0.0	-0.0	-0.0	-0.0	-0.0	-0.0	0.4185761127858171	62.55715183394648	22.993687846764182
GM.5.0.C2H2_ZF.0243	-0.0	-0.0	-0.0	-0.0	-0.0	-0.0	-0.0	-0.0	-0.0	78.21340581430765	42.34402670411279
GM.5.0.Mixed.0063	-0.0	-0.0	-0.0	-0.0	-0.0	-0.0	-0.0	-0.0	-0.0	56.91735021363053	34.792973171857504
GM.5.0.SMAD.0012	-0.0	-0.0	-0.0	-0.0	-0.0	-0.0	-0.0	-0.0	-0.0	60.11924754905666	20.445569203514808
GM.5.0.E2F.0012	-0.0	-0.0	-0.0	-0.0	-0.0	-0.0	-0.0	-0.0	-0.0	39.82805299138132	12.126035652001914
GM.5.0.bZIP.0096	-0.0	-0.0	-0.0	-0.0	-0.0	-0.0	-0.0	-0.0	-0.0	45.680581780567366	29.32505443707876
GM.5.0.bZIP.0073	-0.0	-0.0	-0.0	-0.0	-0.0	-0.0	-0.0	-0.0	-0.0	68.04411918118174	42.770542449603184
GM.5.0.Unknown.0011	-0.0	-0.0	-0.0	-0.0	-0.0	-0.0	-0.0	-0.0	-0.0	43.913581251348845	25.631476744731806
GM.5.0.MADS_box.0017	-0.0	-0.0	-0.0	-0.0	-0.0	-0.0	-0.0	-0.0	-0.0	66.77100954258212	42.84293002058781
GM.5.0.Homeodomain.0056	-0.0	-0.0	-0.0	-0.0	-0.0	-0.0	-0.0	-0.0	-0.0	96.61469091414023	88.44825034212224
GM.5.0.Forkhead.0028	-0.0	-0.0	-0.0	-0.0	-0.0	-0.0	-0.0	-0.0	-0.0	64.85291729839007	14.503043834645961
GM.5.0.SAND.0004	-0.0	-0.0	-0.0	-0.0	-0.0	-0.0	-0.0	-0.0	-0.0	-0.0	-0.0
GM.5.0.Unknown.0050	-0.0	-0.0	-0.0	-0.0	-0.0	-0.0	-0.0	-0.0	-0.0	39.58441540369857	44.6962466712528
GM.5.0.RFX.0002	-0.0	-0.0	-0.0	-0.0	-0.0	-0.0	-0.0	-0.0	-0.0	59.747712674698505	46.00591915752786
GM.5.0.Unknown.0110	-0.0	-0.0	-0.0	-0.0	-0.0	-0.0	-0.0	-0.0	-0.0	44.961713583622156	27.525578945175806
GM.5.0.Forkhead.0007	-0.0	-0.0	-0.0	-0.0	-0.0	-0.0	-0.0	-0.0	-0.0	-0.0	-0.0
GM.5.0.Unknown.0004	-0.0	-0.0	-0.0	-0.0	-0.0	-0.0	-0.0	-0.0	-0.0	75.07956900060671	57.367398360219866
GM.5.0.SMAD.0002	-0.0	-0.0	-0.0	-0.0	-0.0	-0.0	-0.0	-0.0	-0.0	-0.0	-0.0
GM.5.0.MADS_box.0002	-0.0	-0.0	-0.0	-0.0	-0.0	-0.0	-0.0	-0.0	-0.0	47.83287309269427	45.39361372214016
GM.5.0.Nuclear_receptor.0121	-0.0	-0.0	-0.0	-0.0	-0.0	-0.0	-0.0	-0.0	-0.0	80.35067112366936	42.233007004783985
GM.5.0.bHLH.0028	-0.0	-0.0	-0.0	-0.0	-0.0	-0.0	-0.0	-0.0	-0.0	80.24111858602032	55.13840542568902
GM.5.0.Homeodomain.0138	-0.0	-0.0	-0.0	-0.0	-0.0	-0.0	-0.0	-0.0	-0.0	-0.0	-0.0
GM.5.0.Homeodomain.0173	-0.0	-0.0	-0.0	-0.0	-0.0	-0.0	-0.0	-0.0	-0.0	-0.0	-0.0
GM.5.0.bHLH.0072	-0.0	-0.0	-0.0	-0.0	-0.0	-0.0	-0.0	-0.0	-0.0	58.0386192276097	50.121276878975436
GM.5.0.bZIP.0003	-0.0	-0.0	-0.0	-0.0	-0.0	-0.0	-0.0	-0.0	-0.0	98.36103101481491	49.781663618958866
GM.5.0.C2H2_ZF.0221	-0.0	-0.0	-0.0	-0.0	-0.0	-0.0	-0.0	-0.0	-0.0	61.21171161666833	90.75743136039009
GM.5.0.Homeodomain.0129	-0.0	-0.0	-0.0	-0.0	-0.0	-0.0	-0.0	-0.0	-0.0	45.14163696212001	46.55579695562385
GM.5.0.Unknown.0198	-0.0	-0.0	-0.0	-0.0	-0.0	-0.0	-0.0	-0.0	-0.0	73.78597873015426	42.23126212547132
GM.5.0.Forkhead.0013	-0.0	-0.0	-0.0	-0.0	-0.0	-0.0	-0.0	-0.0	-0.0	47.2881147989294	41.94184570969623
GM.5.0.Mixed.0084	-0.0	-0.0	-0.0	-0.0	-0.0	-0.0	-0.0	-0.0	-0.0	64.88608326797423	8.221510727572948
GM.5.0.RFX.0003	-0.0	-0.0	-0.0	-0.0	-0.0	-0.0	-0.0	-0.0	-0.0	87.30828351195822	56.78616987930111
GM.5.0.C2H2_ZF.0064	-0.0	-0.0	-0.0	-0.0	-0.0	-0.0	-0.0	-0.0	-0.0	126.5641518623084	71.7248193163681
GM.5.0.bZIP.0013	-0.0	-0.0	-0.0	-0.0	-0.0	-0.0	-0.0	-0.0	-0.0	91.74045881047246	79.78558491332618
GM.5.0.bHLH.0137	-0.0	-0.0	-0.0	-0.0	-0.0	-0.0	-0.0	-0.0	-0.0	77.04595946938356	68.97389352457677
GM.5.0.bHLH.0006	-0.0	-0.0	-0.0	-0.0	-0.0	-0.0	-0.0	-0.0	-0.0	110.62256779150808	91.90200710347656
GM.5.0.RFX.0018	-0.0	-0.0	-0.0	-0.0	-0.0	-0.0	-0.0	-0.0	-0.0	97.12572720769288	80.86274915838115
GM.5.0.Forkhead.0043	-0.0	-0.0	-0.0	-0.0	-0.0	-0.0	-0.0	-0.0	-0.0	-0.0	-0.0
