# maelstrom - GimmeMotifs version 0.16.1
# method: mwu with motif score
# motif table: /home/ia1014/gimmemotifs/output/stratified.out/motif.nr.score.txt.gz
# activity values: BH-corrected -log10 Mann-Whitney U p-value
	3' UTR	5' UTR	Distal Intergenic	Downstream (<1kb)	Downstream (1-2kb)	Downstream (2-3kb)	Exon	Intron	Promoter (<=1kb)	Promoter (1-2kb)	Promoter (2-3kb)
GM.5.0.GATA.0029	1.979778647000751	0.6874959315276525	-0.0	4.564392070933765	4.067692516344809	1.5214076816974855	15.078709602616337	-0.0	inf	32.260713431346865	7.413532094467583
GM.5.0.Unknown.0159	-0.0	0.6488167907220221	0.09877146591372839	-0.0	0.8168287095463107	0.21479539446569998	-0.0	-0.0	5.842246895063952	1.1156624585431127	0.09030269110632676
GM.5.0.Mixed.0104	0.5317146051482475	-0.0	0.289041035441147	0.9832154111748326	0.19057444153079392	0.4616388996738583	-0.0	6.312493395589973	-0.0	-0.0	0.23298356618893937
GM.5.0.C2H2_ZF.0095	0.05693085937657981	-0.0	-0.0	0.16416578758758207	0.20990578905662866	-0.0	-0.0	-0.0	56.366664937704975	0.5827512566458699	0.05590110949356059
GM.5.0.Unknown.0161	-0.0	0.001918931101175027	5.238120343116293	0.23298356618893937	0.11064713532573706	-0.0	-0.0	15.863652737849602	-0.0	0.23587776039569583	0.48486045210895745
GM.5.0.Homeodomain.0049	0.10909245290092259	-0.0	-0.0	-0.0	-0.0	1.565470709956096	-0.0	-0.0	12.026855497313624	-0.0	0.017030996930377358
GM.5.0.Unknown.0113	-0.0	0.03658480505105672	-0.0	0.013818152737868234	-0.0	0.1444134267463115	-0.0	-0.0	52.89265288530904	1.86606490102781	0.023402138675284026
GM.5.0.Nuclear_receptor.0087	-0.0	0.05286886173887644	0.3645763999623116	1.202456426927031	-0.0	0.5618568247431235	0.31212846071426775	-0.0	2.2191831201528807	-0.0	0.03609251186206686
GM.5.0.Unknown.0171	0.368647499683308	-0.0	2.2191831201528807	-0.0	0.22049606983099101	0.41633093554533723	0.12486000108748649	-0.0	-0.0	-0.0	-0.0
GM.5.0.Rel.0008	-0.0	-0.0	-0.0	0.057569054988906423	-0.0	-0.0	-0.0	-0.0	41.447224746281435	0.39050140322352234	-0.0
GM.5.0.C2H2_ZF.0188	0.14718314646600855	-0.0	1.0353205769045886	-0.0	-0.0	0.07943011567632466	-0.0	2.4059677851137793	-0.0	-0.0	-0.0
GM.5.0.Nuclear_receptor.0061	-0.0	0.07742960574330911	-0.0	0.7075840754128901	0.03658480505105672	0.45917680709183883	0.038582604005612774	-0.0	77.02265341322222	0.28715186182357705	-0.0
GM.5.0.Nuclear_receptor.0103	1.8922011196964033	-0.0	-0.0	-0.0	-0.0	-0.0	-0.0	2.689711011850731	-0.0	1.7981557953905158	1.8853646602136267
GM.5.0.Homeodomain.0159	0.09918891360252716	-0.0	-0.0	-0.0	-0.0	0.27376289497268	0.025689004125783572	-0.0	170.93674970663767	0.4650022943081701	-0.0
GM.5.0.Unknown.0129	-0.0	0.037551897234864864	-0.0	0.07943011567632466	0.3264129377758057	0.10060098912574662	3.9305805860103034	-0.0	22.646669694414246	0.14713087323557003	-0.0
GM.5.0.C2H2_ZF.0038	-0.0	-0.0	-0.0	1.072729599764262	0.13281474393886916	0.15482856273923423	-0.0	-0.0	35.31501471644425	0.2972282791582458	0.731428662742332
GM.5.0.Nuclear_receptor.0125	-0.0	0.21416931647679244	-0.0	3.0400442818991613	0.3680674585774918	0.11385112748621856	-0.0	-0.0	126.01949335964622	0.9174614445079354	0.4244430494802535
GM.5.0.Myb_SANT.0012	-0.0	-0.0	-0.0	0.1998996055845986	0.6605866175024991	0.6230398231405556	0.23380161367712438	-0.0	2.0851810274214104	0.45601415590587363	-0.0
GM.5.0.Nuclear_receptor.0098	-0.0	-0.0	-0.0	-0.0	0.4361669121897551	0.16621318465620374	-0.0	-0.0	27.595927527761212	0.7048809139595447	-0.0
GM.5.0.RFX.0016	0.653144973900565	-0.0	21.078207674876793	-0.0	-0.0	-0.0	2.198772846313082	2.3457527769005475	-0.0	-0.0	-0.0
GM.5.0.Nuclear_receptor.0042	0.008564115488850296	0.07113537979678672	0.11522062832367011	-0.0	-0.0	-0.0	-0.0	-0.0	0.6488167907220221	1.0489615924728335	-0.0
GM.5.0.DM.0004	-0.0	0.02163146148444228	-0.0	-0.0	-0.0	0.030793857613790474	-0.0	-0.0	15.724273615139726	-0.0	-0.0
GM.5.0.Nuclear_receptor.0134	-0.0	-0.0	5.55378930571357	-0.0	0.023503771141826658	-0.0	-0.0	0.012232324547069736	-0.0	-0.0	-0.0
GM.5.0.C2H2_ZF.0281	0.11954817902969395	0.012600427497113962	-0.0	-0.0	0.6006934432721245	0.310131324387254	1.0754709941058	-0.0	41.88182277890723	1.663501047531699	0.2722325202188948
GM.5.0.C2H2_ZF.0146	-0.0	-0.0	1.4108471196789323	-0.0	-0.0	-0.0	-0.0	0.07214586888475875	-0.0	0.011842693700741968	-0.0
GM.5.0.C2H2_ZF.0181	-0.0	-0.0	-0.0	0.15587501353294145	-0.0	0.22841394987449257	-0.0	-0.0	4.792457733970874	0.9938061805528213	0.8887575492838027
GM.5.0.Nuclear_receptor.0065	0.08340634077516688	0.2746080312904569	0.05972331439397132	0.17783219942432885	-0.0	0.10561725359874258	-0.0	0.2875808279656979	-0.0	0.07390956228874211	-0.0
GM.5.0.Mixed.0047	0.021510213020029825	0.07097656312187288	3.1649685819330866	0.060019905646331244	-0.0	-0.0	0.11737688702293068	0.01611469988375429	-0.0	0.035691515826320186	0.0799274276214769
GM.5.0.GATA.0025	-0.0	-0.0	4.497361897615417	0.13319731260335496	0.7909752063471842	0.7020924814995492	-0.0	2.4372756086206366	-0.0	-0.0	0.8660068409705077
GM.5.0.C2H2_ZF.0233	-0.0	-0.0	0.7117571416217892	0.004655053736673237	0.3491350777890728	0.10063211148164078	-0.0	-0.0	-0.0	0.2547555737223723	0.308888562591132
GM.5.0.T-box.0014	0.22083769290339747	-0.0	-0.0	1.6981086965651917	0.008564115488850296	-0.0	0.2994325987160521	1.9143972933598854	-0.0	-0.0	0.06789542751391336
GM.5.0.C2H2_ZF.0283	0.031525146709981355	0.08768027291257365	-0.0	-0.0	-0.0	0.9772519846770964	-0.0	-0.0	77.19657686392117	2.0478618516099596	-0.0
GM.5.0.Forkhead.0026	0.18478416834584324	1.0245771975128402	0.32681534733578144	-0.0	-0.0	-0.0	0.0659202420852497	-0.0	0.14713087323557003	-0.0	-0.0
GM.5.0.C2H2_ZF.0138	-0.0	-0.0	-0.0	0.21243581024006447	0.292221162701896	-0.0	-0.0	-0.0	6.307812664757763	1.9341685444084793	0.3999331440311193
GM.5.0.bHLH.0096	0.04058345877439423	-0.0	0.20254628164091018	0.7472316899780761	0.06418749636134513	0.03603262101411969	0.3029417756128068	2.7374908311253354	-0.0	0.05137159767554199	-0.0
GM.5.0.Unknown.0040	0.07943011567632466	0.07465611407043612	-0.0	1.8004054378607606	1.3290242491543396	0.08768027291257365	-0.0	-0.0	11.827732305389837	0.7610182839099822	0.23323785880628076
GM.5.0.bHLH.0128	0.8041592638114203	0.672285545830264	-0.0	-0.0	0.3538675577473033	0.36296876193913036	-0.0	0.5736855873814586	-0.0	0.08903478853743042	0.21032789299510954
GM.5.0.Unknown.0128	-0.0	0.025720701152532038	-0.0	0.38970645926177894	0.5610285194625524	0.7138805887501507	-0.0	-0.0	126.88833438410603	0.12308783387735957	-0.0
GM.5.0.bHLH.0120	0.7944327463773695	-0.0	0.19682877760489148	0.10302726837093024	0.09877146591372839	0.12486000108748649	0.8630072585194656	12.188344310363567	-0.0	0.6808270102603904	0.20469627348627253
GM.5.0.bZIP.0060	0.10861478373439992	-0.0	-0.0	0.588342903803323	0.5783800307713081	0.8513729471713106	-0.0	0.3308852391466665	1.4239688775677106	0.9787452552138755	0.03669733163941281
GM.5.0.C2H2_ZF.0235	0.8963180197941671	0.34982401134241997	-0.0	0.030793857613790474	-0.0	0.14108254397780165	-0.0	-0.0	9.794266665221352	0.6554857860795184	-0.0
GM.5.0.C2H2_ZF.0280	0.20681252390326066	0.7987761781858282	2.416666474095884	-0.0	-0.0	0.03698749867959735	2.8891814274334355	7.215201003549753	-0.0	-0.0	-0.0
GM.5.0.Mixed.0020	-0.0	-0.0	-0.0	0.2274380771760282	-0.0	0.16738431615676655	0.2433053350778288	-0.0	46.160792326839804	0.6854289732775343	-0.0
GM.5.0.C2H2_ZF.0132	-0.0	-0.0	-0.0	0.02604699550894988	0.25898018869616407	0.0022146722183422718	-0.0	-0.0	131.37176051759673	0.17743957277348743	-0.0
GM.5.0.Mixed.0009	2.838681127976134	-0.0	-0.0	-0.0	0.07943011567632466	-0.0	0.7270522622642334	0.12951298228724262	2.7197703765012835	1.7995276725764457	0.23531845130160783
GM.5.0.C2H2_ZF.0076	-0.0	-0.0	-0.0	-0.0	-0.0	0.07931333708167289	0.08982055848467439	-0.0	1.204561544763921	0.10594635258775074	0.0017897563965586115
GM.5.0.Nuclear_receptor.0114	-0.0	-0.0	1.514262175518219	0.6818682694830309	0.3301180441261255	0.05989005461765507	-0.0	-0.0	-0.0	-0.0	-0.0
GM.5.0.bZIP.0031	-0.0	0.08768027291257365	0.43520480447540943	-0.0	-0.0	-0.0	-0.0	-0.0	4.217873380533242	0.19057444153079392	-0.0
GM.5.0.Unknown.0059	0.10063211148164078	0.07465611407043612	-0.0	-0.0	0.308888562591132	-0.0	1.1131742101153406	0.10909245290092259	0.2470040125977843	-0.0	0.12554329456788574
GM.5.0.bHLH.0075	0.08070855407373094	-0.0	41.894221699351725	0.06044687270188159	0.6160817147321627	0.14814630666128023	0.940195230725252	16.83854564575817	-0.0	-0.0	-0.0
GM.5.0.Nuclear_receptor.0148	-0.0	0.03666747163616246	-0.0	-0.0	-0.0	-0.0	0.004655053736673237	-0.0	48.882458901829494	-0.0	-0.0
GM.5.0.T-box.0019	0.45605184642474716	0.09058625300951685	-0.0	-0.0	0.22689862813053926	-0.0	1.2599969051230229	-0.0	16.01906724355822	0.8777340430598176	0.48052392398672256
GM.5.0.Nuclear_receptor.0117	0.19057444153079392	0.03255918656898843	-0.0	-0.0	-0.0	0.688195900982845	0.06354273470707215	-0.0	11.30069361511728	0.8578069380240954	0.9324974248362402
GM.5.0.C2H2_ZF.0126	-0.0	-0.0	-0.0	0.6979655835436893	0.10624703399451918	0.3180451901717434	-0.0	0.209478046046186	9.440134811764162	0.46279551713687384	0.6081098511723598
GM.5.0.bZIP.0032	0.08703016756279713	0.21361490800461416	5.202452232169138	0.07931333708167289	-0.0	-0.0	0.19962052018655915	1.2435766170723634	-0.0	-0.0	-0.0
GM.5.0.Myb_SANT.0011	-0.0	-0.0	-0.0	-0.0	-0.0	0.5300008587887856	-0.0	-0.0	inf	3.7364846895424204	-0.0
GM.5.0.Nuclear_receptor.0049	-0.0	-0.0	-0.0	0.7704357949636377	0.12280557075280919	-0.0	-0.0	-0.0	4.808515470991505	-0.0	0.2646766206961069
GM.5.0.Zinc_cluster.0001	0.08903478853743042	-0.0	0.36127345714337794	-0.0	0.19057444153079392	-0.0	-0.0	2.1789377040906204	-0.0	-0.0	0.00390324826647317
GM.5.0.C2H2_ZF.0225	-0.0	-0.0	11.273632154605796	-0.0	0.3326703553106251	0.004663392566286954	-0.0	3.1852072160564004	-0.0	-0.0	0.6510567320900794
GM.5.0.Unknown.0015	-0.0	0.02819150679241644	-0.0	-0.0	-0.0	-0.0	-0.0	-0.0	59.30662400233481	-0.0	-0.0
GM.5.0.Unknown.0123	-0.0	0.31366130467825076	1.6589145921575685	0.7388739046821278	-0.0	0.3789391205343626	2.457786595882694	-0.0	-0.0	-0.0	0.2512884474050075
GM.5.0.C2H2_ZF.0129	-0.0	0.1845379638207358	8.18558858539986	0.42611493953598645	0.32782196558707594	0.6414784396341879	-0.0	0.01071477647082102	-0.0	0.21541592594753642	-0.0
GM.5.0.C2H2_ZF.0302	-0.0	0.09994529442720501	-0.0	0.11600638264397953	0.2016109585412936	-0.0	-0.0	-0.0	13.664490476154835	1.3590110111915508	0.23898027147982168
GM.5.0.Nuclear_receptor.0100	0.5536795691247631	-0.0	14.585645923378683	-0.0	-0.0	-0.0	-0.0	1.7840586333268549	-0.0	-0.0	0.031525146709981355
GM.5.0.Mixed.0072	0.023493178038696532	-0.0	0.6414784396341879	-0.0	0.21040472953090328	-0.0	-0.0	0.308888562591132	-0.0	0.05270617960626197	0.052504951242987805
GM.5.0.Unknown.0117	0.05494588052359749	0.025720701152532038	4.122784451151366	-0.0	-0.0	-0.0	0.6492336689219574	5.152335909093499	-0.0	-0.0	0.023545646862788375
GM.5.0.Nuclear_receptor.0101	-0.0	-0.0	-0.0	0.19412314725379745	0.3424345530719009	0.35775478634169117	-0.0	-0.0	6.212962695918284	0.6861587721058632	-0.0
GM.5.0.C2H2_ZF.0298	-0.0	0.5941776969748143	-0.0	0.0128589021432238	-0.0	-0.0	0.39960527353129555	-0.0	9.481037538287325	-0.0	-0.0
GM.5.0.Unknown.0202	0.20756843756697865	-0.0	5.474526962490024	-0.0	-0.0	-0.0	-0.0	0.9630027492433479	-0.0	0.26589594366514624	0.0029557568783098284
GM.5.0.Mixed.0007	0.030793857613790474	-0.0	9.461402265101668	-0.0	0.286423916084888	0.2782197898240516	0.1493760487192147	21.004246788420183	-0.0	-0.0	-0.0
GM.5.0.STAT.0013	-0.0	0.2390149524945915	1.0172505524255402	-0.0	0.013818152737868234	0.033455605015851396	-0.0	-0.0	1.6366916100742706	0.056735218424011476	0.5121059940298768
GM.5.0.Nuclear_receptor.0088	-0.0	0.05590110949356059	-0.0	0.04604685692729393	0.2512884474050075	-0.0	-0.0	-0.0	25.001500657788906	2.0599012826160594	0.09966443985284382
GM.5.0.Mixed.0100	0.2192512836676359	-0.0	0.0799274276214769	0.2273413136210158	-0.0	0.3395526334444043	0.004801797911754755	0.08768027291257365	-0.0	0.01611469988375429	0.3412157327681135
GM.5.0.C2H2_ZF.0224	-0.0	0.12425097056439424	0.3990619325770721	0.6472868388511271	-0.0	0.21361490800461416	-0.0	0.3548696713004883	-0.0	-0.0	0.034424682414456065
GM.5.0.Nuclear_receptor.0064	-0.0	0.3680674585774918	-0.0	0.11411361914888103	0.16047084296450362	0.13220995691876822	-0.0	-0.0	3.4469108987114443	0.3680674585774918	0.40234559915793805
GM.5.0.Nuclear_receptor.0116	0.21541592594753642	0.232709224880586	-0.0	-0.0	0.1837457572428443	-0.0	-0.0	0.6047370026477163	-0.0	0.3213375221648019	0.31684715081717757
GM.5.0.Homeodomain_POU.0011	-0.0	-0.0	-0.0	0.1924453457622135	0.45605184642474716	0.018274802233528002	-0.0	-0.0	30.02814287376023	0.046042507323626164	-0.0
GM.5.0.bHLH.0054	-0.0	0.004739798996791832	1.2647811483482816	0.14297506920297204	-0.0	0.09947244533080786	-0.0	4.969008729902191	-0.0	-0.0	-0.0
GM.5.0.EIN3.0001	0.22591456875859753	0.16047084296450362	1.0435082133287308	-0.0	0.32717189355215726	-0.0	0.04580766497802379	-0.0	-0.0	-0.0	-0.0
GM.5.0.C2H2_ZF.0217	0.053278082308739254	-0.0	-0.0	0.28739560887829774	0.22094959302016928	0.06809970019139575	-0.0	1.5887620304166534	-0.0	0.4017656011694792	0.7929939756132295
GM.5.0.C2H2_ZF.0171	-0.0	-0.0	-0.0	0.25684961536313455	0.07832092091165203	-0.0	-0.0	-0.0	44.707469858144776	1.150988844634911	0.19624772795382273
GM.5.0.Forkhead.0040	-0.0	0.06097126553147384	18.78641605034282	0.18020122783230452	0.08768027291257365	-0.0	0.23348163069298622	4.284738180601815	-0.0	-0.0	-0.0
GM.5.0.Unknown.0193	-0.0	1.2257095272510985	-0.0	0.45844635286087076	-0.0	-0.0	0.02322630803389932	-0.0	8.728275838069987	-0.0	-0.0
GM.5.0.Nuclear_receptor.0063	0.12280557075280919	0.57931565881295	-0.0	-0.0	-0.0	-0.0	0.31325512478403983	-0.0	7.395226269889486	-0.0	0.5610285194625524
GM.5.0.C2H2_ZF.0101	0.006626850140866756	0.02339438757043871	-0.0	0.014931869638479027	0.39050140322352234	0.3550683062931243	-0.0	-0.0	1.9524952976883707	0.10063211148164078	-0.0
GM.5.0.C2H2_ZF.0073	-0.0	-0.0	-0.0	0.5901852757517335	0.23409061446877247	-0.0	-0.0	-0.0	29.79113843148242	2.1710786565385187	1.1380290390217986
GM.5.0.THAP_finger.0006	-0.0	-0.0	-0.0	0.024756509412535762	-0.0	-0.0	0.0989310871896867	-0.0	31.69054508943317	-0.0	0.014706032279750408
GM.5.0.Nuclear_receptor.0050	-0.0	-0.0	-0.0	-0.0	0.08768027291257365	-0.0	-0.0	-0.0	12.226695579591578	2.1668269222852206	0.12486000108748649
GM.5.0.C2H2_ZF.0177	-0.0	0.3264129377758057	-0.0	-0.0	0.30549882175176085	-0.0	-0.0	-0.0	35.298941526571454	0.7803077008770474	0.183841978653594
GM.5.0.bHLH.0088	-0.0	0.004655053736673237	-0.0	0.0175848460922734	-0.0	-0.0	-0.0	-0.0	34.59994054682727	1.0263962203247563	-0.0
GM.5.0.Unknown.0138	0.17134800836519806	0.30873675846678933	0.05943436866687324	-0.0	0.21902148149759978	1.341525719195929	0.7493746071494369	1.6105434442414575	-0.0	-0.0	0.01572868394096887
GM.5.0.Nuclear_receptor.0115	-0.0	0.11064713532573706	0.04176897572885282	-0.0	0.2726335589957319	-0.0	-0.0	-0.0	1.5646558494930327	-0.0	0.2642826387201367
GM.5.0.C2H2_ZF.0255	0.7599150756795435	-0.0	-0.0	0.2881532080214168	-0.0	-0.0	0.5871331088391132	3.963961303784809	-0.0	-0.0	-0.0
GM.5.0.C2H2_ZF.0289	0.001918931101175027	-0.0	-0.0	-0.0	0.20532577554356388	-0.0	1.4126917882720482	0.20738496604070814	0.04586364654014029	0.0799274276214769	0.08768027291257365
GM.5.0.Homeodomain.0197	-0.0	-0.0	-0.0	-0.0	0.4246846546675788	0.24068390004206164	-0.0	-0.0	8.168669826698968	-0.0	-0.0
GM.5.0.Prospero.0001	1.639711493928003	0.15351967260472038	-0.0	-0.0	-0.0	-0.0	2.0579166011874683	-0.0	51.60964143828323	-0.0	0.07214586888475875
GM.5.0.Unknown.0055	0.02580580720821776	0.19006166474447783	4.289815746356058	-0.0	0.0697592226132726	-0.0	1.5011405837386844	20.38481124202561	-0.0	0.10053392326233271	0.19787109282650683
GM.5.0.bZIP.0028	0.11813063748150845	-0.0	-0.0	0.2972282791582458	0.1564180916965294	-0.0	0.3504543640095257	0.10053392326233271	-0.0	0.12783292792130965	-0.0
GM.5.0.Nuclear_receptor.0111	-0.0	-0.0	-0.0	0.004655053736673237	0.21686658885029958	0.00908272769594866	0.7803077008770474	-0.0	2.3156612480192056	0.01888412990322385	-0.0
GM.5.0.bZIP.0094	-0.0	-0.0	-0.0	-0.0	-0.0	0.927240591556328	-0.0	0.4244430494802535	-0.0	-0.0	-0.0
GM.5.0.CUT_Homeodomain.0006	-0.0	0.5550535501351481	3.1695320270304994	-0.0	-0.0	0.06889005627642132	-0.0	-0.0	0.6683404855293208	-0.0	-0.0
GM.5.0.Nuclear_receptor.0137	0.5610285194625524	-0.0	-0.0	0.6854289732775343	0.05989005461765507	0.2722325202188948	-0.0	0.368647499683308	-0.0	-0.0	0.34982401134241997
GM.5.0.Homeodomain.0195	0.16003604142607494	0.17945009826235822	0.15333821081884128	0.058805253927333934	0.04182213984200815	-0.0	-0.0	-0.0	0.3308852391466665	-0.0	-0.0
GM.5.0.Unknown.0185	0.2192512836676359	0.03255918656898843	0.2937350612578916	-0.0	0.07113884844913819	-0.0	-0.0	0.3508995348855195	-0.0	0.38785714401323457	-0.0
GM.5.0.Unknown.0082	-0.0	0.02322630803389932	6.581430184060563	-0.0	0.7183404338702335	-0.0	-0.0	6.016379634790633	-0.0	0.2203310184703205	0.07943011567632466
GM.5.0.Unknown.0119	-0.0	-0.0	-0.0	0.00955912085481057	0.7120811756382984	0.16494097152473242	-0.0	-0.0	7.3958991865971315	0.1711425053075966	-0.0
GM.5.0.Ets.0038	0.010294398037073339	0.1849824303337478	3.4479203463433667	0.023503771141826658	0.017718041012356637	-0.0	1.5213367177683288	-0.0	-0.0	-0.0	-0.0
GM.5.0.C2H2_ZF.0216	0.26223973435697745	-0.0	3.174456363897108	0.05894079281782395	0.12059544736185882	0.10637738747703125	0.014480153084650364	0.7987761781858282	-0.0	0.00955912085481057	0.299753739511045
GM.5.0.Paired_box.0020	-0.0	0.13084756087875346	1.091053424406763	0.039253681749480324	-0.0	-0.0	0.9974781640806252	-0.0	-0.0	-0.0	-0.0
GM.5.0.C2H2_ZF.0219	-0.0	-0.0	4.01710760260927	-0.0	0.25229715158026395	0.2972282791582458	0.20204952058982467	2.9173208843112675	-0.0	-0.0	0.09012223135602128
GM.5.0.HSF.0009	0.010587373133441888	0.20366622901119852	-0.0	0.3584060066271453	-0.0	0.01413373401436714	-0.0	-0.0	5.199944491232345	0.5789195222601395	-0.0
GM.5.0.Unknown.0062	0.07832092091165203	0.01413373401436714	-0.0	-0.0	0.5002273903753955	0.014087625301349199	-0.0	-0.0	14.648665289132525	0.4035271457098406	0.30408389292365523
GM.5.0.Unknown.0060	0.40364675524718363	-0.0	1.184799791073282	-0.0	-0.0	-0.0	-0.0	0.066622678002287	-0.0	-0.0	-0.0
GM.5.0.C2H2_ZF.0213	-0.0	8.345383320213683e-05	-0.0	-0.0	0.03698749867959735	0.5737190348373264	-0.0	0.4371462213682198	6.639520683531401	1.096182547603874	0.46677158222739823
GM.5.0.CxxC.0001	0.7867896003541877	-0.0	-0.0	-0.0	-0.0	-0.0	2.681237590000138	-0.0	106.90833747212325	0.11830200055544557	-0.0
GM.5.0.Paired_box.0018	-0.0	0.3029681572910989	-0.0	-0.0	-0.0	0.00908272769594866	0.6791375348367664	0.07729032828212469	0.45895660515750636	-0.0	-0.0
GM.5.0.GATA.0021	-0.0	-0.0	2.5315315931431037	-0.0	0.15482856273923423	0.057569054988906423	0.7958557646013218	0.07729032828212469	-0.0	-0.0	-0.0
GM.5.0.C2H2_ZF.0125	-0.0	-0.0	-0.0	0.5094126771968595	-0.0	0.2048384510984684	-0.0	-0.0	76.2590452173637	2.6275806263082933	0.08070855407373094
GM.5.0.CSD.0001	-0.0	-0.0	2.064529159609287	0.13671122522877424	-0.0	0.031525146709981355	0.05643795426877271	0.8608824167291578	-0.0	-0.0	0.049481654289547414
GM.5.0.Homeodomain.0146	-0.0	-0.0	-0.0	-0.0	0.30887524685328754	0.08703016756279713	-0.0	-0.0	8.97627938662835	-0.0	-0.0
GM.5.0.SMAD.0018	1.244412460184646	0.06823266236329362	-0.0	-0.0	-0.0	-0.0	0.120292919322353	-0.0	48.536245659760375	-0.0	-0.0
GM.5.0.T-box.0012	-0.0	-0.0	0.9159451420718304	-0.0	0.02604699550894988	-0.0	-0.0	0.6006934432721245	-0.0	-0.0	-0.0
GM.5.0.Nuclear_receptor.0083	0.014087625301349199	-0.0	-0.0	1.864807448316085	-0.0	0.5844701691634189	-0.0	-0.0	1.6797350718828319	0.7876384483415609	0.5982332582709691
GM.5.0.Mixed.0056	0.5901852757517335	0.008564115488850296	3.370002841457105	0.14768694846205907	0.032328109283243645	-0.0	-0.0	1.8601575619907147	-0.0	-0.0	0.03609251186206686
GM.5.0.C2H2_ZF.0161	-0.0	0.6800441386374922	11.127982935422898	0.41057454892626866	0.3308852391466665	0.027352993931892385	0.7070381774123974	3.274762447846421	-0.0	-0.0	-0.0
GM.5.0.Unknown.0180	-0.0	0.19057444153079392	8.215165476350045	-0.0	0.2972282791582458	0.09966443985284382	-0.0	0.6432919256361361	-0.0	-0.0	1.5976192106272904
GM.5.0.Homeodomain.0172	-0.0	0.10295333019263225	3.500722722849262	0.0710122054619221	-0.0	-0.0	-0.0	0.6750466756963084	-0.0	-0.0	0.3265052982720164
GM.5.0.Nuclear_receptor.0119	-0.0	0.3205345382287935	3.9560741571588496	0.5501554915460236	0.015677734656487228	-0.0	-0.0	-0.0	-0.0	-0.0	0.13671122522877424
GM.5.0.C2H2_ZF.0158	-0.0	0.11508803360450871	0.8026268273118153	-0.0	0.10053392326233271	-0.0	-0.0	0.18952693287610334	-0.0	0.8041592638114203	-0.0
GM.5.0.Mixed.0042	0.024648543047998534	-0.0	-0.0	-0.0	-0.0	-0.0	0.2818762330201546	-0.0	2.6922145115170286	0.21420383367831233	-0.0
GM.5.0.Homeodomain.0108	-0.0	0.023493178038696532	0.45601415590587363	-0.0	-0.0	-0.0	0.0044310647252725375	1.561126961396901	-0.0	-0.0	-0.0
GM.5.0.Unknown.0190	0.18952693287610334	0.19781638347761973	-0.0	-0.0	-0.0	-0.0	0.08299146099319313	0.045534241872152895	0.705025730420682	0.039253681749480324	-0.0
GM.5.0.TEA.0006	-0.0	-0.0	-0.0	0.17945009826235822	-0.0	-0.0	0.004655053736673237	0.4844878858416937	0.3680674585774918	-0.0	-0.0
GM.5.0.T-box.0023	0.05137159767554199	-0.0	-0.0	0.7779393802525929	0.5376775407179266	0.3205345382287935	1.184481935192899	-0.0	0.3960226786170363	-0.0	-0.0
GM.5.0.bZIP.0021	-0.0	-0.0	0.08768027291257365	-0.0	0.00955912085481057	0.11064713532573706	-0.0	0.49650741542525006	-0.0	0.03658480505105672	0.11697741385681885
GM.5.0.Unknown.0072	-0.0	0.01888412990322385	0.8597702463471033	-0.0	0.00334639548341693	-0.0	0.1519978708379677	-0.0	-0.0	0.11462551482738519	0.14213339890766688
GM.5.0.Forkhead.0057	0.001385258769605748	-0.0	-0.0	0.0062521934324560125	-0.0	0.010994446369461456	0.038909184838022026	-0.0	41.122183422927506	0.4593927766282221	0.1403364304428412
GM.5.0.C2H2_ZF.0012	-0.0	-0.0	4.556178740041424	-0.0	-0.0	-0.0	-0.0	0.19057444153079392	-0.0	-0.0	-0.0
GM.5.0.Homeodomain_POU.0024	-0.0	-0.0	-0.0	-0.0	-0.0	0.08768027291257365	-0.0	-0.0	32.53083687930965	0.21361490800461416	-0.0
GM.5.0.Unknown.0094	0.23428559784940028	0.15351967260472038	14.71557243431847	-0.0	0.17743957277348743	0.3440061978446862	0.14191479205818466	10.575143103391067	-0.0	0.08982055848467439	1.1105882214372036
GM.5.0.C2H2_ZF.0278	-0.0	-0.0	-0.0	-0.0	-0.0	0.0799274276214769	-0.0	-0.0	44.81438517782351	-0.0	-0.0
GM.5.0.Unknown.0141	0.06418749636134513	0.1266925257145654	5.597382843668684	0.2512884474050075	0.5335956679146424	-0.0	-0.0	7.188077033113124	-0.0	-0.0	0.4530973766123819
GM.5.0.Grainyhead.0006	0.09918891360252716	-0.0	2.824975709548293	-0.0	0.16921998690285744	-0.0	0.12555276589688447	5.623597452677053	-0.0	-0.0	-0.0
GM.5.0.SMAD.0007	-0.0	0.07465611407043612	-0.0	0.12822834854116863	-0.0	0.17401694083927072	-0.0	0.03666747163616246	2.5730993207187147	0.120292919322353	0.05878587433712618
GM.5.0.C2H2_ZF.0010	0.47445723732569023	0.4114690771922147	17.594472031195806	-0.0	0.2048384510984684	-0.0	2.130062507225921	7.643090801955576	-0.0	-0.0	0.7553763236372604
GM.5.0.Ets.0032	-0.0	0.15633411490927068	-0.0	-0.0	-0.0	-0.0	0.27318521414744024	-0.0	81.01829467750673	0.02261654599086931	-0.0
GM.5.0.Nuclear_receptor.0118	0.45073556517063584	-0.0	1.2882304999627088	-0.0	-0.0	1.074247119531573	-0.0	-0.0	-0.0	0.3556627678392701	-0.0
GM.5.0.Unknown.0105	-0.0	0.7553763236372604	0.05496264553559744	0.2646766206961069	-0.0	0.038909184838022026	0.29270371781816173	-0.0	1.4780897650470748	0.7005100522713169	-0.0
GM.5.0.Unknown.0005	-0.0	0.2908903244625983	-0.0	0.29298897994638706	-0.0	-0.0	-0.0	-0.0	36.032150195289184	0.005951778005343291	-0.0
GM.5.0.Homeodomain.0118	-0.0	0.2726335589957319	3.537981343215036	0.03159196746552247	0.07235499001093883	-0.0	0.3424345530719009	-0.0	-0.0	-0.0	-0.0
GM.5.0.ARID_BRIGHT.0005	-0.0	-0.0	-0.0	-0.0	-0.0	-0.0	-0.0	-0.0	21.612212256816186	-0.0	-0.0
GM.5.0.TEA.0002	0.16119781265075328	0.004649507114408088	2.4099161417559087	-0.0	-0.0	-0.0	0.00955912085481057	-0.0	-0.0	-0.0	0.1554276498882748
GM.5.0.GATA.0006	-0.0	0.9205831581977972	10.295219414510699	-0.0	0.0799274276214769	-0.0	1.6414173581689702	1.6473198881752058	-0.0	-0.0	-0.0
GM.5.0.Paired_box.0013	0.12111349834410705	-0.0	2.6716198387700882	0.04580766497802379	-0.0	0.2769960416312365	-0.0	0.2506530173948887	-0.0	-0.0	0.48600880681081426
GM.5.0.Mixed.0060	-0.0	-0.0	-0.0	0.41220374592506415	-0.0	-0.0	0.00908272769594866	-0.0	17.120617458348878	0.7803077008770474	0.045044316320491856
GM.5.0.CUT_Homeodomain.0001	0.00908272769594866	-0.0	5.030168566742145	-0.0	-0.0	-0.0	0.13220995691876822	0.09877146591372839	-0.0	-0.0	-0.0
GM.5.0.Unknown.0034	0.11592575146387446	-0.0	-0.0	-0.0	0.11709836101403011	0.008564115488850296	1.0978771046488363	-0.0	5.784534351317909	0.10173327343170711	-0.0
GM.5.0.Paired_box.0015	0.19781638347761973	0.7999212170213273	-0.0	-0.0	-0.0	0.07097656312187288	-0.0	-0.0	9.846665945370415	0.07910816899370816	0.005951778005343291
GM.5.0.Mixed.0053	0.07937143396687044	0.18597673751834456	-0.0	0.3276560907243819	0.2971738972968855	0.15617180250509224	0.2695880360026131	2.036489411361056	1.1963871918722107	-0.0	0.06442436601856665
GM.5.0.Ets.0043	0.08075677066122217	0.01413373401436714	0.35995328260376996	0.3966672891267952	0.4309976483745632	0.01888412990322385	-0.0	3.331284394116284	-0.0	1.3087742560291726	0.2726335589957319
GM.5.0.C2H2_ZF.0106	0.513967910351976	0.05239770601316163	0.46088449923470565	-0.0	-0.0	-0.0	0.02380577902711329	0.3278826119563586	-0.0	-0.0	-0.0
GM.5.0.ARID_BRIGHT.0003	0.008116931781381806	-0.0	-0.0	-0.0	-0.0	-0.0	-0.0	0.2972282791582458	3.201652632804228	-0.0	-0.0
GM.5.0.Nuclear_receptor.0099	-0.0	-0.0	-0.0	0.17280931032387095	-0.0	-0.0	0.11227417396444206	-0.0	35.80122593171433	1.5658774092550682	0.688195900982845
GM.5.0.C2H2_ZF.0256	0.014706032279750408	0.605405837849041	3.2754201163209293	-0.0	-0.0	-0.0	0.12111349834410705	2.4901515084927968	-0.0	-0.0	-0.0
GM.5.0.Sox.0016	0.21181343420287857	0.23898027147982168	-0.0	-0.0	-0.0	-0.0	0.9944268276588596	-0.0	8.59323138655131	-0.0	-0.0
GM.5.0.STAT.0025	-0.0	0.07465611407043612	-0.0	0.07832092091165203	-0.0	-0.0	0.17084281473804458	-0.0	0.7505013518012115	0.3029681572910989	-0.0
GM.5.0.Nuclear_receptor.0085	0.3717542309147516	-0.0	-0.0	0.03755723682450262	-0.0	0.017030996930377358	0.25684961536313455	0.5949831213455321	1.218897135728899	0.23587776039569583	0.2111851909511753
GM.5.0.bHLH.0109	0.11385112748621856	0.2645050966040887	-0.0	0.13289625166153418	-0.0	0.3093161747469957	-0.0	-0.0	7.9041784632375665	3.4986844823021443	0.4980882419319048
GM.5.0.Homeodomain.0153	0.4005457423282793	0.07934705132631754	-0.0	0.19962052018655915	0.004945901690512437	0.06554332790805648	0.3424345530719009	-0.0	60.78612382343317	0.7599150756795435	0.2506530173948887
GM.5.0.Unknown.0103	2.7420022792695615	0.45010443736176053	13.681430946166962	0.17880790755426373	-0.0	1.0812063807069898	3.579483036675995	10.112148323022067	-0.0	-0.0	0.12951298228724262
GM.5.0.Mixed.0006	-0.0	-0.0	-0.0	1.3524982407659765	-0.0	0.01413373401436714	-0.0	-0.0	4.170828867522955	2.1836064557242647	0.45844635286087076
GM.5.0.bHLH.0019	0.018684018039464474	0.4812560837945203	35.23549157300999	-0.0	-0.0	-0.0	1.2651248585118124	17.840890400707305	-0.0	-0.0	0.24932097079510288
GM.5.0.Unknown.0054	-0.0	0.2502771662141224	5.8600769138862026	-0.0	-0.0	0.14116798421572666	2.7558247381360355	-0.0	-0.0	-0.0	-0.0
GM.5.0.Homeodomain.0125	-0.0	0.11227417396444206	11.408922423851456	-0.0	-0.0	-0.0	0.050314999023429154	1.413089714893816	-0.0	-0.0	-0.0
GM.5.0.bZIP.0086	-0.0	0.0799274276214769	0.2706895851242747	-0.0	0.07465611407043612	-0.0	-0.0	-0.0	8.912551709916738	-0.0	0.293398164727092
GM.5.0.Nuclear_receptor.0039	0.010587373133441888	-0.0	-0.0	-0.0	0.10566361239355991	0.20532577554356388	0.3200616669922548	-0.0	29.908316960355588	0.5839248984307279	-0.0
GM.5.0.RFX.0007	-0.0	0.2722325202188948	1.3877789665450377	0.9846879883713651	1.0340742930082272	-0.0	0.3960226786170363	-0.0	-0.0	-0.0	-0.0
GM.5.0.Unknown.0206	-0.0	-0.0	-0.0	0.6581849114697153	-0.0	-0.0	-0.0	-0.0	1.0978771046488363	0.17418275363177624	0.7366391909602135
GM.5.0.Unknown.0047	-0.0	-0.0	-0.0	-0.0	-0.0	-0.0	-0.0	-0.0	71.48367660135281	0.05651577126676757	0.4661636638062477
GM.5.0.C2H2_ZF.0098	0.37396673536253333	0.16950728340607607	9.317137278701292	0.027523106496472192	0.4385705893511046	0.9558536623189339	-0.0	7.061179853242421	-0.0	-0.0	0.496104950410568
GM.5.0.Unknown.0044	0.5517309285571984	1.2435766170723634	-0.0	-0.0	0.031525146709981355	-0.0	-0.0	-0.0	89.93111040295231	2.303600170553488	0.3990619325770721
GM.5.0.C2H2_ZF.0169	-0.0	-0.0	-0.0	0.17084281473804458	0.4286167465291974	0.14116798421572666	-0.0	-0.0	0.17743957277348743	2.3068156859797746	1.0728358519409111
GM.5.0.C2H2_ZF.0257	0.00908272769594866	-0.0	-0.0	0.46677158222739823	-0.0	0.08768027291257365	-0.0	11.525150101884671	-0.0	0.3147282678178768	0.1926937484707239
GM.5.0.Unknown.0126	0.23372099345904	-0.0	4.273419312702685	-0.0	0.023545646862788375	0.03744637680611473	0.607005848905617	0.5696560895619568	-0.0	0.024756509412535762	-0.0
GM.5.0.Nuclear_receptor.0038	-0.0	-0.0	-0.0	2.098397749930144	-0.0	0.6510567320900794	-0.0	-0.0	5.756078704123417	0.032444736197211915	0.34982401134241997
GM.5.0.C2H2_ZF.0232	-0.0	-0.0	-0.0	-0.0	0.001918931101175027	-0.0	-0.0	-0.0	262.2933854796088	1.6405544908870966	-0.0
GM.5.0.C2H2_ZF.0236	-0.0	0.6683404855293208	4.314574393552191	-0.0	-0.0	-0.0	0.6414784396341879	1.174354446608729	-0.0	-0.0	-0.0
GM.5.0.Ndt80_PhoG.0001	0.09238455251621884	-0.0	36.605992575134614	-0.0	0.19962052018655915	-0.0	0.050020354980572224	2.0808063157473007	-0.0	-0.0	-0.0
GM.5.0.Ets.0029	0.05978452006055821	0.6373201967337774	-0.0	0.08974660996561347	-0.0	-0.0	2.561320477501987	-0.0	72.58135465684224	0.1392112650411955	-0.0
GM.5.0.Unknown.0065	-0.0	-0.0	43.867101356922404	-0.0	0.023503771141826658	-0.0	-0.0	22.132857724539846	-0.0	-0.0	-0.0
GM.5.0.Mixed.0065	0.10203548465213234	0.6599460394344271	-0.0	-0.0	0.019308946590519717	-0.0	-0.0	-0.0	37.80393747166471	-0.0	-0.0
GM.5.0.Homeodomain.0170	0.32905115980090777	-0.0	-0.0	0.02236332740418216	0.37166894820219143	0.09520932120915403	-0.0	-0.0	41.91731240306347	0.19057444153079392	-0.0
GM.5.0.Mixed.0055	-0.0	0.030793857613790474	-0.0	-0.0	0.17111733776537763	-0.0	-0.0	-0.0	0.5300008587887856	0.47160908678440955	0.15870958275935174
GM.5.0.C2H2_ZF.0230	0.11064713532573706	0.039657491502544856	1.989538312433769	-0.0	0.47298476708202647	-0.0	0.382790610294346	5.340983906698561	-0.0	-0.0	0.1947311161558005
GM.5.0.C2H2_ZF.0197	0.2016109585412936	-0.0	-0.0	-0.0	0.017718041012356637	-0.0	0.05647507248033209	-0.0	47.81315189231114	0.4286167465291974	-0.0
GM.5.0.T-box.0010	-0.0	-0.0	0.656797079978643	0.46536949276643974	0.02322630803389932	-0.0	-0.0	0.46088449923470565	-0.0	0.21479539446569998	0.20473538770463887
GM.5.0.bHLH.0105	0.10966376731335299	0.005942174379392989	-0.0	0.17783219942432885	0.03666747163616246	0.19057444153079392	0.02236332740418216	-0.0	49.757059919861426	-0.0	0.14341903643440188
GM.5.0.Ets.0028	0.6488167907220221	-0.0	25.908222115214258	-0.0	0.024648543047998534	0.08168707528287762	0.3584060066271453	38.35320190748172	-0.0	0.120292919322353	1.0819615204631405
GM.5.0.C2H2_ZF.0282	-0.0	0.024756509412535762	0.5902509023114257	0.02211612475743334	0.04418472180946558	-0.0	1.046610036859337	-0.0	0.7530504832770474	0.10295333019263225	0.02163146148444228
GM.5.0.C2H2_ZF.0168	0.6373201967337774	0.10616308841210219	-0.0	-0.0	-0.0	-0.0	-0.0	-0.0	9.58418504221167	-0.0	-0.0
GM.5.0.C2H2_ZF.0157	-0.0	0.04666453378847252	4.135156752916538	-0.0	-0.0	-0.0	0.009779318019196261	0.050020354980572224	-0.0	-0.0	0.029692818506629297
GM.5.0.C2H2_ZF.0080	-0.0	0.6599460394344271	0.7635131120089784	0.01696538433143711	-0.0	-0.0	0.5460618693345592	-0.0	-0.0	-0.0	0.03528484455419238
GM.5.0.Unknown.0077	-0.0	-0.0	-0.0	-0.0	-0.0	0.7140773817840129	-0.0	-0.0	2.027032239702126	0.4942914469408215	0.09873232848416694
GM.5.0.C2H2_ZF.0165	0.7183404338702335	0.06210968770201313	-0.0	-0.0	-0.0	0.2016109585412936	0.16179674254514134	1.224519711802433	6.806182242773387	0.17743957277348743	0.25684961536313455
GM.5.0.Mixed.0031	0.2512884474050075	0.19344880236040782	-0.0	-0.0	-0.0	-0.0	-0.0	-0.0	50.15730148023547	1.4263794781494707	0.08289078215835884
GM.5.0.SAND.0006	0.19057444153079392	-0.0	-0.0	0.04707301294760434	0.07832092091165203	0.3087655684805436	-0.0	-0.0	85.16101582216251	1.868727742468145	0.46677158222739823
GM.5.0.GTF2I-like.0001	-0.0	0.22858216236867027	-0.0	-0.0	0.2428185595218989	-0.0	-0.0	-0.0	10.477503037641117	1.7964570231776538	1.5876091002340644
GM.5.0.bHLH.0083	0.3379483998793377	0.01413373401436714	-0.0	0.08354414635482654	0.6782005582697888	-0.0	0.14314234485367117	-0.0	33.22369104098027	1.700527459195506	1.1329396772094626
GM.5.0.C2H2_ZF.0254	0.308888562591132	0.06889005627642132	-0.0	1.006495152058543	-0.0	-0.0	-0.0	-0.0	1.3087742560291726	0.6172447659283126	1.2405891134203322
GM.5.0.Nuclear_receptor.0068	-0.0	-0.0	-0.0	1.1629587271441681	-0.0	0.10931791261553779	-0.0	-0.0	3.3774641131642253	0.037197446505513494	0.09070158744166483
GM.5.0.bHLH.0012	-0.0	-0.0	1.3133230152769289	-0.0	0.21361490800461416	0.03755723682450262	-0.0	-0.0	9.521660953264398	-0.0	-0.0
GM.5.0.GATA.0024	-0.0	-0.0	23.914103128253114	-0.0	0.6241218311260232	-0.0	-0.0	1.9337751907947025	-0.0	-0.0	-0.0
GM.5.0.Homeodomain.0192	-0.0	0.22350531477318786	0.27376289497268	-0.0	-0.0	-0.0	-0.0	0.04465954271520531	0.07943011567632466	-0.0	-0.0
GM.5.0.C2H2_ZF.0301	-0.0	-0.0	0.056155129923476405	-0.0	0.00021952455671189183	0.2048384510984684	-0.0	-0.0	2.44215536144956	0.1792954776662535	0.7073395340886468
GM.5.0.TEA.0005	-0.0	0.09918891360252716	-0.0	0.03702559954742871	0.2828237981110726	-0.0	-0.0	-0.0	inf	5.686410910344973	-0.0
GM.5.0.C2H2_ZF.0032	-0.0	0.12980581880758058	-0.0	0.8221534547218282	-0.0	-0.0	-0.0	-0.0	7.52741508890982	1.2651248585118124	3.653892718263615
GM.5.0.Unknown.0049	0.02678634128423551	-0.0	0.14911106391432039	0.06442436601856665	0.09593324415185606	0.41793373702818687	-0.0	1.7622463859283142	-0.0	0.00908272769594866	1.5018322624984353
GM.5.0.T-box.0018	-0.0	-0.0	0.41973129254619607	-0.0	0.13783292048715978	-0.0	-0.0	0.11726235931041158	-0.0	0.06698634543742413	0.22689862813053926
GM.5.0.bZIP.0067	-0.0	0.42857120661293435	-0.0	0.02678634128423551	-0.0	0.00955912085481057	1.1971737524007224	-0.0	62.64300464552436	-0.0	-0.0
GM.5.0.C2H2_ZF.0087	-0.0	-0.0	-0.0	0.03400761872305616	0.36998010208238524	0.5574579549464245	-0.0	-0.0	2.6275806263082933	6.479723806327232	1.3602083497203832
GM.5.0.Mixed.0022	0.17190039723040706	0.1924453457622135	-0.0	-0.0	0.32716336607940233	0.0044310647252725375	0.07832092091165203	-0.0	267.38073807256967	2.1740274449494668	-0.0
GM.5.0.bZIP.0075	0.17699671981676166	-0.0	4.721400125250923	0.23853134316153876	0.21541592594753642	0.19553684094179444	-0.0	21.392016860379446	-0.0	-0.0	2.491408408160081
GM.5.0.RFX.0012	-0.0	0.1373725810315801	-0.0	-0.0	0.11385112748621856	0.03618305066290945	-0.0	0.12111349834410705	0.7982221745931847	1.2814951291539924	0.16325339198320823
GM.5.0.C2H2_ZF.0277	0.21420383367831233	0.1845379638207358	-0.0	0.02322630803389932	-0.0	-0.0	0.24307882985271842	-0.0	41.189245251456256	-0.0	0.010587373133441888
GM.5.0.C2H2_ZF.0249	-0.0	0.22689862813053926	-0.0	-0.0	0.6137850478363105	0.09257388847967825	0.025482348877056245	0.8644607430536524	-0.0	1.7345703158050731	0.3550683062931243
GM.5.0.Nuclear_receptor.0079	-0.0	-0.0	-0.0	0.024648543047998534	-0.0	0.46541108928908415	-0.0	0.37841314977454377	0.21599715687398316	-0.0	-0.0
GM.5.0.Nuclear_receptor.0102	0.40482973148130086	0.2544750294556448	-0.0	0.12280557075280919	0.21479539446569998	0.587960958319666	0.1413940764371825	-0.0	1.662070576063503	0.01888412990322385	0.16325339198320823
GM.5.0.Homeodomain.0104	-0.0	-0.0	-0.0	-0.0	0.11830200055544557	-0.0	-0.0	0.2043407379338556	24.47628056503727	-0.0	0.5785211687196232
GM.5.0.C2H2_ZF.0240	0.08070855407373094	0.038582604005612774	0.9787452552138755	0.1982634186150485	-0.0	-0.0	0.994001565183204	6.457766233917582	-0.0	-0.0	0.798279503255128
GM.5.0.Rel.0009	-0.0	-0.0	-0.0	-0.0	-0.0	0.21243581024006447	-0.0	-0.0	104.21961042827478	0.22350531477318786	-0.0
GM.5.0.bZIP.0027	-0.0	-0.0	0.46187529994554805	0.16550658361026827	-0.0	0.06575089284356848	0.3192201924238201	-0.0	0.6372494198836258	-0.0	0.10063211148164078
GM.5.0.Homeodomain.0046	0.3222812332747283	-0.0	-0.0	-0.0	-0.0	0.31773617590233333	0.20469627348627253	5.395155732896853	-0.0	-0.0	-0.0
GM.5.0.Rel.0007	8.50895722276596e-06	0.07195690298097751	9.794526487264719	-0.0	-0.0	-0.0	2.873754791167868	-0.0	-0.0	-0.0	0.22858216236867027
GM.5.0.Unknown.0169	-0.0	-0.0	13.77464109172907	0.03083457819589362	-0.0	0.014706032279750408	0.5286147218514676	3.2802955889609353	-0.0	-0.0	0.0555517847157648
GM.5.0.C2H2_ZF.0293	-0.0	0.08703016756279713	12.431104747559548	-0.0	-0.0	-0.0	-0.0	-0.0	-0.0	-0.0	0.4014578509885026
GM.5.0.GATA.0019	-0.0	0.0093569024011711	-0.0	-0.0	0.20719751631121933	0.04130784376446053	-0.0	-0.0	5.1519155116975845	-0.0	0.19443454822931674
GM.5.0.Sox.0001	1.1267208941323539	0.2949576915364167	0.07465611407043612	-0.0	0.11064713532573706	-0.0	0.03810871556631792	-0.0	6.784312172903084	-0.0	0.006910880932054285
GM.5.0.bZIP.0099	0.4832394319656036	-0.0	-0.0	-0.0	0.29472192014985066	-0.0	-0.0	-0.0	15.92666303858452	-0.0	0.12001492403166714
GM.5.0.Mixed.0103	-0.0	-0.0	26.914956522174766	-0.0	-0.0	-0.0	-0.0	5.359687875701476	-0.0	-0.0	-0.0
GM.5.0.p53.0010	0.09873232848416694	-0.0	6.858890422514871	-0.0	-0.0	0.011863141895437806	-0.0	7.157549685174731	-0.0	-0.0	0.34676291402459364
GM.5.0.Unknown.0003	-0.0	-0.0	-0.0	0.4371462213682198	0.0318207526115532	0.031525146709981355	-0.0	-0.0	35.29252401336508	-0.0	-0.0
GM.5.0.Mixed.0057	-0.0	0.001385258769605748	0.4468921429334448	-0.0	-0.0	-0.0	-0.0	-0.0	2.141945754617266	-0.0	-0.0
GM.5.0.bHLH.0086	-0.0	-0.0	-0.0	-0.0	-0.0	0.07235499001093883	-0.0	-0.0	13.263162821697186	-0.0	-0.0
GM.5.0.GATA.0028	-0.0	0.08754861552328334	1.6952212671221754	0.01888412990322385	-0.0	0.5209524389664899	-0.0	-0.0	6.284780590926716	-0.0	-0.0
GM.5.0.Homeodomain.0194	0.01413373401436714	0.308888562591132	-0.0	-0.0	-0.0	0.14243743406507023	1.592528292804884	-0.0	7.4133429397525346	1.5734102009508657	0.42403665263752066
GM.5.0.Homeodomain.0189	-0.0	-0.0	0.5789195222601395	-0.0	0.059635213064156985	0.08703016756279713	0.36334075625603246	-0.0	1.3146583690857743	-0.0	-0.0
GM.5.0.Unknown.0182	-0.0	-0.0	14.212333258071109	-0.0	-0.0	0.039046557666005746	0.07931333708167289	0.08510152404228075	-0.0	-0.0	-0.0
GM.5.0.Unknown.0042	-0.0	-0.0	0.18899436100122888	-0.0	0.4246846546675788	0.2778346730800685	-0.0	1.6626082716210877	-0.0	0.6575626029169352	1.4022925655764942
GM.5.0.bHLH.0057	0.3960226786170363	0.10295333019263225	-0.0	0.949916070882208	0.120292919322353	0.40234559915793805	0.16699650565552274	-0.0	4.235189300669296	0.052180408719020105	0.026461294080272552
GM.5.0.C2H2_ZF.0185	0.05756210107164633	0.1573908552770781	-0.0	-0.0	0.007098427715749874	0.059635213064156985	-0.0	-0.0	120.75151552171891	0.9787452552138755	0.08768027291257365
GM.5.0.Unknown.0017	0.05297189352257997	0.21922673114084593	10.854205615451944	0.06630619255404205	-0.0	0.09008836847944218	-0.0	2.6154568397782874	-0.0	-0.0	-0.0
GM.5.0.C2H2_ZF.0075	-0.0	0.41101888865016845	0.46088449923470565	-0.0	-0.0	1.889987734688462	-0.0	-0.0	1.072729599764262	0.3550683062931243	0.14718314646600855
GM.5.0.GATA.0030	1.0910569909962504	-0.0	3.0021310083179666	0.0012561486837070663	-0.0	-0.0	0.6854289732775343	0.8198926020605214	-0.0	-0.0	-0.0
GM.5.0.Homeodomain.0044	-0.0	-0.0	2.7871852008127433	-0.0	-0.0	0.09522053987457196	-0.0	-0.0	-0.0	-0.0	-0.0
GM.5.0.Rel.0024	0.3773172302464005	0.10099013893356756	2.953606686890493	0.1663606438762523	-0.0	0.8608824167291578	-0.0	0.14879646505340516	-0.0	-0.0	0.4616388996738583
GM.5.0.Mixed.0105	-0.0	-0.0	5.493237096807523	0.07931333708167289	0.08247508620922049	-0.0	-0.0	1.7515303502031687	-0.0	-0.0	-0.0
GM.5.0.C2H2_ZF.0123	-0.0	-0.0	11.059311867297476	-0.0	0.11064713532573706	0.0893887689935179	-0.0	12.6858267319769	-0.0	-0.0	-0.0
GM.5.0.GATA.0015	0.008564115488850296	0.9293511645687142	27.137195995490185	-0.0	-0.0	0.6258639836852292	3.2531229589414816	3.196710837958308	-0.0	-0.0	0.08754861552328334
GM.5.0.bHLH.0059	-0.0	0.02678634128423551	5.6535278224403385	0.3308852391466665	-0.0	-0.0	-0.0	2.8037681252149644	-0.0	0.2875808279656979	0.17587111350882728
GM.5.0.Unknown.0076	-0.0	0.16584419928149752	1.6318372871915372	-0.0	0.27439863792938124	-0.0	-0.0	0.6886382997413426	-0.0	0.10931791261553779	0.41884117889537
GM.5.0.bHLH.0078	0.27685301024998243	-0.0	-0.0	0.03528504478041979	-0.0	-0.0	0.4493093623192058	-0.0	4.236259237289466	-0.0	0.14998795537467094
GM.5.0.Homeodomain.0177	-0.0	0.5765511833729398	-0.0	0.025720701152532038	-0.0	-0.0	0.09624524726857413	-0.0	21.710103126189434	-0.0	-0.0
GM.5.0.Nuclear_receptor.0082	0.31684715081717757	-0.0	9.23449518765958	-0.0	0.01630643128733441	-0.0	0.10571140342599784	3.4479203463433667	-0.0	0.1379912477873223	0.09257388847967825
GM.5.0.Homeodomain.0132	-0.0	0.07241565928252885	2.6932361969712426	-0.0	-0.0	0.06751424436698042	-0.0	-0.0	0.5445421369100993	-0.0	0.01611469988375429
GM.5.0.C2H2_ZF.0202	0.08427745949827287	0.025488949334961934	0.7472316899780761	-0.0	0.038582604005612774	-0.0	-0.0	-0.0	0.5190921984648919	-0.0	-0.0
GM.5.0.C2H2_ZF.0011	-0.0	0.4429694824482587	0.299753739511045	-0.0	-0.0	-0.0	1.6622389240865383	-0.0	-0.0	0.293398164727092	1.2098116114148203
GM.5.0.SMAD.0009	-0.0	-0.0	29.564770341505003	-0.0	0.005274409534936331	0.07465611407043612	-0.0	47.71299950569598	-0.0	-0.0	0.5004957016389074
GM.5.0.bZIP.0061	-0.0	1.2741145620447016	3.354181077320989	-0.0	-0.0	-0.0	0.6800441386374922	-0.0	-0.0	-0.0	-0.0
GM.5.0.C2H2_ZF.0151	-0.0	-0.0	-0.0	-0.0	0.9363912428605086	-0.0	-0.0	-0.0	2.51677868522127	0.01630643128733441	-0.0
GM.5.0.Mixed.0091	-0.0	-0.0	25.516930457525074	0.09058625300951685	-0.0	-0.0	0.2856075610987616	4.782659054867163	-0.0	-0.0	-0.0
GM.5.0.MADS_box.0001	-0.0	-0.0	0.08536337286785356	0.010880877713397135	-0.0	-0.0	-0.0	-0.0	0.5124389454660163	0.05647507248033209	-0.0
GM.5.0.STAT.0015	-0.0	-0.0	-0.0	0.42403665263752066	-0.0	-0.0	0.3902341644953059	-0.0	27.52754274239688	0.2192512836676359	-0.0
GM.5.0.T-box.0016	-0.0	0.16119781265075328	-0.0	-0.0	-0.0	-0.0	-0.0	1.8948356286250299	2.198772846313082	-0.0	-0.0
GM.5.0.Mixed.0012	1.1238649665449985	-0.0	7.952101352148431	-0.0	-0.0	-0.0	0.524269644610282	8.730616782590461	-0.0	-0.0	0.35353652111796435
GM.5.0.Homeodomain.0042	-0.0	-0.0	-0.0	-0.0	-0.0	0.5190921984648919	-0.0	-0.0	1.7088910638380637	-0.0	-0.0
GM.5.0.bZIP.0070	0.5591102840884273	0.6258639836852292	7.848063831846238	0.03400761872305616	0.3165181142542653	0.1110339808560912	0.2726335589957319	9.055692917330248	-0.0	0.3599205246609419	0.030793857613790474
GM.5.0.Grainyhead.0007	0.4035271457098406	-0.0	7.200943511851021	-0.0	-0.0	-0.0	-0.0	8.725272420105764	-0.0	-0.0	-0.0
GM.5.0.C2H2_ZF.0284	1.998937754866875	0.45594113164943106	-0.0	0.5777700169198788	1.1389879429610543	-0.0	1.2714437836035268	-0.0	6.443103521695844	0.6373201967337774	0.37198462419261313
GM.5.0.bHLH.0051	-0.0	-0.0	-0.0	-0.0	-0.0	0.060666817290327274	-0.0	-0.0	21.973037960471057	-0.0	-0.0
GM.5.0.Mixed.0109	-0.0	-0.0	-0.0	-0.0	0.11522062832367011	-0.0	-0.0	-0.0	67.32110543385696	2.2638853186561367	0.01888412990322385
GM.5.0.Paired_box.0017	-0.0	0.01611469988375429	0.1747201399766033	-0.0	-0.0	-0.0	1.2098116114148203	-0.0	3.819099902202694	-0.0	-0.0
GM.5.0.Ets.0025	-0.0	-0.0	-0.0	-0.0	-0.0	-0.0	0.022400577812309228	-0.0	19.075503494100122	-0.0	-0.0
GM.5.0.Mixed.0008	-0.0	0.07333086520059329	-0.0	-0.0	0.15870958275935174	0.30549882175176085	-0.0	-0.0	260.581568132327	4.83013550023207	-0.0
GM.5.0.Grainyhead.0008	0.11153120757098975	-0.0	7.284426760363715	0.2972282791582458	0.368647499683308	0.585982184167751	-0.0	2.616018028339153	-0.0	0.8220140541764177	-0.0
GM.5.0.T-box.0025	-0.0	0.23597258320657447	-0.0	0.011141567698435531	0.42403665263752066	0.05647507248033209	-0.0	-0.0	5.399431497574617	-0.0	-0.0
GM.5.0.bZIP.0102	-0.0	-0.0	0.5610285194625524	-0.0	-0.0	-0.0	-0.0	0.2769404889542641	0.5010673632312066	-0.0	-0.0
GM.5.0.bHLH.0129	0.03591516019807074	0.09360583187971784	-0.0	0.00908272769594866	0.0659202420852497	0.851343532769918	-0.0	-0.0	0.06707909695461997	1.3236830034998623	0.8706984037879355
GM.5.0.Nuclear_receptor.0147	0.0799274276214769	-0.0	0.3315882740045314	-0.0	0.4273435749114873	-0.0	0.8302877543572019	0.11064713532573706	-0.0	-0.0	-0.0
GM.5.0.C2H2_ZF.0266	-0.0	0.16080159165100338	6.393632082556631	-0.0	-0.0	1.2435766170723634	-0.0	12.020508379202498	-0.0	-0.0	0.17865605499709425
GM.5.0.Mixed.0052	0.6851177439611333	0.13289625166153418	3.1641057629463187	0.08299146099319313	-0.0	-0.0	2.6253428981106834	10.006266115932085	-0.0	0.018894144226928648	0.019216638681994257
GM.5.0.Nuclear_receptor.0069	0.037551897234864864	-0.0	-0.0	-0.0	-0.0	-0.0	0.22439276430302718	-0.0	47.13888771953284	-0.0	-0.0
GM.5.0.bHLH.0061	0.2514417926936894	-0.0	12.86000497830718	0.05656455657970459	0.5444734783851077	-0.0	1.0245771975128402	16.006367875426292	-0.0	-0.0	-0.0
GM.5.0.C2H2_ZF.0114	0.03607010350063275	0.06046531046047227	-0.0	0.1792954776662535	0.7336978494099802	0.07465611407043612	-0.0	0.005108129439193431	1.8779036472042414	0.16325339198320823	-0.0
GM.5.0.GATA.0018	-0.0	0.11647042700620948	-0.0	-0.0	0.09012223135602128	0.08903478853743042	-0.0	0.6730053386051031	-0.0	-0.0	-0.0
GM.5.0.Mixed.0036	-0.0	-0.0	0.13904694871401294	-0.0	-0.0	0.10099013893356756	0.34080228880481683	-0.0	0.36998010208238524	-0.0	-0.0
GM.5.0.C2H2_ZF.0069	0.21416931647679244	-0.0	-0.0	-0.0	-0.0	-0.0	-0.0	1.5480600056005953	-0.0	0.16325339198320823	0.19962052018655915
GM.5.0.Homeodomain.0100	-0.0	-0.0	-0.0	-0.0	1.1646125757749746	0.4326286878532834	-0.0	-0.0	78.05189737316067	1.9601343328193253	0.14297506920297204
GM.5.0.bHLH.0095	1.1730998784564612	-0.0	0.6621288228648222	0.07832092091165203	0.4661636638062477	0.04604685692729393	-0.0	1.296743752556809	-0.0	0.033455605015851396	0.035691515826320186
GM.5.0.Grainyhead.0001	0.37166894820219143	-0.0	9.5066394383614	-0.0	0.5886319377849392	0.22310866260797674	-0.0	6.159965160112038	-0.0	-0.0	0.23683640007745657
GM.5.0.bHLH.0112	-0.0	0.03666747163616246	-0.0	0.0175848460922734	0.20369044478234524	0.09884806367921237	-0.0	0.07214586888475875	1.3046069123787933	-0.0	0.2972282791582458
GM.5.0.Myb_SANT.0002	0.40482973148130086	-0.0	-0.0	-0.0	-0.0	-0.0	0.46353540381761615	-0.0	inf	0.6117902981963009	-0.0
GM.5.0.Mixed.0078	-0.0	-0.0	1.3274310633027802	0.08768027291257365	0.05989005461765507	0.5416944234240733	-0.0	6.555775360331911	-0.0	-0.0	0.5957635679600533
GM.5.0.C2H2_ZF.0040	0.8141302348038779	0.0645426045859895	0.3680674585774918	-0.0	-0.0	-0.0	0.8045998921429872	-0.0	-0.0	-0.0	0.927188743251427
GM.5.0.Mixed.0062	-0.0	-0.0	-0.0	0.13373718306402668	-0.0	-0.0	-0.0	0.45287883338175805	0.39050140322352234	-0.0	-0.0
GM.5.0.Nuclear_receptor.0009	0.04675780707592998	-0.0	19.22004987760927	0.25493208383459837	-0.0	0.35655385789390065	0.031525146709981355	19.058044634886848	-0.0	-0.0	0.46044561920306404
GM.5.0.Homeodomain.0082	0.08427745949827287	0.11385112748621856	-0.0	0.03255918656898843	0.3663891475895297	-0.0	0.30439537599578653	-0.0	103.15603453658973	4.325051609784111	0.20756843756697865
GM.5.0.MADS_box.0019	0.0004194942334713675	0.31212846071426775	-0.0	-0.0	0.18895559339436346	0.01811321499827101	0.48437246029747705	-0.0	0.9456628528598312	-0.0	-0.0
GM.5.0.Ets.0037	-0.0	-0.0	2.2209222507493718	-0.0	-0.0	0.10343040579999095	2.4069880385612277	-0.0	5.41837138810716	-0.0	-0.0
GM.5.0.Pipsqueak.0001	0.02163146148444228	-0.0	-0.0	0.031525146709981355	-0.0	0.2336103719550675	-0.0	-0.0	93.69695929592427	0.6660792507621559	-0.0
GM.5.0.bHLH.0047	1.3965669800337879	-0.0	-0.0	-0.0	0.01788366343910112	0.010994446369461456	0.1998996055845986	0.10053392326233271	27.583326841982622	-0.0	-0.0
GM.5.0.Homeodomain_POU.0026	-0.0	-0.0	0.2828237981110726	-0.0	0.039253681749480324	0.11462551482738519	-0.0	-0.0	0.3499434793920986	-0.0	-0.0
GM.5.0.HSF.0008	0.01888412990322385	-0.0	-0.0	0.10063211148164078	-0.0	-0.0	0.09591732424661488	-0.0	8.697483926465129	-0.0	-0.0
GM.5.0.GATA.0022	-0.0	0.02211612475743334	16.84546763202455	0.37396673536253333	-0.0	0.41031304600931656	-0.0	3.738742068616441	-0.0	-0.0	-0.0
GM.5.0.Paired_box.0010	0.4593927766282221	0.3902341644953059	17.28078902125306	0.09877146591372839	0.2875808279656979	0.010587373133441888	0.1161965271972141	2.3775679315860545	-0.0	-0.0	0.20525294888138018
GM.5.0.Nuclear_receptor.0095	-0.0	-0.0	-0.0	0.0936344675921301	0.19443454822931674	-0.0	-0.0	-0.0	18.005030595193873	1.8583027419528788	-0.0
GM.5.0.Homeodomain.0187	-0.0	-0.0	0.47226029961326366	-0.0	-0.0	-0.0	1.1466986899936278	-0.0	0.2512884474050075	-0.0	0.007587717763311291
GM.5.0.Myb_SANT.0017	-0.0	0.19624772795382273	4.171386660393541	-0.0	-0.0	0.10295333019263225	-0.0	-0.0	-0.0	-0.0	-0.0
GM.5.0.Unknown.0147	0.05989005461765507	0.16946626926937017	-0.0	0.03400761872305616	-0.0	0.23323785880628076	0.29602405014598693	-0.0	155.2021081260125	-0.0	-0.0
GM.5.0.C2H2_ZF.0140	-0.0	0.09360583187971784	-0.0	0.1286314894441533	0.12440143252957739	-0.0	-0.0	-0.0	26.048550699532342	-0.0	-0.0
GM.5.0.C2H2_ZF.0154	-0.0	-0.0	0.22530218865455126	0.18957527871487398	0.731428662742332	0.08768027291257365	-0.0	0.06466218537743784	-0.0	0.010587373133441888	0.08548956465565058
GM.5.0.Unknown.0102	0.05656455657970459	0.03528484455419238	1.3667403968181282	0.00908272769594866	0.038909184838022026	-0.0	-0.0	-0.0	0.831698792655379	-0.0	-0.0
GM.5.0.Nuclear_receptor.0112	0.009926457505708421	0.05989005461765507	0.30291680465426296	0.14713087323557003	-0.0	0.34201763953980635	-0.0	-0.0	-0.0	0.7982221745931847	0.01611469988375429
GM.5.0.Unknown.0018	0.355061425260334	0.17447732385355882	2.5078012428369814	0.014706032279750408	0.1229373438927449	0.02217397902023949	0.17418275363177624	0.6510567320900794	-0.0	0.07465611407043612	-0.0
GM.5.0.Homeodomain_POU.0006	-0.0	-0.0	0.25798801167017993	-0.0	0.03004755729031633	-0.0	-0.0	0.0710122054619221	0.07314514559520166	-0.0	-0.0
GM.5.0.IRF.0003	-0.0	-0.0	-0.0	0.08427745949827287	0.00908272769594866	-0.0	0.8646369891910763	-0.0	95.80316090999656	0.23323785880628076	-0.0
GM.5.0.T-box.0007	0.06889005627642132	-0.0	0.1437114156309813	0.9605836848161721	0.0659202420852497	-0.0	-0.0	-0.0	-0.0	0.2816687303027008	-0.0
GM.5.0.C2H2_ZF.0267	0.34676291402459364	-0.0	12.217422255299727	-0.0	0.6411778857407587	-0.0	4.899199848827587	12.286564003746244	-0.0	-0.0	0.10099013893356756
GM.5.0.bZIP.0091	-0.0	-0.0	0.21541592594753642	-0.0	0.19057444153079392	-0.0	1.009853446508154	0.43520480447540943	-0.0	-0.0	-0.0
GM.5.0.Homeodomain.0199	-0.0	-0.0	-0.0	-0.0	0.01349535391427466	-0.0	-0.0	-0.0	41.53934483986752	-0.0	-0.0
GM.5.0.Forkhead.0041	0.4844555578011823	0.3508995348855195	4.342969922130768	-0.0	-0.0	-0.0	0.035709586430280174	-0.0	-0.0	-0.0	-0.0
GM.5.0.HSF.0003	-0.0	0.11300590735381282	-0.0	-0.0	-0.0	-0.0	-0.0	-0.0	109.58759662680512	-0.0	-0.0
GM.5.0.STAT.0008	0.07943011567632466	0.023503771141826658	15.954465029514639	0.02236332740418216	0.028350969094308814	-0.0	-0.0	1.8353747146158703	-0.0	-0.0	-0.0
GM.5.0.MADS_box.0015	0.05656455657970459	-0.0	5.756078704123417	-0.0	-0.0	0.1357465983972659	-0.0	3.757231975491983	-0.0	-0.0	-0.0
GM.5.0.Unknown.0021	-0.0	-0.0	-0.0	-0.0	0.006488352202015289	0.08536337286785356	-0.0	-0.0	2.6048269123213066	0.0710122054619221	-0.0
GM.5.0.Unknown.0046	-0.0	0.13345397722360697	-0.0	-0.0	-0.0	-0.0	-0.0	-0.0	3.973871301451941	-0.0	-0.0
GM.5.0.C2H2_ZF.0179	0.0669373494340637	-0.0	10.139626865464042	0.18515117706785586	0.0742035038001472	-0.0	0.15587501353294145	11.648115210896803	-0.0	-0.0	0.19786594614525332
GM.5.0.Unknown.0133	0.010994446369461456	-0.0	0.44063529180565897	-0.0	-0.0	-0.0	0.36673020702405384	9.62822788522939	-0.0	0.42773754117253326	0.029692818506629297
GM.5.0.Homeodomain.0150	0.1998996055845986	-0.0	-0.0	0.08768027291257365	-0.0	-0.0	-0.0	-0.0	13.20740290267556	0.07931333708167289	0.6227182683868377
GM.5.0.C2H2_ZF.0226	0.08768027291257365	0.0774829422142121	-0.0	-0.0	-0.0	0.025720701152532038	1.3950192986598682	-0.0	85.58910691145056	0.362083821341058	-0.0
GM.5.0.C2H2_ZF.0248	0.9275246395596151	0.024648543047998534	-0.0	-0.0	-0.0	-0.0	0.10343040579999095	-0.0	176.81425855091527	2.7667331557741663	0.28739560887829774
GM.5.0.C2H2_ZF.0036	0.26232477908825563	0.3144491475957364	-0.0	-0.0	0.19624772795382273	0.09520932120915403	-0.0	-0.0	43.22440886623212	-0.0	-0.0
GM.5.0.bZIP.0068	-0.0	-0.0	0.09966443985284382	1.147911972314482	-0.0	0.09918891360252716	0.032444736197211915	0.04466356061359092	-0.0	-0.0	0.5329442661774295
GM.5.0.Unknown.0043	0.029692818506629297	-0.0	52.49524617512104	-0.0	-0.0	0.1928008838599725	0.2119436100511957	3.7178281012099412	-0.0	-0.0	0.007587717763311291
GM.5.0.Forkhead.0042	0.11600638264397953	-0.0	0.4219815582459189	-0.0	0.010024196537599622	0.04130784376446053	-0.0	3.4469108987114443	-0.0	0.02163146148444228	0.12783292792130965
GM.5.0.Paired_box.0011	0.1376043431189641	0.14837408422849285	-0.0	-0.0	0.025720701152532038	-0.0	0.2673571266687591	-0.0	52.24550919387505	0.22652485783734064	-0.0
GM.5.0.p53.0009	0.17945009826235822	0.16404796803424027	24.673701690019424	-0.0	-0.0	0.17648071688321676	0.2433053350778288	10.33623977456176	-0.0	-0.0	1.0775079914837549
GM.5.0.C2H2_ZF.0149	-0.0	-0.0	15.217491326022671	-0.0	-0.0	-0.0	0.756074995422449	9.139893625592961	-0.0	-0.0	-0.0
GM.5.0.C2H2_ZF.0178	-0.0	0.14998795537467094	-0.0	0.9520479181039058	0.07943011567632466	0.13090159789258368	3.7773257690536806	-0.0	139.76934224318313	2.2466646323853525	0.4842390616708271
GM.5.0.Homeodomain.0089	-0.0	-0.0	-0.0	-0.0	-0.0	-0.0	-0.0	-0.0	40.44939968759842	-0.0	-0.0
GM.5.0.Unknown.0073	0.8806819024129235	0.00020537873390033898	-0.0	-0.0	-0.0	-0.0	-0.0	-0.0	293.06164545327164	2.506264057574176	-0.0
GM.5.0.Homeodomain.0030	-0.0	-0.0	-0.0	-0.0	-0.0	-0.0	-0.0	-0.0	209.35947297335863	0.21639047548561863	0.0175848460922734
GM.5.0.C2H2_ZF.0115	-0.0	-0.0	9.13491756229727	0.16179674254514134	0.00908272769594866	0.08903478853743042	0.5287550382018744	-0.0	-0.0	-0.0	-0.0
GM.5.0.C2H2_ZF.0238	0.46311213391013095	-0.0	0.5028339553124226	0.02211612475743334	-0.0	0.09966443985284382	0.43906686933364897	2.693149698608155	-0.0	-0.0	-0.0
GM.5.0.bHLH.0124	-0.0	-0.0	-0.0	-0.0	0.03436319607204809	-0.0	-0.0	-0.0	74.69946977855133	0.9686954753191022	-0.0
GM.5.0.C2H2_ZF_Homeodomain.0003	0.023792717167222192	-0.0	-0.0	0.2402376563822002	0.3836538509321143	-0.0	1.487863713720281	-0.0	295.2974931617912	0.19344880236040782	-0.0
GM.5.0.Unknown.0155	-0.0	-0.0	-0.0	0.006982096136736307	0.04313810839342525	-0.0	0.9324974248362402	-0.0	215.013850380504	0.2514417926936894	-0.0
GM.5.0.C2H2_ZF.0134	-0.0	-0.0	0.02930835451343492	0.19962052018655915	0.00334639548341693	0.005500708200936281	0.008654033927155986	-0.0	0.14814630666128023	-0.0	-0.0
GM.5.0.TEA.0008	0.14121312381224077	-0.0	3.0803940618880117	-0.0	-0.0	-0.0	0.6505939280874935	-0.0	-0.0	-0.0	-0.0
GM.5.0.Homeodomain.0201	-0.0	-0.0	11.656276710655488	0.17342034059061992	-0.0	-0.0	0.0028477816558820108	0.11411361914888103	-0.0	-0.0	-0.0
GM.5.0.Sox.0010	-0.0	-0.0	-0.0	-0.0	-0.0	0.18907035519761067	-0.0	-0.0	9.024258347946107	-0.0	0.032586910469749396
GM.5.0.Forkhead.0048	0.10909245290092259	0.1832132082863222	13.255310556639433	0.008603498141825525	0.368647499683308	0.08768027291257365	-0.0	7.935781020762407	-0.0	-0.0	0.25684961536313455
GM.5.0.Sox.0035	-0.0	0.06055240217400482	1.5303649264934505	-0.0	0.23073226301863511	-0.0	0.12709931589088372	1.871923215543232	-0.0	-0.0	-0.0
GM.5.0.C2H2_ZF.0222	-0.0	0.014087625301349199	1.2098116114148203	-0.0	-0.0	-0.0	-0.0	-0.0	0.34080228880481683	-0.0	-0.0
GM.5.0.CUT_Homeodomain.0010	0.18597673751834456	0.1998996055845986	-0.0	0.17783219942432885	-0.0	0.04936652969415542	0.010587373133441888	-0.0	9.433852856571452	-0.0	-0.0
GM.5.0.Homeodomain.0010	0.763730106737612	-0.0	-0.0	-0.0	0.21922673114084593	0.5253844488832888	0.001918931101175027	5.68751817043023	-0.0	-0.0	0.11672421935134518
GM.5.0.AT_hook.0002	-0.0	-0.0	-0.0	-0.0	-0.0	-0.0	-0.0	-0.0	42.035600767920116	-0.0	-0.0
GM.5.0.Rel.0013	0.05137159767554199	-0.0	-0.0	-0.0	-0.0	-0.0	1.132061481754642	-0.0	19.607616157499216	-0.0	-0.0
GM.5.0.C2H2_ZF.0107	-0.0	-0.0	-0.0	0.29472192014985066	0.5990692353495581	0.7073395340886468	-0.0	-0.0	107.40139382054143	3.948033899393102	-0.0
GM.5.0.bZIP.0069	-0.0	-0.0	3.243355532155647	-0.0	-0.0	0.4824128762927452	0.06870916906735028	0.994001565183204	-0.0	-0.0	-0.0
GM.5.0.Homeodomain.0098	-0.0	0.02322630803389932	5.736772882144672	0.00020537873390033898	-0.0	-0.0	-0.0	-0.0	-0.0	-0.0	-0.0
GM.5.0.Unknown.0205	-0.0	0.6396827319983112	10.256147601234918	-0.0	0.10169042288453464	-0.0	-0.0	-0.0	-0.0	-0.0	8.50895722276596e-06
GM.5.0.Unknown.0127	-0.0	-0.0	0.9043026648868131	-0.0	0.14594374431026547	-0.0	-0.0	2.138937643936369	-0.0	-0.0	0.050020354980572224
GM.5.0.Sox.0036	1.2704409925687965	0.09624524726857413	-0.0	-0.0	0.10696333303191062	-0.0	1.0165348451244045	-0.0	0.01888412990322385	0.08904100983506073	0.16471126679791925
GM.5.0.Unknown.0106	0.24932097079510288	-0.0	0.16471126679791925	-0.0	0.13904694871401294	-0.0	-0.0	0.15633411490927068	-0.0	-0.0	-0.0
GM.5.0.SAND.0008	-0.0	-0.0	-0.0	-0.0	0.17161664703492951	0.605405837849041	0.3460305964493189	-0.0	270.93908563450475	0.4660593283384137	-0.0
GM.5.0.Homeodomain.0113	0.25523010294280757	-0.0	0.09966443985284382	0.5271046956561409	-0.0	-0.0	0.025689004125783572	4.630108066598667	-0.0	-0.0	0.2980429635286323
GM.5.0.E2F.0007	0.19433995430478324	-0.0	-0.0	0.45601415590587363	-0.0	0.3680674585774918	-0.0	-0.0	57.39419707225853	0.6448716942545737	-0.0
GM.5.0.Homeodomain.0165	-0.0	-0.0	-0.0	0.17648071688321676	-0.0	0.01888412990322385	-0.0	1.8263831544502627	0.24696245887183121	-0.0	-0.0
GM.5.0.bZIP.0066	0.05608558200058699	1.041484859269658	-0.0	-0.0	-0.0	0.006488352202015289	6.381930652906934	-0.0	4.630108066598667	-0.0	-0.0
GM.5.0.MADS_box.0008	0.09966443985284382	-0.0	6.950225571862717	-0.0	-0.0	-0.0	0.4034475464644664	0.6858853109327375	-0.0	-0.0	0.10223972446401339
GM.5.0.C2H2_ZF.0209	-0.0	0.5500930996219009	7.46659511450743	-0.0	0.02236332740418216	-0.0	-0.0	2.3675468908277564	-0.0	-0.0	-0.0
GM.5.0.Mixed.0087	1.2358331617959935	-0.0	0.7335836226113337	-0.0	0.24373685151989483	-0.0	0.06403760909696511	1.1157999160828183	-0.0	-0.0	-0.0
GM.5.0.Forkhead.0055	0.08340634077516688	-0.0	-0.0	0.0012358606691629738	0.09918891360252716	0.1926937484707239	-0.0	-0.0	22.001607289375197	-0.0	-0.0
GM.5.0.Unknown.0172	-0.0	-0.0	1.9039949845928288	-0.0	0.2119436100511957	-0.0	-0.0	-0.0	0.0799274276214769	-0.0	0.03400761872305616
GM.5.0.Rel.0021	0.5271046956561409	0.4177918861574273	-0.0	-0.0	-0.0	-0.0	-0.0	-0.0	64.14763181429122	-0.0	-0.0
GM.5.0.Forkhead.0027	0.8032890439162369	-0.0	-0.0	0.7532523920072216	0.0122971605244685	0.22689862813053926	-0.0	-0.0	8.569809047394289	0.10566361239355991	0.08768027291257365
GM.5.0.HSF.0007	-0.0	0.21040472953090328	-0.0	-0.0	-0.0	0.001918931101175027	-0.0	-0.0	90.71916988554749	-0.0	-0.0
GM.5.0.T-box.0002	-0.0	-0.0	14.755575858385015	0.01215418996768365	0.2887179310080075	-0.0	0.23348163069298622	2.5322385638618448	-0.0	-0.0	-0.0
GM.5.0.STAT.0016	0.2729128560356453	-0.0	0.2433053350778288	-0.0	0.18515117706785586	0.03475785087640526	0.00955912085481057	0.36719432651563205	-0.0	0.11064713532573706	-0.0
GM.5.0.Unknown.0010	-0.0	0.06823266236329362	-0.0	-0.0	0.038582604005612774	-0.0	0.7144332386526587	-0.0	35.49262469512157	1.4889035837080682	-0.0
GM.5.0.Unknown.0148	-0.0	0.05989005461765507	0.025689004125783572	0.005333108946346526	-0.0	0.032444736197211915	0.0649863923300835	-0.0	0.6872891295906908	-0.0	0.21272585220655343
GM.5.0.bHLH.0111	1.5876091002340644	-0.0	-0.0	-0.0	0.07333086520059329	0.11064713532573706	-0.0	-0.0	108.17080914070687	1.0021936808458065	-0.0
GM.5.0.Mixed.0108	-0.0	0.26254951119854647	13.296266359132387	-0.0	-0.0	0.008603498141825525	2.2955155653410477	0.08768027291257365	-0.0	0.9787452552138755	1.0754709941058
GM.5.0.Unknown.0134	-0.0	0.0122971605244685	0.7958795706367574	-0.0	-0.0	0.09826236321001076	-0.0	2.8638959482565873	-0.0	-0.0	-0.0
GM.5.0.C2H2_ZF_Homeodomain.0002	-0.0	-0.0	-0.0	-0.0	0.1998996055845986	0.7070381774123974	2.8253554429649825	-0.0	1.4175260183470038	0.6204626699243484	0.25523010294280757
GM.5.0.Unknown.0009	0.6140591494379074	0.21541592594753642	-0.0	-0.0	-0.0	0.10343040579999095	0.024756509412535762	-0.0	95.5617986324081	-0.0	-0.0
GM.5.0.C2H2_ZF.0092	0.1768423207709557	-0.0	7.947314207744943	-0.0	0.3884396604061868	-0.0	2.0881253340577826	3.0079166694412462	-0.0	0.03712439045559649	-0.0
GM.5.0.C2H2_ZF.0192	0.01630643128733441	0.1715918952511295	3.982377995558641	-0.0	0.19453811786846748	-0.0	0.9512547443069282	0.16404796803424027	-0.0	0.23409061446877247	0.1863269256031844
GM.5.0.Mixed.0030	1.9788327928969514	1.5700759011631062	-0.0	0.1229373438927449	-0.0	-0.0	0.55366970527341	-0.0	307.57113671149176	2.4481475586986323	-0.0
GM.5.0.Homeodomain.0135	-0.0	-0.0	-0.0	-0.0	-0.0	-0.0	-0.0	-0.0	24.798612318438675	-0.0	-0.0
GM.5.0.Sox.0012	-0.0	-0.0	2.1248893254310954	-0.0	-0.0	-0.0	-0.0	0.11830200055544557	-0.0	-0.0	0.016790151514837336
GM.5.0.Homeodomain_POU.0025	-0.0	-0.0	10.351981170063283	0.03693098039358961	-0.0	-0.0	-0.0	0.3663891475895297	-0.0	-0.0	-0.0
GM.5.0.C2H2_ZF.0307	0.16325339198320823	0.37198462419261313	6.7757862523961	0.11958348841080213	-0.0	0.00908272769594866	0.005942174379392989	2.9385658711375973	-0.0	-0.0	-0.0
GM.5.0.Homeodomain.0053	-0.0	0.23380161367712438	-0.0	0.7073395340886468	0.12951298228724262	1.1821293207435266	0.24754541068001717	0.7446610323514216	-0.0	0.0774829422142121	1.0489615924728335
GM.5.0.Unknown.0130	-0.0	0.033455605015851396	10.784528340677534	-0.0	0.21660681213151348	-0.0	-0.0	6.016702771101731	-0.0	-0.0	1.0598905968388244
GM.5.0.Unknown.0183	0.25684961536313455	-0.0	0.3125788682585266	-0.0	-0.0	-0.0	0.2464008378658547	2.137271327478961	-0.0	0.7995840817575064	0.6800441386374922
GM.5.0.C2H2_ZF.0124	-0.0	-0.0	-0.0	0.4567763755470559	0.05297189352257997	-0.0	-0.0	-0.0	15.687325442497038	0.08768027291257365	-0.0
GM.5.0.C2H2_ZF.0200	-0.0	0.01888412990322385	0.02604699550894988	-0.0	0.03818590372527182	0.3301180441261255	-0.0	-0.0	0.7366391909602135	0.02163146148444228	0.6505939280874935
GM.5.0.Homeodomain.0161	0.09070158744166483	0.08075677066122217	4.259529057960801	-0.0	-0.0	-0.0	0.19344880236040782	-0.0	-0.0	-0.0	-0.0
GM.5.0.DM.0001	-0.0	-0.0	-0.0	0.09918891360252716	-0.0	-0.0	0.033843768596798454	0.19453811786846748	1.2419037691238084	0.08754861552328334	0.4616388996738583
GM.5.0.CUT_Homeodomain.0004	-0.0	-0.0	0.01888412990322385	-0.0	-0.0	-0.0	-0.0	-0.0	22.942006451559067	-0.0	-0.0
GM.5.0.GCM.0001	0.09961184866011155	0.3645763999623116	-0.0	0.0773835054537696	0.9851435652257924	-0.0	-0.0	-0.0	15.367309005453743	1.2408639344828252	0.026682155264016443
GM.5.0.C2H2_ZF.0147	-0.0	-0.0	-0.0	0.03666747163616246	-0.0	0.5032314461390118	-0.0	-0.0	32.02733190561612	2.917307615311253	-0.0
GM.5.0.Unknown.0024	0.1652244671550147	-0.0	-0.0	-0.0	0.00908272769594866	-0.0	-0.0	-0.0	189.75310892595456	0.1256582238493266	-0.0
GM.5.0.Myb_SANT.0016	-0.0	0.0799274276214769	-0.0	-0.0	1.8558175241177388	0.14713087323557003	0.614306931124162	-0.0	-0.0	0.052504951242987805	0.121555067473964
GM.5.0.C2H2_ZF.0239	-0.0	-0.0	-0.0	0.059635213064156985	-0.0	0.2623643784061392	-0.0	-0.0	10.465431021492762	0.09008836847944218	-0.0
GM.5.0.C2H2_ZF.0252	-0.0	0.004655053736673237	-0.0	0.10169042288453464	-0.0	-0.0	2.064529159609287	-0.0	0.17743957277348743	-0.0	-0.0
GM.5.0.C2H2_ZF.0039	1.3115772198562936	0.08070855407373094	-0.0	-0.0	0.352515358269717	-0.0	2.4800583222923636	1.0621189543991902	-0.0	0.08371834578350046	0.1332837550352808
GM.5.0.STAT.0017	0.018693682214675163	0.15848402753445873	-0.0	0.016251703723488303	-0.0	-0.0	-0.0	0.10720804815698205	0.1663606438762523	-0.0	0.25749167169940695
GM.5.0.T-box.0004	-0.0	0.5100635437885104	39.77626619994108	-0.0	-0.0	0.08748685876936649	2.961566762035498	9.798149136236585	-0.0	-0.0	-0.0
GM.5.0.bHLH.0126	-0.0	-0.0	2.2191831201528807	-0.0	0.047730274594770125	0.897902664522973	0.10861478373439992	0.7952473510278522	-0.0	0.13980184932955295	-0.0
GM.5.0.Unknown.0100	-0.0	-0.0	-0.0	-0.0	-0.0	-0.0	-0.0	-0.0	17.724784443257906	-0.0	0.07832092091165203
GM.5.0.Ets.0019	-0.0	0.10203548465213234	-0.0	-0.0	-0.0	-0.0	1.9788327928969514	-0.0	97.11451412571783	0.4683158690383029	-0.0
GM.5.0.Forkhead.0024	0.318692745969274	-0.0	0.1924453457622135	-0.0	-0.0	0.17418275363177624	-0.0	0.6775557718136339	-0.0	0.19344880236040782	-0.0
GM.5.0.bZIP.0079	-0.0	1.0712556859358835	0.17067059929545675	-0.0	-0.0	0.8712741552813976	0.35353652111796435	5.336563262419958	-0.0	-0.0	-0.0
GM.5.0.C2H2_ZF.0027	-0.0	0.05861240518048139	1.3545640899390208	-0.0	-0.0	-0.0	-0.0	-0.0	0.6858853109327375	1.04813176294885	0.940195230725252
GM.5.0.bZIP.0084	-0.0	-0.0	0.5884872132355747	-0.0	0.3421097744379507	0.2321661022479379	-0.0	-0.0	1.889987734688462	-0.0	-0.0
GM.5.0.Homeodomain_Paired_box.0001	0.12951298228724262	-0.0	-0.0	-0.0	-0.0	0.10295333019263225	0.34729399079785106	-0.0	13.093702260599256	-0.0	-0.0
GM.5.0.Unknown.0084	0.22530218865455126	-0.0	-0.0	-0.0	0.19412314725379745	-0.0	-0.0	-0.0	8.71988087998431	0.018684018039464474	-0.0
GM.5.0.Unknown.0075	0.03159196746552247	-0.0	1.5863620247643442	0.009224564097430698	0.09070158744166483	-0.0	0.29472192014985066	4.929992684265805	-0.0	-0.0	0.025689004125783572
GM.5.0.STAT.0019	-0.0	-0.0	0.4650022943081701	0.21686658885029958	0.04130784376446053	-0.0	-0.0	-0.0	0.10099013893356756	-0.0	-0.0
GM.5.0.GATA.0020	-0.0	0.16397155677314443	34.366421182040504	-0.0	-0.0	0.035691515826320186	4.584559623238484	4.833376694224295	-0.0	-0.0	0.06442436601856665
GM.5.0.C2H2_ZF.0260	-0.0	0.13034555242667567	0.42572249118326333	-0.0	-0.0	0.1413940764371825	0.01888412990322385	3.5764924472647563	-0.0	-0.0	0.0774829422142121
GM.5.0.Unknown.0109	0.7018975446430841	0.35479667666495013	0.18864031023373773	-0.0	0.22711064119055088	-0.0	0.00908272769594866	1.1230437575778645	-0.0	0.057756972896966394	0.23898027147982168
GM.5.0.bZIP.0065	-0.0	-0.0	-0.0	-0.0	-0.0	-0.0	-0.0	-0.0	10.79708380968461	0.19962052018655915	-0.0
GM.5.0.T-box.0022	-0.0	-0.0	-0.0	-0.0	-0.0	-0.0	0.049481654289547414	-0.0	125.72461224693295	-0.0	-0.0
GM.5.0.C2H2_ZF.0251	-0.0	-0.0	8.51852942529571	0.13220995691876822	-0.0	-0.0	0.002698270122821531	0.17945009826235822	-0.0	-0.0	-0.0
GM.5.0.Mixed.0037	-0.0	-0.0	-0.0	-0.0	-0.0	0.21275994730290632	-0.0	-0.0	135.81156238927616	0.7456307290026609	-0.0
GM.5.0.Sox.0017	-0.0	0.07832092091165203	-0.0	-0.0	-0.0	-0.0	0.02678634128423551	0.010587373133441888	2.684960954346735	-0.0	0.03666747163616246
GM.5.0.Forkhead.0031	0.014706032279750408	-0.0	-0.0	-0.0	0.5957635679600533	-0.0	-0.0	-0.0	-0.0	1.4378070282518105	-0.0
GM.5.0.Mixed.0061	0.12486000108748649	-0.0	-0.0	-0.0	0.3963375552722314	0.001918931101175027	-0.0	-0.0	24.029394321345286	0.2972282791582458	0.11813063748150845
GM.5.0.bZIP.0083	0.08768027291257365	-0.0	3.03877026203359	-0.0	0.04413135933913011	0.16325339198320823	0.16634050908176956	1.7982994099302432	-0.0	-0.0	-0.0
GM.5.0.Unknown.0013	0.4837631682506238	-0.0	-0.0	-0.0	0.18640584271008528	-0.0	1.5976192106272904	-0.0	2.3775679315860545	-0.0	0.21512127366100572
GM.5.0.bZIP.0082	0.16584419928149752	0.48437246029747705	7.508516772580469	0.41884117889537	0.01888412990322385	0.9885632409891426	-0.0	1.5063168960687399	-0.0	-0.0	0.05297189352257997
GM.5.0.Ets.0017	-0.0	0.13904694871401294	-0.0	0.1367218731796613	-0.0	-0.0	0.27153577115034405	-0.0	10.140224089164702	-0.0	-0.0
GM.5.0.Mixed.0075	-0.0	-0.0	4.280895382148747	-0.0	0.051631602920501174	0.025451056463804512	0.7214254134443533	1.3577293617813155	-0.0	-0.0	0.07235499001093883
GM.5.0.Unknown.0078	0.8035133772162664	0.7195490376809874	-0.0	0.07943011567632466	0.04604685692729393	-0.0	-0.0	0.1926937484707239	1.7692693629867047	0.2908903244625983	0.015320588262263244
GM.5.0.Grainyhead.0005	-0.0	-0.0	18.95208937480235	-0.0	0.01611469988375429	-0.0	-0.0	-0.0	-0.0	-0.0	-0.0
GM.5.0.Paired_box.0002	0.024648543047998534	-0.0	0.051518112666416455	-0.0	-0.0	-0.0	0.7461155837422893	-0.0	0.23380161367712438	-0.0	-0.0
GM.5.0.Sox.0005	-0.0	-0.0	-0.0	-0.0	-0.0	-0.0	-0.0	-0.0	11.066091833193711	-0.0	-0.0
GM.5.0.HSF.0004	0.11647042700620948	-0.0	0.47168807899766907	0.8585715148073891	0.05590110949356059	0.8161549237132822	-0.0	-0.0	6.084088744785136	-0.0	-0.0
GM.5.0.CENPB.0001	-0.0	-0.0	-0.0	-0.0	-0.0	-0.0	0.00834418936534292	-0.0	271.6554263078439	0.28853476205627576	-0.0
GM.5.0.Homeodomain_Paired_box.0002	0.08703016756279713	-0.0	0.3841366077205534	-0.0	-0.0	0.06466218537743784	0.1688429988303425	0.9287700930536433	-0.0	-0.0	-0.0
GM.5.0.Unknown.0121	-0.0	-0.0	52.86161132389044	-0.0	-0.0	-0.0	-0.0	0.031525146709981355	-0.0	-0.0	-0.0
GM.5.0.Unknown.0074	0.4244430494802535	0.12111349834410705	1.4628145136617547	0.5884872132355747	0.10624703399451918	0.02322630803389932	0.19962052018655915	0.8426302396519582	-0.0	-0.0	-0.0
GM.5.0.Homeodomain.0164	0.056735218424011476	0.2048384510984684	-0.0	-0.0	-0.0	-0.0	-0.0	-0.0	18.22461153305566	0.01215418996768365	-0.0
GM.5.0.C2H2_ZF.0056	0.25798801167017993	-0.0	39.017830103628384	-0.0	-0.0	-0.0	0.9558536623189339	42.56018415113403	-0.0	-0.0	0.08982055848467439
GM.5.0.Forkhead.0037	0.0122971605244685	0.07943011567632466	0.6123966427208781	0.0799274276214769	-0.0	-0.0	0.07510202982908548	0.8122392823225515	-0.0	-0.0	-0.0
GM.5.0.C2H2_ZF.0088	0.7455419814002047	-0.0	-0.0	0.1688629138435691	-0.0	-0.0	-0.0	1.6952212671221754	-0.0	1.6919709860306749	0.00955912085481057
GM.5.0.STAT.0014	0.16549440455734632	-0.0	0.11942049003943198	0.018684018039464474	-0.0	0.12486000108748649	0.16584419928149752	0.11737688702293068	-0.0	-0.0	-0.0
GM.5.0.ARID_BRIGHT.0006	0.04889883915114896	0.04045069883650362	-0.0	-0.0	-0.0	0.22083769290339747	-0.0	-0.0	52.720228255540206	0.16584419928149752	0.27153577115034405
GM.5.0.Homeodomain.0017	-0.0	-0.0	37.19541171236347	-0.0	0.08768027291257365	-0.0	0.2726335589957319	3.201751083451482	-0.0	-0.0	-0.0
GM.5.0.C2H2_ZF.0060	-0.0	0.17733046900710303	-0.0	-0.0	-0.0	-0.0	-0.0	-0.0	inf	0.9066159823235792	-0.0
GM.5.0.SMAD.0005	0.14594374431026547	0.031525146709981355	31.928126468546647	0.19772067517917088	0.18740207300250256	0.1367218731796613	-0.0	25.805998387063916	-0.0	-0.0	1.4795250773526143
GM.5.0.Unknown.0079	-0.0	0.2512884474050075	3.1019042519083033	0.05989005461765507	-0.0	-0.0	0.16595916360643884	-0.0	-0.0	0.17743957277348743	0.32581999411487983
GM.5.0.E2F.0004	0.3264129377758057	-0.0	-0.0	-0.0	0.14116798421572666	-0.0	-0.0	-0.0	inf	0.5748941606762963	-0.0
GM.5.0.Nuclear_receptor.0090	0.3465532119592034	0.01350894491753938	-0.0	0.21420383367831233	0.05989005461765507	-0.0	0.9728001243658223	-0.0	71.32255891137227	1.1266475382974381	0.28848864537000435
GM.5.0.Myb_SANT.0001	0.03400761872305616	0.37396673536253333	-0.0	0.06163508171063123	-0.0	-0.0	0.19553684094179444	-0.0	120.96223022209159	1.7164361942678585	-0.0
GM.5.0.Nuclear_receptor.0086	0.352515358269717	-0.0	3.354181077320989	-0.0	0.08903478853743042	0.0774829422142121	0.31684715081717757	0.6401469382070327	-0.0	-0.0	0.03591516019807074
GM.5.0.C2H2_ZF.0310	-0.0	-0.0	1.827266698674847	-0.0	-0.0	-0.0	-0.0	-0.0	1.7595911596955596	-0.0	-0.0
GM.5.0.Nuclear_receptor.0054	0.032444736197211915	0.04176897572885282	3.625898813012949	0.04682925337032863	0.2721237655426439	-0.0	-0.0	2.94909208257352	-0.0	0.11813146110842546	0.21541592594753642
GM.5.0.CSL.0001	0.12615848354627546	-0.0	2.6082940092533815	-0.0	0.28473516435848767	-0.0	0.0122971605244685	0.525271638637595	-0.0	-0.0	-0.0
GM.5.0.C2H2_ZF.0136	-0.0	-0.0	-0.0	0.3447342931062805	0.013818152737868234	0.007709905178935839	-0.0	-0.0	271.6554263078439	0.37396673536253333	0.4477351132427696
GM.5.0.Nuclear_receptor.0122	0.11064713532573706	0.23487220632789244	-0.0	0.0773835054537696	-0.0	0.02678634128423551	2.1908027035230706	-0.0	18.702679792652457	-0.0	-0.0
GM.5.0.Homeodomain.0112	0.10223972446401339	0.1161965271972141	-0.0	0.031525146709981355	0.03698994618449359	0.24924644966425488	-0.0	-0.0	48.19948126808673	0.715274388160435	0.08501753444742058
GM.5.0.Forkhead.0047	0.10169042288453464	0.5444734783851077	7.045900379218785	-0.0	-0.0	-0.0	0.6148270039046683	1.5973711433440638	-0.0	-0.0	-0.0
GM.5.0.IRF.0012	0.010032637368699	-0.0	-0.0	-0.0	-0.0	-0.0	-0.0	-0.0	115.68678450243564	1.2098116114148203	-0.0
GM.5.0.Homeodomain_POU.0002	-0.0	-0.0	0.10861478373439992	-0.0	0.009466459271411187	-0.0	-0.0	1.408689998580117	0.05590110949356059	-0.0	-0.0
GM.5.0.MADS_box.0004	0.05878587433712618	-0.0	14.046832762030743	0.05989005461765507	-0.0	-0.0	1.7996157144367995	31.367995071040436	-0.0	-0.0	0.6510567320900794
GM.5.0.C2H2_ZF.0208	0.04313810839342525	0.1137378132735397	1.199597949046628	1.2405891134203322	0.041944980207600624	-0.0	-0.0	8.355618584866408	-0.0	0.07214586888475875	0.3043055812235297
GM.5.0.Mixed.0017	-0.0	0.9075180078278077	0.1367218731796613	-0.0	-0.0	-0.0	0.5444734783851077	-0.0	2.9158119237722815	0.27064209617993173	0.3584060066271453
GM.5.0.STAT.0003	0.10571140342599784	-0.0	1.6366916100742706	0.35479667666495013	-0.0	0.0773835054537696	-0.0	1.5101622872303466	-0.0	-0.0	-0.0
GM.5.0.Sox.0030	1.0931497570151938	0.08536337286785356	0.5190921984648919	-0.0	-0.0	-0.0	0.42744611750297	3.5218692446320987	-0.0	-0.0	-0.0
GM.5.0.TEA.0004	0.3312679500666501	-0.0	-0.0	0.14297506920297204	0.35353652111796435	0.21361490800461416	-0.0	-0.0	12.52929583177123	0.023503771141826658	-0.0
GM.5.0.p53.0005	0.025720701152532038	-0.0	6.314777998499867	0.28998216166842156	-0.0	0.23643695222444508	-0.0	0.8777340430598176	-0.0	-0.0	-0.0
GM.5.0.Homeodomain.0184	-0.0	0.030064299563354442	-0.0	0.22530218865455126	0.0799274276214769	0.026461294080272552	2.0409622066350126	-0.0	130.5529089309692	0.7482021401263431	0.29472192014985066
GM.5.0.Unknown.0173	0.03607010350063275	-0.0	-0.0	0.005942174379392989	-0.0	-0.0	-0.0	-0.0	202.85579730552524	3.7060705668663143	0.3533822224872277
GM.5.0.HSF.0006	0.9324974248362402	0.2673571266687591	-0.0	0.21479539446569998	0.07937143396687044	0.209478046046186	0.08768027291257365	-0.0	0.04176897572885282	-0.0	-0.0
GM.5.0.Runt.0006	0.7155983915961877	0.06823266236329362	-0.0	-0.0	-0.0	0.021051653973234104	0.06756596680225223	-0.0	116.16290797541158	0.10566361239355991	-0.0
GM.5.0.C2H2_ZF.0077	0.8819199274751259	0.0192879163381629	-0.0	-0.0	0.001918931101175027	-0.0	0.6241218311260232	-0.0	19.5780056725826	0.11064713532573706	0.470167304119155
GM.5.0.bZIP.0076	-0.0	-0.0	1.1371697849131759	-0.0	0.17945009826235822	-0.0	0.5231642492748658	-0.0	-0.0	0.018274802233528002	0.11419733424433987
GM.5.0.C2H2_ZF.0195	-0.0	-0.0	1.3813518606104018	0.02634141271786848	-0.0	0.3421097744379507	-0.0	2.347018219440478	-0.0	-0.0	-0.0
GM.5.0.C2H2_ZF.0043	-0.0	-0.0	-0.0	0.41884117889537	0.1772944926518078	-0.0	-0.0	-0.0	103.98408019490604	3.1054730897144376	0.07465611407043612
GM.5.0.E2F.0008	-0.0	0.51153441224258	-0.0	-0.0	-0.0	-0.0	-0.0	-0.0	58.15164395703331	0.0773835054537696	-0.0
GM.5.0.Unknown.0085	0.502254828565466	1.69756630558031	6.051329387825931	0.13289625166153418	-0.0	-0.0	0.40752141934607755	4.6277277166731965	-0.0	0.8563702822338616	0.15086712901653523
GM.5.0.GATA.0023	-0.0	0.1161965271972141	14.241321747221752	-0.0	0.04317638016237362	0.21420383367831233	0.17084281473804458	9.732766746145495	-0.0	-0.0	-0.0
GM.5.0.Paired_box.0012	0.21361490800461416	-0.0	10.103853645215239	-0.0	1.2895002017789845	0.20503718309800864	-0.0	1.617436580426221	-0.0	-0.0	0.31325512478403983
GM.5.0.Mixed.0041	-0.0	-0.0	0.08247508620922049	-0.0	-0.0	-0.0	-0.0	-0.0	5.5922166812695115	-0.0	-0.0
GM.5.0.Mixed.0049	1.1690908105422666	-0.0	-0.0	-0.0	-0.0	0.17418275363177624	0.25305652701383907	-0.0	57.320184285723215	1.5101622872303466	0.308888562591132
GM.5.0.SAND.0005	0.14718314646600855	-0.0	-0.0	-0.0	-0.0	-0.0	0.17880790755426373	-0.0	inf	1.1826447695549187	-0.0
GM.5.0.GATA.0031	1.6180515059613048	0.2512884474050075	81.45834847222211	0.09401002719011513	0.35586488509003894	0.2547555737223723	3.183416878858957	97.54951022140912	-0.0	-0.0	1.3461310677528298
GM.5.0.Homeodomain.0148	0.08768027291257365	-0.0	-0.0	-0.0	-0.0	-0.0	0.5610285194625524	0.08768027291257365	14.266458026182065	1.04813176294885	-0.0
GM.5.0.C2H2_ZF.0303	0.023530100166435215	-0.0	-0.0	-0.0	-0.0	-0.0	-0.0	-0.0	133.42469165969248	0.6510567320900794	-0.0
GM.5.0.Nuclear_receptor.0128	-0.0	0.16431823818912455	3.354181077320989	-0.0	-0.0	0.052504951242987805	-0.0	3.0358166336947785	-0.0	-0.0	0.16939325100394598
GM.5.0.Myb_SANT.0006	0.2623643784061392	0.09891896624807497	-0.0	-0.0	-0.0	0.05286886173887644	0.1979098963722848	-0.0	106.99220123758704	0.8660068409705077	-0.0
GM.5.0.Paired_box.0022	0.09591732424661488	0.22689862813053926	-0.0	0.14594374431026547	-0.0	-0.0	-0.0	-0.0	168.64515552904194	0.09238455251621884	-0.0
GM.5.0.Homeodomain.0160	-0.0	0.006488352202015289	-0.0	-0.0	0.06622045145696508	-0.0	-0.0	-0.0	6.261872041655703	-0.0	-0.0
GM.5.0.bHLH.0094	0.03666747163616246	0.04889883915114896	-0.0	-0.0	-0.0	-0.0	-0.0	-0.0	inf	2.4386417309917716	-0.0
GM.5.0.Unknown.0014	0.0799274276214769	-0.0	13.453627619400487	0.0799274276214769	-0.0	1.5607594161209906	0.19006166474447783	33.9185964153654	-0.0	-0.0	0.27781044372521213
GM.5.0.Ets.0031	0.17169938343386174	0.1924453457622135	-0.0	-0.0	-0.0	-0.0	3.0647536691386397	-0.0	29.606612806803827	0.059635213064156985	0.0635244520030916
GM.5.0.Unknown.0175	-0.0	0.2402376563822002	0.9639344621312333	-0.0	0.03400761872305616	0.08371834578350046	-0.0	-0.0	2.3195728642985256	-0.0	-0.0
GM.5.0.Mixed.0034	0.0008562544236836243	0.7229292267874595	-0.0	-0.0	-0.0	-0.0	0.8563702822338616	-0.0	84.10307333224821	-0.0	-0.0
GM.5.0.Unknown.0070	-0.0	0.024648543047998534	0.9983440762907712	-0.0	0.14594374431026547	-0.0	-0.0	-0.0	-0.0	-0.0	-0.0
GM.5.0.IRF.0019	-0.0	0.4787248651832948	8.52763338297076	0.30379547479660735	-0.0	-0.0	-0.0	5.766935949080609	-0.0	-0.0	-0.0
GM.5.0.bZIP.0043	-0.0	0.21032789299510954	-0.0	-0.0	-0.0	0.39706838564954744	-0.0	-0.0	15.333374429755578	-0.0	-0.0
GM.5.0.RFX.0011	-0.0	-0.0	0.004739798996791832	-0.0	-0.0	0.2043407379338556	1.0997223795488673	-0.0	5.017150226444978	-0.0	-0.0
GM.5.0.C2H2_ZF.0143	0.046042507323626164	0.2043407379338556	26.21349611648724	-0.0	-0.0	-0.0	2.231393921545342	6.659321411219338	-0.0	-0.0	0.09058625300951685
GM.5.0.C2H2_ZF.0150	0.5355804088394508	0.014480153084650364	0.24068390004206164	-0.0	-0.0	0.0789907873819498	0.25992080199688183	0.4593927766282221	-0.0	-0.0	-0.0
GM.5.0.C2H2_ZF.0183	0.00979637600974902	0.11672421935134518	-0.0	-0.0	0.20128854946580693	-0.0	-0.0	-0.0	191.905272624889	-0.0	-0.0
GM.5.0.C2H2_ZF.0162	0.7793124241888609	0.1505841902655845	28.148223842127315	0.23428559784940028	-0.0	-0.0	0.8855454134571028	23.953620166483603	-0.0	-0.0	0.1444134267463115
GM.5.0.C2H2_ZF.0067	0.41750504392987275	-0.0	-0.0	-0.0	0.19134954617966954	-0.0	0.24924644966425488	-0.0	78.99959030889295	4.866503602705117	0.5164451196917725
GM.5.0.Unknown.0124	-0.0	-0.0	-0.0	1.2973460005061828	0.08501753444742058	-0.0	-0.0	-0.0	129.4018975584149	0.05239770601316163	0.11522062832367011
GM.5.0.Homeodomain.0130	-0.0	0.4246846546675788	-0.0	0.11455545466620304	0.19847201059720776	-0.0	-0.0	0.6492336689219574	2.6099714545393375	0.11064713532573706	-0.0
GM.5.0.C2H2_ZF.0316	-0.0	-0.0	0.4326286878532834	-0.0	-0.0	0.9205831581977972	-0.0	3.985685067662767	-0.0	0.19057444153079392	0.10561725359874258
GM.5.0.Mixed.0024	-0.0	0.01805845412733657	0.5610285194625524	-0.0	-0.0	-0.0	-0.0	0.07465611407043612	0.08247508620922049	-0.0	-0.0
GM.5.0.Myb_SANT.0009	0.06751424436698042	0.07832092091165203	-0.0	-0.0	-0.0	-0.0	-0.0	-0.0	75.86059656173147	-0.0	-0.0
GM.5.0.C2H2_ZF.0078	-0.0	-0.0	1.0638316146437239	-0.0	0.29814211023692	-0.0	-0.0	-0.0	-0.0	-0.0	0.20444421771707166
GM.5.0.Unknown.0176	-0.0	0.0684567208162515	-0.0	-0.0	-0.0	-0.0	0.03591516019807074	-0.0	inf	0.4382718523796	-0.0
GM.5.0.TBP.0002	0.23380161367712438	-0.0	-0.0	0.1845379638207358	0.19344880236040782	-0.0	-0.0	-0.0	141.27740081571665	3.575230837429098	0.17412552444607474
GM.5.0.Sox.0031	0.23898027147982168	-0.0	-0.0	0.036463794298483676	1.5035347693859176	-0.0	-0.0	-0.0	65.21262459385702	0.5901852757517335	0.5438033468361905
GM.5.0.bHLH.0001	0.0002898007208956409	0.15086712901653523	-0.0	0.02428392473927311	-0.0	-0.0	-0.0	-0.0	47.66889661240781	-0.0	-0.0
GM.5.0.THAP_finger.0005	0.3121996195851213	1.4304333505399862	-0.0	0.6236096759049464	0.34846505757424195	0.08768027291257365	0.27298171854420916	-0.0	150.80087873339335	2.5164612807763738	0.12280557075280919
GM.5.0.SMAD.0014	0.27439863792938124	-0.0	1.049318808714088	0.25684961536313455	-0.0	-0.0	0.05867640557250564	6.783692162744387	-0.0	-0.0	0.02211612475743334
GM.5.0.Homeodomain.0079	0.18786275136974515	0.06163508171063123	-0.0	-0.0	0.016777294505492042	-0.0	-0.0	-0.0	119.18537488500982	6.697986484909447	-0.0
GM.5.0.Nuclear_receptor.0109	0.2769404889542641	-0.0	-0.0	-0.0	0.0175848460922734	-0.0	0.04580766497802379	0.02339438757043871	0.7505155949648287	0.01769129971203973	-0.0
GM.5.0.Unknown.0181	3.152314574633361	0.23898027147982168	10.923277589667222	-0.0	0.038909184838022026	-0.0	4.255231380404792	18.977904879623637	-0.0	-0.0	0.24068390004206164
GM.5.0.Mixed.0029	0.11958348841080213	0.28697663855067357	-0.0	-0.0	-0.0	-0.0	0.4079347472910161	0.05756210107164633	2.509178603809312	-0.0	-0.0
GM.5.0.C2H2_ZF.0317	-0.0	-0.0	-0.0	-0.0	-0.0	-0.0	2.0156817056376743	-0.0	7.138649182600374	-0.0	-0.0
GM.5.0.bZIP.0089	0.059635213064156985	0.17084281473804458	-0.0	0.14814630666128023	-0.0	0.0810049735523009	0.731263308687592	-0.0	inf	-0.0	-0.0
GM.5.0.C2H2_ZF.0035	0.056155129923476405	-0.0	4.126407654509611	-0.0	-0.0	0.025689004125783572	0.06518536002105224	0.0774829422142121	-0.0	-0.0	0.02629228166466422
GM.5.0.bZIP.0020	-0.0	-0.0	-0.0	-0.0	-0.0	-0.0	-0.0	-0.0	69.88807338009592	-0.0	-0.0
GM.5.0.Forkhead.0050	-0.0	-0.0	0.10343040579999095	0.05756210107164633	0.00908272769594866	0.14910682907187622	-0.0	5.30824666689891	-0.0	-0.0	0.07113884844913819
GM.5.0.Ets.0046	-0.0	0.21541592594753642	-0.0	-0.0	-0.0	-0.0	0.08637851168516707	-0.0	inf	-0.0	-0.0
GM.5.0.Unknown.0208	0.11522062832367011	0.7120811756382984	29.22983597479689	0.42857120661293435	0.25305652701383907	0.6236096759049464	0.07214586888475875	27.91617443212014	-0.0	-0.0	1.7840586333268549
GM.5.0.C2H2_ZF.0173	0.21541592594753642	-0.0	3.8533387366482454	0.2519386713083573	0.12111349834410705	-0.0	-0.0	12.645831409546929	-0.0	-0.0	0.3990619325770721
GM.5.0.E2F.0020	0.45601415590587363	0.005942174379392989	-0.0	-0.0	0.2641247463608319	-0.0	0.8999607219038883	-0.0	67.55260840468141	0.09966443985284382	-0.0
GM.5.0.ARID_BRIGHT.0007	-0.0	-0.0	-0.0	-0.0	-0.0	-0.0	-0.0	-0.0	19.29366012877068	-0.0	-0.0
GM.5.0.Sox.0025	1.8418289234379253	0.2646766206961069	-0.0	-0.0	0.1926937484707239	-0.0	0.11064713532573706	-0.0	7.244799398377837	0.1663606438762523	-0.0
GM.5.0.GATA.0012	-0.0	-0.0	0.01940121572581179	-0.0	0.22099898035871735	0.13625126695796413	-0.0	-0.0	28.259518840643274	-0.0	-0.0
GM.5.0.SMAD.0015	0.16416578758758207	-0.0	15.860849375459738	0.7945417496179521	0.5777700169198788	-0.0	-0.0	12.39449172779461	-0.0	-0.0	1.6557140986172105
GM.5.0.AT_hook.0001	0.2519386713083573	-0.0	-0.0	-0.0	0.2519386713083573	-0.0	-0.0	-0.0	92.43660972699705	1.9316871753564069	0.13220384931801105
GM.5.0.C2H2_ZF.0052	-0.0	-0.0	-0.0	-0.0	-0.0	-0.0	0.9286069267705287	-0.0	21.440456738778195	0.2673571266687591	-0.0
GM.5.0.bHLH.0085	1.2927300138259314	0.15617180250509224	28.03839354166801	-0.0	0.12951298228724262	0.10053392326233271	0.20558345268375708	18.505008231129338	-0.0	-0.0	-0.0
GM.5.0.IRF.0006	-0.0	-0.0	-0.0	0.4857043650309577	0.09257388847967825	0.14187167901231537	2.24916862208916	-0.0	65.15831862031227	0.40766915120245484	-0.0
GM.5.0.Homeodomain.0198	-0.0	0.06262330064182524	2.328138610385421	-0.0	-0.0	-0.0	-0.0	-0.0	0.21420383367831233	-0.0	-0.0
GM.5.0.Mixed.0050	-0.0	0.09966443985284382	-0.0	0.08637851168516707	-0.0	-0.0	-0.0	-0.0	46.03758698423947	-0.0	-0.0
GM.5.0.Homeodomain.0052	0.11064713532573706	-0.0	14.461544499614593	-0.0	-0.0	0.1922338039078627	-0.0	26.32646570716521	-0.0	-0.0	0.10063211148164078
GM.5.0.bHLH.0119	0.0799274276214769	-0.0	0.8207224519943966	0.10343040579999095	-0.0	-0.0	-0.0	3.3822817301407273	-0.0	0.0029685536611850976	0.32905115980090777
GM.5.0.bZIP.0034	0.0799274276214769	0.4593927766282221	-0.0	-0.0	0.0799274276214769	0.19553684094179444	1.430538846765291	-0.0	148.61839461594496	-0.0	-0.0
GM.5.0.C2H2_ZF.0003	-0.0	-0.0	3.391398752724121	0.031525146709981355	0.1134267794879302	-0.0	0.021319410219101532	-0.0	-0.0	-0.0	-0.0
GM.5.0.Unknown.0057	-0.0	-0.0	11.094387718147335	-0.0	-0.0	-0.0	0.03693098039358961	0.5444734783851077	-0.0	-0.0	0.05647507248033209
GM.5.0.Homeodomain.0122	-0.0	0.45287883338175805	4.540186386950398	-0.0	-0.0	-0.0	-0.0	0.7075840754128901	-0.0	-0.0	-0.0
GM.5.0.Unknown.0056	0.08768027291257365	0.19057444153079392	9.829407043406746	-0.0	-0.0	0.5300008587887856	0.11600638264397953	0.09877146591372839	-0.0	-0.0	0.07235499001093883
GM.5.0.Unknown.0008	-0.0	-0.0	-0.0	-0.0	-0.0	-0.0	-0.0	-0.0	38.38951805296627	-0.0	-0.0
GM.5.0.Nuclear_receptor.0094	0.005333108946346526	-0.0	2.0579166011874683	-0.0	0.25798801167017993	-0.0	2.9533632218655095	4.655183939546397	-0.0	0.051648992713027794	0.7944327463773695
GM.5.0.SAND.0007	-0.0	0.03609251186206686	-0.0	-0.0	-0.0	0.01888412990322385	-0.0	-0.0	51.91154089999205	0.14191479205818466	-0.0
GM.5.0.C2H2_ZF.0210	-0.0	-0.0	0.7472316899780761	-0.0	-0.0	0.09591732424661488	-0.0	-0.0	0.49530794300424397	-0.0	-0.0
GM.5.0.bZIP.0041	0.7399659188606638	-0.0	-0.0	0.21604048335156625	-0.0	0.017718041012356637	0.7142535781160414	-0.0	6.386765150367057	-0.0	-0.0
GM.5.0.Mixed.0074	-0.0	0.08950773744372081	-0.0	0.09877146591372839	-0.0	-0.0	0.09360583187971784	-0.0	3.904581828043549	0.05265632593662967	0.12196016770040086
GM.5.0.Homeodomain.0181	-0.0	0.04459899054509901	-0.0	-0.0	-0.0	-0.0	-0.0	-0.0	16.008198097511457	-0.0	-0.0
GM.5.0.Unknown.0036	-0.0	0.3412740871456127	5.311878488502237	-0.0	-0.0	-0.0	0.08354414635482654	-0.0	-0.0	-0.0	-0.0
GM.5.0.Unknown.0200	0.6081098511723598	0.3902341644953059	-0.0	-0.0	-0.0	-0.0	0.16416578758758207	-0.0	180.39401962776668	-0.0	-0.0
GM.5.0.Nuclear_receptor.0145	0.01831425532614087	-0.0	4.78237288788669	-0.0	-0.0	-0.0	-0.0	2.4935969911903753	-0.0	-0.0	0.19057444153079392
GM.5.0.Ets.0035	0.3605941061842143	-0.0	-0.0	-0.0	-0.0	0.15333821081884128	-0.0	-0.0	inf	4.712812968607601	0.028845438669232584
GM.5.0.Ets.0003	-0.0	-0.0	-0.0	-0.0	-0.0	-0.0	0.07910816899370816	-0.0	92.20128872175324	-0.0	-0.0
GM.5.0.Unknown.0139	0.09530164874655184	-0.0	-0.0	-0.0	-0.0	0.09966443985284382	-0.0	-0.0	14.527044895113683	-0.0	-0.0
GM.5.0.Homeodomain.0151	-0.0	-0.0	-0.0	0.08768027291257365	-0.0	0.03944729500418844	-0.0	-0.0	2.7800375499341112	-0.0	0.033455605015851396
GM.5.0.bZIP.0092	-0.0	-0.0	6.661014728328638	0.368647499683308	-0.0	-0.0	-0.0	10.852956185694383	-0.0	-0.0	-0.0
GM.5.0.C2H2_ZF.0105	-0.0	-0.0	-0.0	3.4995547325306826	0.12280557075280919	0.033843768596798454	-0.0	-0.0	89.2861866787077	7.191354323507549	0.038582604005612774
GM.5.0.C2H2_ZF.0170	0.03743774814996944	0.23898027147982168	-0.0	0.11064713532573706	0.209478046046186	-0.0	0.0697592226132726	-0.0	7.22168939516155	0.6258639836852292	-0.0
GM.5.0.bHLH.0104	0.04366574854955011	0.05590110949356059	-0.0	0.07832092091165203	0.17104258802361377	0.4461506275676127	-0.0	-0.0	20.621229483674792	-0.0	-0.0
GM.5.0.C2H2_ZF.0228	-0.0	-0.0	-0.0	-0.0	-0.0	-0.0	-0.0	-0.0	280.25837895477	2.1851193126040607	-0.0
GM.5.0.C2H2_ZF.0229	0.9639344621312333	0.07451688023220106	3.0803940618880117	-0.0	1.184799791073282	0.2818762330201546	0.19553684094179444	15.543180699334107	-0.0	-0.0	0.5271046956561409
GM.5.0.Forkhead.0044	0.03400761872305616	0.09691131616641	-0.0	-0.0	-0.0	-0.0	-0.0	-0.0	22.313717785409107	-0.0	-0.0
GM.5.0.Homeodomain.0168	-0.0	0.8141302348038779	-0.0	0.7952473510278522	0.01215418996768365	-0.0	-0.0	-0.0	17.597007047824743	-0.0	-0.0
GM.5.0.Unknown.0140	-0.0	-0.0	-0.0	-0.0	0.20532577554356388	-0.0	1.4515761102624474	-0.0	inf	1.2814951291539924	-0.0
GM.5.0.Nuclear_receptor.0025	0.5413255145237368	0.9543427771558313	4.76642584397042	-0.0	-0.0	0.015320588262263244	0.16325339198320823	3.0539394611416197	-0.0	-0.0	-0.0
GM.5.0.Homeodomain.0183	-0.0	-0.0	-0.0	-0.0	-0.0	-0.0	-0.0	-0.0	7.846749842775132	-0.0	-0.0
GM.5.0.C2H2_ZF.0046	-0.0	-0.0	-0.0	0.09911165523713021	-0.0	-0.0	-0.0	-0.0	235.73086510670177	1.2349664861361864	0.07255930358169926
GM.5.0.RFX.0009	1.2098116114148203	0.04580766497802379	2.7478471247114946	-0.0	0.07303781037086654	0.033455605015851396	0.6070037541248524	1.3461310677528298	-0.0	-0.0	0.48693150687160774
GM.5.0.Forkhead.0025	0.5610285194625524	-0.0	-0.0	0.5598301739767655	0.12486000108748649	-0.0	-0.0	-0.0	60.58443445135183	0.6215429334752626	0.09591732424661488
GM.5.0.MADS_box.0012	-0.0	-0.0	-0.0	0.19057444153079392	0.16179674254514134	-0.0	-0.0	-0.0	103.94863026383726	0.8105813245518471	0.41973129254619607
GM.5.0.bZIP.0006	0.9602767663882309	0.6140591494379074	-0.0	0.1444134267463115	-0.0	-0.0	3.8747812746024355	-0.0	110.16068211966737	-0.0	-0.0
GM.5.0.MADS_box.0018	0.03591516019807074	0.004655053736673237	0.8426302396519582	0.07832092091165203	0.21420383367831233	-0.0	-0.0	5.74021054886249	-0.0	-0.0	0.05239770601316163
GM.5.0.Homeodomain.0037	0.028350969094308814	0.07465611407043612	-0.0	-0.0	-0.0	-0.0	0.22823694720185778	-0.0	252.826156266731	0.903430455821506	0.023021439119004294
GM.5.0.MBD.0001	1.4156576718908853	0.1637779335327136	-0.0	-0.0	0.0004194942334713675	-0.0	-0.0	-0.0	inf	1.0724731279128052	-0.0
GM.5.0.Homeodomain.0074	0.0799274276214769	-0.0	-0.0	-0.0	-0.0	-0.0	-0.0	-0.0	89.49870731213507	0.485308248062126	-0.0
GM.5.0.Homeodomain.0145	-0.0	0.17169938343386174	9.373418946799852	0.25493208383459837	-0.0	-0.0	-0.0	3.191641801975281	-0.0	-0.0	0.4177918861574273
GM.5.0.bZIP.0016	-0.0	0.05137159767554199	-0.0	0.13220995691876822	-0.0	-0.0	2.0738999156115794	-0.0	100.77108193890571	-0.0	-0.0
GM.5.0.Forkhead.0015	0.19344880236040782	-0.0	-0.0	0.03528484455419238	0.0710122054619221	-0.0	-0.0	0.5903189518611205	1.2098116114148203	-0.0	0.023065880580248978
GM.5.0.Homeodomain.0136	-0.0	-0.0	0.42693916117720965	-0.0	-0.0	0.018839072546306262	-0.0	0.4232116944988056	-0.0	-0.0	-0.0
GM.5.0.Homeodomain.0077	-0.0	-0.0	5.670514907348622	-0.0	-0.0	0.0017897563965586115	-0.0	0.8597702463471033	-0.0	-0.0	-0.0
GM.5.0.C2H2_ZF.0271	0.6084015874186522	0.0799274276214769	1.4584642873827982	-0.0	-0.0	-0.0	5.032443675288044	7.89685103004263	-0.0	-0.0	0.43520480447540943
GM.5.0.Rel.0020	0.41884117889537	-0.0	1.4100524949687783	-0.0	-0.0	-0.0	0.024648543047998534	-0.0	0.45512226936293226	-0.0	-0.0
GM.5.0.bZIP.0080	0.07832092091165203	0.02322630803389932	-0.0	-0.0	0.10343040579999095	-0.0	0.9806004086394959	-0.0	305.24751690360785	0.18979595667218183	-0.0
GM.5.0.C2H2_ZF.0243	0.03693098039358961	-0.0	-0.0	0.6448716942545737	0.5575105952653272	-0.0	0.018894144226928648	-0.0	55.803669262104876	2.0763018123925363	0.30549882175176085
GM.5.0.Mixed.0063	0.19787109282650683	-0.0	2.890878649387801	-0.0	0.015320588262263244	-0.0	-0.0	3.484628690438228	-0.0	0.04130784376446053	-0.0
GM.5.0.SMAD.0012	1.453866225061004	0.07964461671363636	-0.0	-0.0	-0.0	0.10323150647621808	1.031518080134671	-0.0	inf	2.360072639926471	-0.0
GM.5.0.E2F.0012	0.5356384512073046	0.08982055848467439	-0.0	-0.0	0.07895842010863205	-0.0	0.3073535806822155	-0.0	inf	1.5193832984243854	-0.0
GM.5.0.bZIP.0096	-0.0	0.1379912477873223	-0.0	-0.0	-0.0	-0.0	2.154970087754031	-0.0	6.296427667656394	-0.0	-0.0
GM.5.0.bZIP.0073	0.340948997522482	-0.0	-0.0	0.787260272527252	-0.0	-0.0	0.9324974248362402	-0.0	285.2373096087806	3.372091027594497	0.678258239698044
GM.5.0.Unknown.0011	0.08768027291257365	-0.0	-0.0	-0.0	-0.0	-0.0	1.722212649418886	-0.0	65.84698244784914	-0.0	-0.0
GM.5.0.MADS_box.0017	0.058805253927333934	-0.0	3.5148140894911752	0.35899037295265473	-0.0	-0.0	-0.0	-0.0	-0.0	-0.0	0.017605495089634104
GM.5.0.Homeodomain.0056	0.14594374431026547	-0.0	30.169245449108228	0.7643031913598567	0.07214586888475875	-0.0	1.6240157719407045	39.20186495301447	-0.0	-0.0	0.01413373401436714
GM.5.0.Forkhead.0028	0.3152110616584072	0.7446610323514216	-0.0	-0.0	-0.0	-0.0	0.29434877776957674	-0.0	inf	0.9728115972187882	-0.0
GM.5.0.SAND.0004	-0.0	-0.0	225.41403768074824	-0.0	-0.0	0.07214586888475875	-0.0	52.45548195006944	-0.0	-0.0	-0.0
GM.5.0.Unknown.0050	-0.0	0.10566361239355991	28.154134260821493	-0.0	-0.0	-0.0	0.6621288228648222	10.064623801759405	-0.0	-0.0	0.2769960416312365
GM.5.0.RFX.0002	-0.0	0.08299146099319313	14.463028010543656	-0.0	1.0172505524255402	-0.0	1.2927300138259314	6.585980036570737	-0.0	-0.0	-0.0
GM.5.0.Unknown.0110	0.09593324415185606	-0.0	94.25019536036736	-0.0	0.5411500350035467	-0.0	2.0601415758409667	32.276649890108395	-0.0	-0.0	0.03591516019807074
GM.5.0.Forkhead.0007	0.039253681749480324	-0.0	-0.0	-0.0	-0.0	-0.0	-0.0	4.858439162961313	-0.0	-0.0	0.38504201206510175
GM.5.0.Unknown.0004	0.2766030304231369	-0.0	35.64156684538398	0.6900245106874635	0.7945417496179521	0.06650646334813425	0.0710122054619221	33.20324825347364	-0.0	-0.0	0.7687230826746264
GM.5.0.SMAD.0002	0.08982055848467439	-0.0	4.9074989572272525	-0.0	-0.0	-0.0	3.1065252959709797	4.236259237289466	-0.0	-0.0	-0.0
GM.5.0.MADS_box.0002	0.0688613618625394	-0.0	-0.0	0.05731808245678012	-0.0	-0.0	-0.0	-0.0	65.63553453327081	0.16416578758758207	-0.0
GM.5.0.Nuclear_receptor.0121	0.5164451196917725	0.6236096759049464	3.8939868503400676	-0.0	0.3546417796597678	0.19114132709696524	2.5737860426165775	5.309924036711275	-0.0	-0.0	0.22168050460926242
GM.5.0.bHLH.0028	1.382839827460533	0.36998010208238524	63.58404364285535	-0.0	1.2120453157456195	-0.0	3.539109373200635	62.50014807136671	-0.0	-0.0	0.3584060066271453
GM.5.0.Homeodomain.0138	0.12951298228724262	0.7195490376809874	-0.0	0.32905115980090777	-0.0	0.6488167907220221	0.5551064614002237	0.994001565183204	-0.0	-0.0	0.3269272079123494
GM.5.0.Homeodomain.0173	-0.0	0.02217397902023949	5.009966922039608	-0.0	-0.0	-0.0	-0.0	0.22410989144569912	-0.0	-0.0	-0.0
GM.5.0.bHLH.0072	1.4963347343030429	0.8660068409705077	51.94614993845237	-0.0	0.8660068409705077	-0.0	4.123792750447645	30.00737166965366	-0.0	-0.0	-0.0
GM.5.0.bZIP.0003	-0.0	0.27690657519919515	37.9256564711155	0.17743957277348743	0.4468921429334448	1.1350789442773883	0.03698749867959735	28.331196169776888	-0.0	-0.0	0.12951298228724262
GM.5.0.C2H2_ZF.0221	0.019308946590519717	-0.0	16.004673434423854	1.0621189543991902	-0.0	0.0659202420852497	0.4005457423282793	28.466611656739353	-0.0	-0.0	1.19552481922726
GM.5.0.Homeodomain.0129	-0.0	0.08299146099319313	0.3029681572910989	-0.0	-0.0	-0.0	-0.0	0.031843041416191986	2.0376057237505933	-0.0	-0.0
GM.5.0.Unknown.0198	0.688195900982845	-0.0	2.1125018708697705	0.19962052018655915	0.2119436100511957	0.4015574863826766	0.48437246029747705	9.34714324830409	-0.0	-0.0	-0.0
GM.5.0.Forkhead.0013	0.3837724266873961	-0.0	-0.0	0.13220995691876822	0.07465611407043612	-0.0	-0.0	4.764811029767079	-0.0	0.3357151057127	0.23683904829778282
GM.5.0.Mixed.0084	0.3276560907243819	-0.0	-0.0	-0.0	-0.0	-0.0	-0.0	-0.0	inf	0.653144973900565	-0.0
GM.5.0.RFX.0003	-0.0	0.5400257611301345	3.274762447846421	0.030793857613790474	0.676264230463086	0.086589356208467	0.5777700169198788	0.052180408719020105	-0.0	-0.0	-0.0
GM.5.0.C2H2_ZF.0064	3.331284394116284	0.21420383367831233	6.942691664265806	0.6612715377383537	0.023545646862788375	-0.0	0.9503775638732379	6.073937387170358	-0.0	-0.0	1.2571832686533384
GM.5.0.bZIP.0013	-0.0	0.32597585687723163	24.765650535567133	-0.0	0.2675392347575152	1.2187050352921105	-0.0	21.928423688279594	-0.0	-0.0	0.3887139377619436
GM.5.0.bHLH.0137	0.6488167907220221	0.09593324415185606	181.8497992645406	-0.0	0.13084756087875346	-0.0	6.698093914731985	84.33061018646698	-0.0	-0.0	0.07931333708167289
GM.5.0.bHLH.0006	2.037338355163324	0.17945009826235822	167.22949128351632	0.004649507114408088	0.10086920639774069	-0.0	6.504503662024631	132.46056837757	-0.0	-0.0	0.2169462203203796
GM.5.0.RFX.0018	-0.0	-0.0	4.259064022436871	-0.0	0.024756509412535762	0.03607010350063275	0.7945417496179521	0.6858853109327375	-0.0	-0.0	-0.0
GM.5.0.Forkhead.0043	2.253524953185836	0.6135903412744274	-0.0	2.9158119237722815	3.708582597065836	0.9324974248362402	11.493912925808566	-0.0	inf	26.174541398097528	5.07962818720158
