# maelstrom - GimmeMotifs version 0.16.1
# method: mwu with motif score
# motif table: /media/ia1014/2011CBA352BBC48B/ipek/K27ac_at_FOXg1_peaks_maelstrom.out/motif.nr.score.txt.gz
# activity values: BH-corrected -log10 Mann-Whitney U p-value
	cluster_1	cluster_2	cluster_3	cluster_4
GM.5.0.GATA.0029	inf	16.337062162780647	-0.0	-0.0
GM.5.0.Unknown.0161	-0.0	0.4982222069866724	3.1448372013020074	16.00187940467303
GM.5.0.Unknown.0159	0.39345070421565065	-0.0	-0.0	0.6851333645653388
GM.5.0.C2H2_ZF.0188	-0.0	-0.0	0.013704062143783802	12.568916006891028
GM.5.0.Nuclear_receptor.0061	6.427950061523892	-0.0	-0.0	7.6421811016323
GM.5.0.Unknown.0028	0.9486727744944435	0.5952326792762543	-0.0	-0.0
GM.5.0.Homeodomain.0049	1.8428376433701037	0.2852130438266929	-0.0	-0.0
GM.5.0.C2H2_ZF.0095	11.045730221030212	-0.0	-0.0	1.9512334050226172
GM.5.0.Unknown.0113	29.301074817918057	0.013901161659604028	-0.0	-0.0
GM.5.0.Myb_SANT.0012	1.7144431803822497	-0.0	-0.0	-0.0
GM.5.0.Unknown.0171	-0.0	-0.0	0.9458364603205274	6.3897021838457935
GM.5.0.Mixed.0104	-0.0	0.5271083652614091	3.0888260822939415	3.715226501461395
GM.5.0.RFX.0016	-0.0	3.502853676649141	3.4647118937432797	1.6619510781121112
GM.5.0.DM.0004	0.3276678492126356	-0.0	-0.0	1.1059029568632044
GM.5.0.Nuclear_receptor.0125	31.733880045604586	-0.0	-0.0	0.9461731871044023
GM.5.0.T-box.0026	-0.0	3.3647182797692996	-0.0	6.249146561158193
GM.5.0.C2H2_ZF.0138	17.206571849401115	-0.0	-0.0	-0.0
GM.5.0.Unknown.0048	21.686595485604638	-0.0	-0.0	-0.0
GM.5.0.Nuclear_receptor.0042	-0.0	-0.0	-0.0	6.090119632724666
GM.5.0.bHLH.0120	-0.0	12.936362432673482	3.6350357335306347	-0.0
GM.5.0.C2H2_ZF.0281	5.8536114618273505	-0.0	-0.0	3.520856816462903
GM.5.0.bZIP.0031	6.48283047629736	-0.0	0.04271570911207735	-0.0
GM.5.0.C2H2_ZF.0101	-0.0	-0.0	0.038468668550886216	0.9243376370133866
GM.5.0.Nuclear_receptor.0087	-0.0	-0.0	-0.0	9.26335101044898
GM.5.0.Unknown.0128	38.620953513439005	-0.0	-0.0	-0.0
GM.5.0.Unknown.0123	-0.0	-0.0	-0.0	6.514205270089844
GM.5.0.Nuclear_receptor.0117	2.7547319060155826	-0.0	-0.0	0.10807526236560829
GM.5.0.C2H2_ZF.0171	11.11408723722188	-0.0	-0.0	4.206373248663433
GM.5.0.Mixed.0078	-0.0	0.10614126863271914	3.072863195294005	4.361347884652397
GM.5.0.C2H2_ZF.0217	-0.0	1.0536381708821887	-0.0	8.707528594700658
GM.5.0.Nuclear_receptor.0148	16.634646447824796	-0.0	-0.0	0.1400965670980471
GM.5.0.Nuclear_receptor.0088	8.167596350424201	-0.0	-0.0	2.3543904007647596
GM.5.0.Nuclear_receptor.0064	0.77249083994602	-0.0	-0.0	2.7244147248488386
GM.5.0.Homeodomain.0159	95.06197467904276	1.0979833154608873	-0.0	-0.0
GM.5.0.C2H2_ZF.0224	-0.0	0.4802960981014171	0.1979376846099795	0.4777274124462028
GM.5.0.C2H2_ZF.0038	5.519903374316774	-0.0	-0.0	1.8503458024731743
GM.5.0.T-box.0007	-0.0	0.8748336816810898	-0.0	-0.0
GM.5.0.C2H2_ZF.0126	15.973170472160803	0.7013949195960781	-0.0	-0.0
GM.5.0.bZIP.0060	7.025408100018361	4.008607053568139	-0.0	-0.0
GM.5.0.Nuclear_receptor.0046	-0.0	-0.0	0.7060055419002621	22.105830008075948
GM.5.0.C2H2_ZF.0161	-0.0	0.21791576293639586	5.596108209519077	5.061210873590375
GM.5.0.Unknown.0040	1.8604083132736546	4.054269504072276	-0.0	1.3819160909380166
GM.5.0.C2H2_ZF.0129	-0.0	0.2572233227801945	-0.0	2.615662690621222
GM.5.0.Nuclear_receptor.0047	0.1471382418651146	-0.0	0.47318177326385213	11.607554237809326
GM.5.0.C2H2_ZF.0280	-0.0	8.328228296369183	3.062667528057468	0.005366531861005507
GM.5.0.Homeodomain_POU.0011	35.53820365997566	-0.0	0.3597982582872343	-0.0
GM.5.0.C2H2_ZF.0073	20.87359572807003	-0.0	-0.0	-0.0
GM.5.0.Unknown.0049	-0.0	0.34744275194049445	0.24570610112656363	-0.0
GM.5.0.Mixed.0060	10.18138585707671	-0.0	0.65138383393692	-0.0
GM.5.0.C2H2_ZF.0158	-0.0	0.00929098686638111	-0.0	4.915627830341711
GM.5.0.Mixed.0009	7.423608010513287	4.217552478441442	-0.0	-0.0
GM.5.0.Unknown.0054	-0.0	-0.0	1.2366831964555776	19.667142599425745
GM.5.0.C2H2_ZF.0076	3.5201443122757667	0.8183072817191844	-0.0	-0.0
GM.5.0.Rel.0021	51.03671887433586	-0.0	-0.0	-0.0
GM.5.0.C2H2_ZF.0233	0.056676480095962496	-0.0	0.12162280133971072	-0.0
GM.5.0.Nuclear_receptor.0134	-0.0	-0.0	5.2968700929671275	28.119752160918313
GM.5.0.Unknown.0059	-0.0	0.5582831562795569	0.3661470399447987	0.304429500842926
GM.5.0.Nuclear_receptor.0065	-0.0	-0.0	2.2193061182242895	19.32064750891348
GM.5.0.Pipsqueak.0001	52.797239626341906	12.38817899773571	-0.0	-0.0
GM.5.0.Unknown.0129	0.7982302404250835	-0.0	-0.0	-0.0
GM.5.0.Nuclear_receptor.0016	-0.0	-0.0	-0.0	30.785932656844498
GM.5.0.Grainyhead.0007	-0.0	2.608750745135493	3.7318727911819245	0.3276678492126356
GM.5.0.CUT_Homeodomain.0006	0.3833535930404692	0.40591450556395775	-0.0	1.7348733826753624
GM.5.0.T-box.0018	-0.0	-0.0	0.43159715789281194	7.658132741851618
GM.5.0.C2H2_ZF.0302	8.11329212160521	-0.0	-0.0	0.23341089152207392
GM.5.0.C2H2_ZF.0289	1.4901773649408296	-0.0	2.4933585969620444	-0.0
GM.5.0.C2H2_ZF.0225	-0.0	0.32885961957923143	2.6316921059078857	8.142397163257728
GM.5.0.Forkhead.0058	0.0976936049955886	-0.0	-0.0	1.6743953454553373
GM.5.0.Nuclear_receptor.0114	-0.0	-0.0	0.23391475004881623	10.219721828198168
GM.5.0.C2H2_ZF.0293	-0.0	-0.0	1.1382392940762611	0.17025432682574715
GM.5.0.Ets.0029	35.552819461038276	-0.0	-0.0	-0.0
GM.5.0.bZIP.0062	-0.0	2.185105075491534	1.197243748519158	0.05673729825452385
GM.5.0.C2H2_ZF.0235	0.40678030799819753	2.474586295863887	-0.0	0.34605562146092644
GM.5.0.Mixed.0020	3.0482440052730193	-0.0	-0.0	1.4543804734658756
GM.5.0.Forkhead.0040	-0.0	1.3375904698737786	8.539799954545105	3.711598874276214
GM.5.0.Rel.0008	6.367037668542098	-0.0	-0.0	1.415946730173262
GM.5.0.Nuclear_receptor.0111	-0.0	-0.0	0.1491727323486456	10.596732699628987
GM.5.0.C2H2_ZF.0203	0.003431651299148071	1.4678904429379767	-0.0	-0.0
GM.5.0.Unknown.0190	0.12208300987248402	0.01412149073071715	-0.0	0.7013949195960781
GM.5.0.EIN3.0001	-0.0	11.364570438847634	-0.0	0.5509272002617293
GM.5.0.C2H2_ZF.0010	-0.0	1.517321555100666	6.076963641859497	32.90760794619711
GM.5.0.Nuclear_receptor.0085	1.5248155840134658	-0.0	-0.0	-0.0
GM.5.0.C2H2_ZF.0197	18.033316380472353	-0.0	-0.0	-0.0
GM.5.0.Paired_box.0013	-0.0	0.37904960768615537	1.776480594606944	1.8465514781258776
GM.5.0.Mixed.0007	-0.0	5.91842152286522	5.390159431410321	-0.0
GM.5.0.bHLH.0075	-0.0	9.634290487710667	23.77050364646096	1.7700009237286853
GM.5.0.Mixed.0047	-0.0	0.7948438711814052	1.3083856986416464	0.07249147653791191
GM.5.0.GCM.0004	-0.0	0.9850384017498293	-0.0	2.9153514501861064
GM.5.0.Mixed.0055	2.0321214421981257	-0.0	0.37246863952265163	-0.0
GM.5.0.Nuclear_receptor.0131	-0.0	-0.0	0.27792141154716077	10.323288071005726
GM.5.0.Nuclear_receptor.0115	8.35920569859494	-0.0	-0.0	-0.0
GM.5.0.Unknown.0141	-0.0	2.8024566320245445	0.48627802617152294	10.39488818362273
GM.5.0.C2H2_ZF.0209	-0.0	-0.0	3.562372966522865	0.6505933975292452
GM.5.0.Ets.0043	-0.0	2.4394768578571977	2.485867851223409	-0.0
GM.5.0.Nuclear_receptor.0100	-0.0	-0.0	1.5244419421517725	17.901335172831512
GM.5.0.Mixed.0065	19.433517077281262	-0.0	-0.0	-0.0
GM.5.0.bHLH.0105	14.279876907230179	-0.0	-0.0	-0.0
GM.5.0.C2H2_ZF.0083	-0.0	-0.0	0.8449438197077828	2.1511488948878434
GM.5.0.STAT.0025	8.185579304411776	-0.0	0.08554740125840982	-0.0
GM.5.0.C2H2_ZF.0039	-0.0	0.9771788167711944	-0.0	1.2595741365792104
GM.5.0.Unknown.0138	-0.0	0.6180768629218472	1.0398609454891776	6.353103399746147
GM.5.0.C2H2_ZF.0298	14.686970371439427	-0.0	-0.0	-0.0
GM.5.0.Zinc_cluster.0001	-0.0	1.1956101686899738	0.017219912762892666	0.5985146964730537
GM.5.0.C2H2_ZF.0080	4.31252069258238	-0.0	3.779588533966468	-0.0
GM.5.0.Unknown.0105	0.48306660018997927	0.08404355445883693	0.08078341146917746	-0.0
GM.5.0.Nuclear_receptor.0118	-0.0	-0.0	0.3668283205120467	12.327975446504617
GM.5.0.Unknown.0169	-0.0	2.906364926963306	7.2459431365907285	-0.0
GM.5.0.C2H2_ZF.0147	24.297637863301475	-0.0	-0.0	-0.0
GM.5.0.T-box.0012	-0.0	-0.0	1.0005049025652186	2.931399839242011
GM.5.0.Prospero.0001	3.6289618998060935	-0.0	0.8488748379320004	-0.0
GM.5.0.C2H2_ZF.0146	-0.0	-0.0	2.868218806173343	5.529670607982759
GM.5.0.Homeodomain.0153	8.81612782251636	-0.0	-0.0	-0.0
GM.5.0.Nuclear_receptor.0081	-0.0	-0.0	-0.0	16.67418873629373
GM.5.0.Nuclear_receptor.0116	0.33178036380897546	1.240073566853447	-0.0	-0.0
GM.5.0.Forkhead.0055	11.684159205262107	0.8323368308139346	-0.0	-0.0
GM.5.0.Ets.0038	0.5966371856679678	-0.0	1.6953421099605184	-0.0
GM.5.0.Unknown.0015	58.75827341269769	-0.0	-0.0	-0.0
GM.5.0.TEA.0005	208.91994118900368	-0.0	-0.0	-0.0
GM.5.0.Paired_box.0018	-0.0	-0.0	1.7169095790933009	0.20223144486905784
GM.5.0.C2H2_ZF.0286	7.398687615324667	-0.0	-0.0	6.009815455786477
GM.5.0.HSF.0008	3.729426802783236	-0.0	0.05054139350830527	-0.0
GM.5.0.STAT.0015	24.161092727020872	-0.0	-0.0	-0.0
GM.5.0.Nuclear_receptor.0007	-0.0	-0.0	1.1222166208787503	0.8696694484106762
GM.5.0.C2H2_ZF.0276	-0.0	12.440289544137334	-0.0	-0.0
GM.5.0.Mixed.0103	-0.0	2.3480824191047653	13.883019076646432	0.752489667286044
GM.5.0.C2H2_ZF.0307	-0.0	3.3136856425754884	0.541104682261877	0.051842985282392756
GM.5.0.Forkhead.0042	-0.0	4.225434785327891	-0.0	1.0618601813542938
GM.5.0.STAT.0016	-0.0	-0.0	1.1874330206481805	-0.0
GM.5.0.bZIP.0032	-0.0	-0.0	3.3837488630276336	8.22677209491301
GM.5.0.Unknown.0062	7.166503695355726	-0.0	-0.0	-0.0
GM.5.0.GATA.0025	-0.0	-0.0	11.92463036252147	8.342623575045488
GM.5.0.C2H2_ZF.0123	-0.0	1.8294773640993789	8.179512222455998	0.21897152545983475
GM.5.0.CSD.0001	-0.0	4.270101095065508	0.35751135241623533	-0.0
GM.5.0.C2H2_ZF.0079	-0.0	0.1477304701692935	3.9380559561156616	-0.0
GM.5.0.SMAD.0007	0.35624092179402317	-0.0	-0.0	2.9764790889992323
GM.5.0.C2H2_ZF.0256	-0.0	0.24683782519441483	0.7564223122653769	5.895090255396926
GM.5.0.Nuclear_receptor.0099	4.768869178881112	-0.0	-0.0	1.3496195119955319
GM.5.0.C2H2_ZF.0284	9.200318354371387	11.27528728248561	-0.0	-0.0
GM.5.0.Homeodomain.0149	-0.0	0.42407684202795815	2.3068536350737885	-0.0
GM.5.0.Sox.0001	21.388074527044154	5.579571474809052	-0.0	-0.0
GM.5.0.Homeodomain.0108	-0.0	2.256848053523642	0.62783491488717	-0.0
GM.5.0.C2H2_ZF.0181	11.487821820956205	-0.0	0.026442149990078868	-0.0
GM.5.0.Unknown.0042	-0.0	0.5818698150149634	-0.0	4.60954587540972
GM.5.0.bHLH.0109	4.653343315846405	6.3393682824291835	-0.0	-0.0
GM.5.0.Mixed.0017	3.0271881331904464	0.12286432512998642	0.6477780467423006	-0.0
GM.5.0.SAND.0006	29.050682096667146	1.0480286456301289	-0.0	-0.0
GM.5.0.Unknown.0202	-0.0	1.793771400053196	1.617872482049415	1.1294657861627244
GM.5.0.Ets.0032	43.07016055551524	-0.0	-0.0	-0.0
GM.5.0.Paired_box.0020	-0.0	-0.0	1.2497583049934122	31.800894448948565
GM.5.0.Forkhead.0024	-0.0	0.0875849548229994	0.12577438325049606	0.15723015131272886
GM.5.0.Runt.0006	48.80432825833068	-0.0	-0.0	-0.0
GM.5.0.RFX.0012	-0.0	3.562246581800566	-0.0	0.6287865746736941
GM.5.0.C2H2_ZF.0132	36.64258458847238	-0.0	-0.0	-0.0
GM.5.0.Nuclear_receptor.0056	2.056649384867141	-0.0	-0.0	2.5592748845461224
GM.5.0.HSF.0009	2.7871707704893494	0.38960321451693947	-0.0	-0.0
GM.5.0.Unknown.0072	0.09015222192301613	-0.0	1.1760209972590188	-0.0
GM.5.0.C2H2_ZF.0177	5.8956604304054085	0.4055241433338547	-0.0	-0.0
GM.5.0.Nuclear_receptor.0095	11.532452180250317	-0.0	2.538535993966903	-0.0
GM.5.0.Homeodomain.0053	-0.0	-0.0	0.7953917036397652	3.691608489292313
GM.5.0.Nuclear_receptor.0059	-0.0	-0.0	-0.0	18.637809667157462
GM.5.0.Unknown.0065	-0.0	-0.0	44.24493320822882	28.508262250835937
GM.5.0.C2H2_ZF.0216	-0.0	1.6837686040162547	1.7707643365149492	0.6596553676445787
GM.5.0.Unknown.0127	-0.0	0.309338057087535	0.3597982582872343	0.0661439207090938
GM.5.0.bZIP.0084	3.1455506697867355	0.12577438325049606	-0.0	-0.0
GM.5.0.Mixed.0005	7.700451856409903	-0.0	2.1486506762793867	-0.0
GM.5.0.C2H2_ZF.0154	-0.0	1.8851163947391267	0.6074963841320756	-0.0
GM.5.0.C2H2_ZF.0236	-0.0	-0.0	10.515619050974236	2.40807388541413
GM.5.0.C2H2_ZF.0178	112.25363664710873	2.883069320647709	-0.0	-0.0
GM.5.0.Forkhead.0057	6.681442654666204	-0.0	-0.0	-0.0
GM.5.0.bHLH.0078	9.13029078435787	0.7566011125672265	-0.0	-0.0
GM.5.0.Forkhead.0041	-0.0	1.6953421099605184	-0.0	1.9295365452443216
GM.5.0.bZIP.0075	-0.0	6.844669338228157	6.6109738878269955	0.6143035873842304
GM.5.0.Mixed.0109	97.17524183011844	-0.0	-0.0	-0.0
GM.5.0.C2H2_ZF.0283	1.6729992444836768	-0.0	-0.0	15.272465551953328
GM.5.0.C2H2_ZF.0092	-0.0	11.495676826602175	-0.0	-0.0
GM.5.0.C2H2_ZF.0219	-0.0	1.0107215934525957	0.3278267260152923	14.616475403854668
GM.5.0.Mixed.0042	5.52436387923412	0.12069397933913666	-0.0	-0.0
GM.5.0.Mixed.0035	22.977125378907452	-0.0	-0.0	-0.0
GM.5.0.C2H2_ZF.0107	42.69527776930057	-0.0	-0.0	-0.0
GM.5.0.Nuclear_receptor.0102	2.328097390702049	4.1525612475582125	-0.0	-0.0
GM.5.0.GATA.0018	0.3886486025037053	-0.0	-0.0	0.964396231143954
GM.5.0.bZIP.0069	-0.0	0.9657963250143203	0.9372996869397257	0.5009439277234277
GM.5.0.Homeodomain_POU.0018	3.884779209739598	0.019526195299659155	-0.0	-0.0
GM.5.0.Mixed.0022	194.67967072686082	4.008607053568139	-0.0	-0.0
GM.5.0.RFX.0007	1.0448327554648063	0.21305837053737278	-0.0	-0.0
GM.5.0.bHLH.0088	25.790596223631102	-0.0	-0.0	-0.0
GM.5.0.bZIP.0082	-0.0	-0.0	14.598336769272239	10.38728561601125
GM.5.0.Mixed.0105	-0.0	1.0653864309917587	2.848017598884549	0.06881277977934522
GM.5.0.Nuclear_receptor.0050	4.787488319167873	-0.0	-0.0	0.48638289773568155
GM.5.0.Grainyhead.0006	-0.0	3.1192622757074613	2.423801376566748	-0.0
GM.5.0.C2H2_ZF.0106	-0.0	-0.0	3.3851420725825783	0.8356831847314408
GM.5.0.bZIP.0061	3.390271970590605	-0.0	3.641114812973171	-0.0
GM.5.0.Unknown.0193	-0.0	-0.0	-0.0	5.548171461294882
GM.5.0.STAT.0008	-0.0	1.1526028897472833	5.296849891054606	-0.0
GM.5.0.Mixed.0006	2.2193061182242895	-0.0	-0.0	-0.0
GM.5.0.CxxC.0001	38.242602762865985	4.469528453807505	-0.0	-0.0
GM.5.0.Homeodomain.0146	3.622420501458397	-0.0	-0.0	-0.0
GM.5.0.C2H2_ZF.0239	5.694980507894248	-0.0	0.043829384034452384	-0.0
GM.5.0.Unknown.0185	-0.0	2.0647235119302194	0.3317627102633076	0.21513894074930592
GM.5.0.C2H2_ZF.0255	-0.0	-0.0	1.4265442912290485	1.3938861085711447
GM.5.0.SMAD.0018	66.38072508673312	4.658007348721097	-0.0	-0.0
GM.5.0.C2H2_ZF.0192	-0.0	-0.0	1.4479628298750469	0.8128948238014386
GM.5.0.Homeodomain.0184	92.49306204882869	10.057730695231642	-0.0	-0.0
GM.5.0.Homeodomain.0194	21.03363596798311	14.641481021368369	-0.0	-0.0
GM.5.0.Nuclear_receptor.0082	-0.0	-0.0	1.7826615544498912	22.575556229427402
GM.5.0.Mixed.0050	13.071234649339255	0.14567455289866788	-0.0	-0.0
GM.5.0.Grainyhead.0008	-0.0	7.095710393436497	-0.0	0.3751385583695835
GM.5.0.Unknown.0047	18.083098900633914	-0.0	-0.0	-0.0
GM.5.0.C2H2_ZF.0012	-0.0	1.0085186160992061	3.544799838974198	-0.0
GM.5.0.Mixed.0031	48.685073583311045	-0.0	-0.0	-0.0
GM.5.0.Paired_box.0017	12.227363615694403	-0.0	2.3062283366374885	-0.0
GM.5.0.GATA.0022	-0.0	0.07249147653791191	7.179986789522996	8.185579304411776
GM.5.0.Nuclear_receptor.0069	23.217029198975034	-0.0	-0.0	-0.0
GM.5.0.C2H2_ZF.0114	0.5443180639813666	0.04271570911207735	-0.0	-0.0
GM.5.0.C2H2_ZF.0151	7.895453318977719	1.0205532389126006	-0.0	-0.0
GM.5.0.Unknown.0017	-0.0	0.24186278412949777	3.6969391216286662	9.144550999480362
GM.5.0.Grainyhead.0001	-0.0	7.136031988637859	0.6054247585930018	1.7728282413973724
GM.5.0.C2H2_ZF.0087	5.1898419692246005	-0.0	-0.0	-0.0
GM.5.0.Unknown.0044	60.712064412218496	4.89248822979652	-0.0	-0.0
GM.5.0.TEA.0006	1.649355876571557	-0.0	0.45556532835982144	-0.0
GM.5.0.Homeodomain.0044	-0.0	1.410870612914902	0.5548182924211578	0.3307811379839033
GM.5.0.ARID_BRIGHT.0003	0.17167749915842548	-0.0	-0.0	-0.0
GM.5.0.Homeodomain.0165	7.1756776985663455	-0.0	1.2911611455059222	-0.0
GM.5.0.Rel.0007	-0.0	-0.0	8.607537139832234	-0.0
GM.5.0.T-box.0014	-0.0	1.7556604906257562	0.5147861119385668	1.7169095790933009
GM.5.0.T-box.0025	1.376671513462533	-0.0	0.4139706187850104	-0.0
GM.5.0.p53.0009	-0.0	0.9416493760077245	9.300155481031378	28.278803913324722
GM.5.0.C2H2_ZF.0257	-0.0	0.6228710009633371	0.9680682492184329	9.308158093151961
GM.5.0.GATA.0016	-0.0	7.003154137527788	-0.0	-0.0
GM.5.0.Homeodomain.0195	0.9409063791628328	-0.0	0.8488748379320004	-0.0
GM.5.0.Homeodomain.0189	-0.0	-0.0	4.492476454423199	0.047068126232627815
GM.5.0.Unknown.0066	-0.0	0.013877035155520941	2.8590698183840084	10.130720300479775
GM.5.0.T-box.0010	-0.0	-0.0	0.8825189052388125	5.732762752257291
GM.5.0.CUT_Homeodomain.0010	14.546072264771867	0.2377277536256088	-0.0	-0.0
GM.5.0.TEA.0002	-0.0	-0.0	0.6596553676445787	0.46445383488659736
GM.5.0.bHLH.0084	-0.0	0.26557124691040634	0.10387209362237806	0.05352104164206013
GM.5.0.Nuclear_receptor.0080	0.34335460972978415	-0.0	-0.0	3.6356105987276535
GM.5.0.Myb_SANT.0007	53.32157877813449	-0.0	-0.0	-0.0
GM.5.0.Unknown.0005	14.96962293302458	0.3176071497224522	-0.0	-0.0
GM.5.0.Nuclear_receptor.0063	0.48638289773568155	-0.0	-0.0	0.09158137606143278
GM.5.0.Homeodomain.0199	19.58556774334009	-0.0	-0.0	-0.0
GM.5.0.Sox.0022	24.790252246896866	-0.0	-0.0	-0.0
GM.5.0.Homeodomain.0132	3.504670994648533	-0.0	0.6565247751860238	0.04271570911207735
GM.5.0.C2H2_ZF.0202	-0.0	-0.0	0.013719593003993558	4.722900580487569
GM.5.0.bZIP.0094	0.8963344480780954	-0.0	-0.0	1.0536381708821887
GM.5.0.bZIP.0070	-0.0	11.064973703296564	8.81612782251636	-0.0
GM.5.0.C2H2_ZF.0278	13.607376114960676	-0.0	-0.0	0.16823066270988027
GM.5.0.Unknown.0018	-0.0	1.1259333842179198	7.077337485876199	-0.0
GM.5.0.STAT.0013	1.550459006546002	-0.0	1.2814088823498873	-0.0
GM.5.0.SMAD.0009	-0.0	8.610648007895279	17.576670030512933	3.183414761849115
GM.5.0.bHLH.0086	-0.0	-0.0	-0.0	4.135699159734887
GM.5.0.C2H2_ZF.0149	-0.0	0.702176095121247	4.8907612749727285	10.504337804487
GM.5.0.RFX.0014	-0.0	0.1310322187299689	0.2149190221536747	0.41070519640745123
GM.5.0.Paired_box.0010	-0.0	0.3329882331680623	6.163213149348279	5.275349927717377
GM.5.0.THAP_finger.0006	1.1874330206481805	-0.0	0.10807526236560829	-0.0
GM.5.0.ARID_BRIGHT.0005	21.09082019677028	1.5505148666923774	-0.0	-0.0
GM.5.0.Unknown.0077	1.043192754431291	4.079965133822375	-0.0	-0.0
GM.5.0.bHLH.0061	-0.0	4.968800121294502	13.753778639941883	18.69535672934712
GM.5.0.C2H2_ZF.0249	0.056452847192683696	1.7184401429073666	0.06267583255003907	-0.0
GM.5.0.bZIP.0076	-0.0	-0.0	2.084328284369641	0.18028227703684746
GM.5.0.C2H2_ZF.0157	-0.0	0.03431793558588627	1.40551123400166	-0.0
GM.5.0.C2H2_ZF.0069	-0.0	8.240166288284819	-0.0	0.7803755167306916
GM.5.0.MADS_box.0016	-0.0	0.2524556519432683	-0.0	0.8918363371653457
GM.5.0.C2H2_ZF.0240	-0.0	0.01278329076606223	5.211097001167078	5.754516014102694
GM.5.0.SMAD.0015	-0.0	6.903806241898163	5.26050413199121	2.0284740315319705
GM.5.0.Sox.0017	8.548000163607641	-0.0	-0.0	-0.0
GM.5.0.bZIP.0079	-0.0	-0.0	0.29966708984893775	20.182314638016763
GM.5.0.Nuclear_receptor.0090	52.01178038988354	3.532750972810741	-0.0	-0.0
GM.5.0.C2H2_ZF.0226	64.99359075447313	-0.0	-0.0	-0.0
GM.5.0.GATA.0028	5.43772063573351	0.4607691141826272	-0.0	-0.0
GM.5.0.Ets.0018	1.1167403006752261	-0.0	7.276131604876969	-0.0
GM.5.0.Unknown.0103	-0.0	2.5382756384290373	5.229329202317975	11.534569981446815
GM.5.0.Forkhead.0048	-0.0	0.7680426546972562	8.40154229703166	5.595019666780906
GM.5.0.Unknown.0074	-0.0	2.2504970857111837	0.5130665144600033	0.3597982582872343
GM.5.0.HSF.0003	45.623026067389986	-0.0	-0.0	-0.0
GM.5.0.Unknown.0034	0.009904288648148496	-0.0	0.9793410732883685	0.019511571659568443
GM.5.0.Homeodomain.0118	-0.0	-0.0	0.7603632937328496	17.171966269155696
GM.5.0.bHLH.0129	0.6785224321619191	0.18331702280942003	0.3329882331680623	-0.0
GM.5.0.Rel.0005	2.4343981410115894	-0.0	-0.0	0.10287078905148038
GM.5.0.T-box.0022	88.91366583422717	-0.0	-0.0	-0.0
GM.5.0.T-box.0023	-0.0	0.19333676255919424	0.731062818803858	0.27807243322453334
GM.5.0.Unknown.0098	-0.0	0.038943734189528734	0.08481321269945045	1.976550684623324
GM.5.0.Homeodomain_POU.0004	20.571336297250827	0.38596915417734506	-0.0	-0.0
GM.5.0.Mixed.0057	7.930161985918568	-0.0	0.3718495368615633	-0.0
GM.5.0.bZIP.0091	-0.0	0.4993865183794653	0.0952640680948043	1.5296887108241448
GM.5.0.C2H2_ZF.0238	-0.0	5.51539792209412	-0.0	0.8155494949985904
GM.5.0.bZIP.0102	-0.0	-0.0	5.895090255396926	6.215301865899146
GM.5.0.HSF.0006	-0.0	1.1245267411762694	-0.0	-0.0
GM.5.0.Paired_box.0011	25.187637087901514	-0.0	-0.0	-0.0
GM.5.0.C2H2_ZF.0075	-0.0	-0.0	-0.0	6.179998780258067
GM.5.0.C2H2_ZF.0251	-0.0	-0.0	1.6598561145993715	0.4814132525219921
GM.5.0.Sox.0024	-0.0	0.19333676255919424	2.6418050660718495	0.42561678628209565
GM.5.0.Paired_box.0001	0.9822048263029374	1.8067017434538513	0.03522061928004884	-0.0
GM.5.0.C2H2_ZF.0282	2.708379221802123	-0.0	0.11349239427156017	-0.0
GM.5.0.C2H2_ZF_Homeodomain.0003	176.87958268301114	9.283372533112901	-0.0	-0.0
GM.5.0.Nuclear_receptor.0112	-0.0	-0.0	-0.0	23.106359509488556
GM.5.0.C2H2_ZF.0056	-0.0	12.112540733465757	24.14028437334248	1.3012611934211233
GM.5.0.MADS_box.0011	-0.0	-0.0	26.649476596516163	7.269690020022044
GM.5.0.AT_hook.0002	47.44598748571207	-0.0	-0.0	-0.0
GM.5.0.Nuclear_receptor.0145	-0.0	6.316087594417179	1.132171407584113	-0.0
GM.5.0.bHLH.0054	-0.0	2.737498490248642	1.4404059247414305	-0.0
GM.5.0.C2H2_ZF.0277	13.623717656851378	-0.0	-0.0	-0.0
GM.5.0.Nuclear_receptor.0133	-0.0	-0.0	1.6119772792635536	9.084722427038615
GM.5.0.Unknown.0106	0.61000461287833	0.5721134374522361	0.07127006008176338	-0.0
GM.5.0.Homeodomain.0185	33.698102561132394	-0.0	-0.0	-0.0
GM.5.0.bZIP.0021	-0.0	0.07249147653791191	1.5137457948827724	-0.0
GM.5.0.C2H2_ZF.0310	9.934123303982448	-0.0	1.7728282413973724	-0.0
GM.5.0.THAP_finger.0005	67.22863168641747	1.7233738441765332	-0.0	-0.0
GM.5.0.Unknown.0019	20.871049406532926	0.9655961922540103	-0.0	-0.0
GM.5.0.GATA.0006	-0.0	2.076931468306745	4.186807452942489	1.1415785688744944
GM.5.0.Homeodomain.0161	0.01278329076606223	0.3317627102633076	2.895325452068497	-0.0
GM.5.0.Unknown.0001	-0.0	5.70402568237255	1.2648091128311918	7.197590308474189
GM.5.0.C2H2_ZF_Homeodomain.0002	-0.0	-0.0	-0.0	69.93315671586919
GM.5.0.GATA.0015	-0.0	0.9735659162827709	10.50374731253553	5.409591956632886
GM.5.0.MADS_box.0008	-0.0	1.7344398912199577	1.686649589001501	-0.0
GM.5.0.C2H2_ZF.0196	-0.0	1.7727618614413956	3.0844721449239603	0.5985146964730537
GM.5.0.bZIP.0086	3.3961350906967103	-0.0	0.9161074750155139	-0.0
GM.5.0.C2H2_ZF.0115	-0.0	-0.0	6.946311115319148	1.7303282076610054
GM.5.0.Nuclear_receptor.0147	-0.0	-0.0	1.6758649391497424	0.45431498486393995
GM.5.0.Unknown.0075	-0.0	3.7000112373026472	1.4043933258582377	-0.0
GM.5.0.C2H2_ZF.0253	1.1373734196145648	1.4452534288549137	-0.0	-0.0
GM.5.0.C2H2_ZF.0176	5.53140263901112	-0.0	0.9166803012405895	-0.0
GM.5.0.p53.0002	-0.0	-0.0	10.59501442643946	5.865872212735699
GM.5.0.DM.0007	-0.0	-0.0	1.7728282413973724	2.5469479905319368
GM.5.0.Homeodomain.0125	-0.0	0.12455760823724941	4.150322161713564	-0.0
GM.5.0.bZIP.0099	6.180822237402715	0.16838155788400908	-0.0	-0.0
GM.5.0.C2H2_ZF.0124	4.4432337788249905	0.02429733235329251	-0.0	-0.0
GM.5.0.Homeodomain.0148	27.53508248658736	2.0721359946710285	-0.0	-0.0
GM.5.0.Sox.0035	-0.0	-0.0	4.165900313384926	-0.0
GM.5.0.Myb_SANT.0002	285.8822257141734	-0.0	-0.0	-0.0
GM.5.0.Rel.0013	10.334764239895609	-0.0	-0.0	-0.0
GM.5.0.Mixed.0008	122.19773972245363	-0.0	-0.0	-0.0
GM.5.0.bHLH.0059	-0.0	-0.0	1.5029156888128303	4.347437894883343
GM.5.0.GCM.0001	10.04285061742148	-0.0	-0.0	-0.0
GM.5.0.Homeodomain.0172	-0.0	-0.0	2.6321522579447363	4.2335572224169935
GM.5.0.Ets.0028	-0.0	11.11408723722188	18.851522988031725	0.7468451923585806
GM.5.0.Ets.0046	222.55770787791369	-0.0	-0.0	-0.0
GM.5.0.Homeodomain.0135	9.575397168170792	-0.0	0.6853695477664069	-0.0
GM.5.0.Homeodomain.0192	1.9757371806210338	-0.0	3.966665782536516	-0.0
GM.5.0.Unknown.0126	-0.0	0.28354243091065134	2.6967117699559324	-0.0
GM.5.0.C2H2_ZF.0185	91.14391852454732	0.0028450902329414376	-0.0	-0.0
GM.5.0.C2H2_ZF.0301	0.9304511326283699	0.39833733628002316	-0.0	1.0029358561136301
GM.5.0.Nuclear_receptor.0109	5.485365146297051	0.19333676255919424	0.10221039782670176	-0.0
GM.5.0.Unknown.0070	2.3583766376344104	-0.0	0.0764470034245235	-0.0
GM.5.0.C2H2_ZF.0248	170.72825994386895	1.7956452978011406	-0.0	-0.0
GM.5.0.Forkhead.0027	17.307910068277675	5.892977450292219	-0.0	-0.0
GM.5.0.GATA.0021	-0.0	-0.0	3.8104226818827875	-0.0
GM.5.0.Mixed.0074	11.109373919082621	-0.0	-0.0	-0.0
GM.5.0.Homeodomain.0098	5.0371295228501305	1.794892730510922	0.26671665206932926	-0.0
GM.5.0.Mixed.0100	-0.0	-0.0	0.1400965670980471	1.7728282413973724
GM.5.0.bZIP.0083	-0.0	8.76557067809407	-0.0	0.5966371856679678
GM.5.0.IRF.0012	128.13859308854376	-0.0	-0.0	-0.0
GM.5.0.Mixed.0062	5.895291460537141	-0.0	1.7732266994565804	-0.0
GM.5.0.Myb_SANT.0017	7.675576872019307	-0.0	-0.0	-0.0
GM.5.0.Mixed.0061	6.869506763754501	1.2257975313080127	-0.0	-0.0
GM.5.0.Nuclear_receptor.0079	2.6797654112869935	0.28124316516429393	-0.0	-0.0
GM.5.0.Paired_box.0002	-0.0	0.5361403060559113	1.419307405689203	-0.0
GM.5.0.MADS_box.0019	6.9857870085980025	-0.0	0.9194681258091791	-0.0
GM.5.0.bZIP.0065	9.62261249248599	0.019643376453577364	-0.0	-0.0
GM.5.0.bZIP.0067	22.117640082112977	-0.0	-0.0	-0.0
GM.5.0.C2H2_ZF.0036	30.83619463810832	0.6901665162252689	-0.0	-0.0
GM.5.0.Unknown.0060	-0.0	0.8586433022024451	1.0231486388762863	-0.0
GM.5.0.Unknown.0036	1.823898404075084	-0.0	1.3539988356739727	-0.0
GM.5.0.Rel.0019	17.559869622020432	-0.0	0.18889699346226796	-0.0
GM.5.0.Mixed.0056	-0.0	2.2348242446760302	2.586287061042496	-0.0
GM.5.0.C2H2_ZF.0200	-0.0	0.9656734418200623	-0.0	0.13758803665544533
GM.5.0.C2H2_ZF.0131	51.45234193910042	1.154993359204052	-0.0	-0.0
GM.5.0.Homeodomain_POU.0025	-0.0	-0.0	4.4740364889191655	-0.0
GM.5.0.Unknown.0180	-0.0	-0.0	3.4939135972592164	5.173910864395943
GM.5.0.THAP_finger.0004	6.869506763754501	6.490989737294549	-0.0	-0.0
GM.5.0.Unknown.0082	-0.0	4.8159362637485605	4.626859845233572	-0.0
GM.5.0.TEA.0004	23.222059283842395	0.7089812415210854	-0.0	-0.0
GM.5.0.Mixed.0013	11.215505651387717	-0.0	-0.0	-0.0
GM.5.0.Unknown.0108	-0.0	-0.0	4.700522384379129	0.743816831932049
GM.5.0.Homeodomain.0187	0.5406086383485461	2.1624832877924574	-0.0	-0.0
GM.5.0.C2H2_ZF.0077	22.115710464597125	0.02723801091474429	-0.0	-0.0
GM.5.0.DP_E2F.0001	172.69765418185028	-0.0	-0.0	-0.0
GM.5.0.Unknown.0009	59.43604677119321	-0.0	-0.0	-0.0
GM.5.0.Paired_box.0022	73.46220555205372	-0.0	-0.0	-0.0
GM.5.0.bZIP.0027	4.381021318998736	-0.0	2.2135210368330642	-0.0
GM.5.0.Homeodomain.0082	30.065644952048995	0.6952676046990958	-0.0	-0.0
GM.5.0.C2H2_ZF.0195	-0.0	0.8596622039349102	3.389070728998844	-0.0
GM.5.0.Rel.0024	-0.0	1.8005898392844948	0.22436144907515942	-0.0
GM.5.0.bHLH.0019	-0.0	5.58315174312902	26.392952657099443	7.112395412944816
GM.5.0.SAND.0007	13.299371448379432	0.6577342953042955	-0.0	0.170534607456377
GM.5.0.Homeodomain_POU.0026	8.842099364021816	-0.0	0.013704062143783802	-0.0
GM.5.0.C2H2_ZF.0134	3.4989340576599424	2.433084075631941	0.5412132554120241	-0.0
GM.5.0.C2H2_ZF.0260	-0.0	4.478532296523217	-0.0	0.15209046279235197
GM.5.0.MADS_box.0018	-0.0	0.46065692513872586	5.089719744967995	2.076931468306745
GM.5.0.p53.0004	-0.0	-0.0	0.61000461287833	9.982054446967
GM.5.0.Ets.0021	81.2916641489819	-0.0	-0.0	-0.0
GM.5.0.T-box.0002	-0.0	0.7216750658165083	3.308378538405352	6.553839932277411
GM.5.0.Unknown.0055	-0.0	6.471075234964241	13.981769469566984	0.007636936655448095
GM.5.0.Unknown.0100	23.155316438443403	1.2219411880304731	-0.0	-0.0
GM.5.0.C2H2_ZF.0140	14.63182380585729	-0.0	-0.0	-0.0
GM.5.0.Mixed.0072	-0.0	0.22436144907515942	4.451365349650289	-0.0
GM.5.0.C2H2_ZF.0032	5.469907182397086	0.5241725547762006	-0.0	-0.0
GM.5.0.Unknown.0043	-0.0	-0.0	26.428553093122037	30.065644952048995
GM.5.0.Nuclear_receptor.0001	-0.0	0.4210925871228961	0.06633106670365904	12.286380923047211
GM.5.0.C2H2_ZF.0108	-0.0	0.3217041494246492	0.3234498554778548	-0.0
GM.5.0.Mixed.0076	2.6866851280816424	-0.0	0.2572233227801945	0.007334932513686198
GM.5.0.AT_hook.0006	53.86776970097154	1.464194490714334	-0.0	-0.0
GM.5.0.STAT.0014	2.489924498385732	0.8571345600981426	0.1770350046871803	-0.0
GM.5.0.Mixed.0063	-0.0	0.4251115270367818	2.7547319060155826	-0.0
GM.5.0.Unknown.0084	27.065017183072136	2.963085655143696	-0.0	-0.0
GM.5.0.Mixed.0058	0.23341089152207392	-0.0	1.000004305012025	-0.0
GM.5.0.C2H2_ZF.0230	-0.0	1.0799245563722826	7.586450977936514	-0.0
GM.5.0.TEA.0008	-0.0	-0.0	6.964939158432719	0.056676480095962496
GM.5.0.Paired_box.0015	3.6968977743986575	0.436101774237845	-0.0	-0.0
GM.5.0.Homeodomain.0113	-0.0	4.7294210565291905	0.33646123046516574	1.4938879571310177
GM.5.0.C2H2_ZF.0078	2.351103525827748	-0.0	3.040743691114907	-0.0
GM.5.0.Homeodomain.0003	8.846270342344091	0.9458364603205274	1.487939960059258	-0.0
GM.5.0.Mixed.0041	17.72651652018668	0.75814198984603	0.4902093239124552	-0.0
GM.5.0.Forkhead.0031	0.1491727323486456	0.32751443916661915	0.06081394797005713	-0.0
GM.5.0.Mixed.0073	-0.0	0.6322440756715852	4.348434338755908	-0.0
GM.5.0.Ets.0019	74.20502493034654	-0.0	-0.0	-0.0
GM.5.0.GATA.0001	-0.0	1.8483759983828272	-0.0	1.5603280737662781
GM.5.0.C2H2_ZF.0252	0.3638110819092405	0.3810534539857121	-0.0	-0.0
GM.5.0.Sox.0036	8.759064222554931	0.4469099950415058	-0.0	-0.0
GM.5.0.IRF.0003	47.54477863848297	-0.0	-0.0	-0.0
GM.5.0.C2H2_ZF.0049	-0.0	7.731240643637036	13.793560425956183	4.473143791128875
GM.5.0.Myb_SANT.0001	48.25636829363878	-0.0	-0.0	-0.0
GM.5.0.bZIP.0034	64.53479424268683	-0.0	-0.0	-0.0
GM.5.0.Nuclear_receptor.0054	-0.0	-0.0	18.808908526963613	-0.0
GM.5.0.Nuclear_receptor.0094	-0.0	6.752089824275629	1.7700009237286853	-0.0
GM.5.0.Homeodomain_POU.0024	20.584797008771915	-0.0	0.8926347179561508	-0.0
GM.5.0.GATA.0020	-0.0	0.9461731871044023	9.308158093151961	7.041157463561367
GM.5.0.C2H2_ZF.0267	-0.0	2.4381082938084666	13.016910256802785	3.8159179130809346
GM.5.0.HSF.0007	42.161495451383125	-0.0	-0.0	-0.0
GM.5.0.C2H2_ZF.0098	-0.0	2.0974519825143956	7.051800443767502	13.481642159016905
GM.5.0.bHLH.0024	69.52631319766901	0.23811799440250908	-0.0	-0.0
GM.5.0.Unknown.0003	8.154205722890012	-0.0	-0.0	0.26065562886740784
GM.5.0.C2H2_ZF.0265	5.3946218008340745	0.3984784920169881	-0.0	-0.0
GM.5.0.Homeodomain.0170	2.834476001312887	-0.0	-0.0	2.448359860954845
GM.5.0.C2H2_ZF.0011	0.4563823833856022	0.012557533180573333	-0.0	0.8392614452681761
GM.5.0.Unknown.0046	11.906800080642409	0.2852130438266929	-0.0	-0.0
GM.5.0.Homeodomain_POU.0022	12.517521948151813	2.427915887469736	-0.0	-0.0
GM.5.0.Paired_box.0012	-0.0	0.9540879465980929	3.884644329073188	2.34672756984794
GM.5.0.Unknown.0038	52.52249113199277	-0.0	-0.0	-0.0
GM.5.0.bZIP.0089	107.03688704608125	-0.0	-0.0	-0.0
GM.5.0.Homeodomain.0046	-0.0	1.6832936540970487	-0.0	4.336678724411739
GM.5.0.Sox.0016	16.913133608057244	1.159359125184123	-0.0	-0.0
GM.5.0.Unknown.0206	0.9286525034028741	-0.0	-0.0	2.2120101519123208
GM.5.0.STAT.0017	1.453261604593976	2.098076239167443	0.12069397933913666	-0.0
GM.5.0.Homeodomain.0150	11.030786013499963	-0.0	-0.0	-0.0
GM.5.0.Unknown.0102	6.358130013900337	-0.0	-0.0	-0.0
GM.5.0.bZIP.0092	-0.0	0.2825576296340328	7.617328806455177	-0.0
GM.5.0.Unknown.0119	5.375114264252936	-0.0	0.1799396418858684	-0.0
GM.5.0.Forkhead.0050	-0.0	10.69616625601459	-0.0	0.13166454469541278
GM.5.0.Unknown.0181	-0.0	4.784592609607401	15.104123268728113	2.323924376016249
GM.5.0.C2H2_ZF.0034	163.11263553678344	-0.0	-0.0	-0.0
GM.5.0.E2F.0020	56.52745652302366	2.719944983835625	-0.0	-0.0
GM.5.0.Unknown.0024	93.24609177607546	0.21104333029502584	-0.0	-0.0
GM.5.0.Mixed.0108	-0.0	1.0541337820015126	1.641055161787419	-0.0
GM.5.0.Mixed.0037	109.42790865940898	0.06686861424483194	-0.0	-0.0
GM.5.0.C2H2_ZF.0168	3.95453853468319	-0.0	0.052782543640552446	-0.0
GM.5.0.C2H2_ZF.0232	157.53460065294178	-0.0	-0.0	-0.0
GM.5.0.Homeodomain.0143	30.927967352069096	-0.0	1.379592275552865	-0.0
GM.5.0.Unknown.0093	-0.0	1.7169095790933009	38.5649931197475	6.552587404556467
GM.5.0.Unknown.0124	59.48092452351032	-0.0	-0.0	-0.0
GM.5.0.C2H2_ZF.0285	0.42132278888108743	-0.0	2.1662489878227515	-0.0
GM.5.0.Mixed.0087	-0.0	1.7676678205478646	-0.0	4.158041051780081
GM.5.0.Homeodomain.0042	17.561594170022605	0.15833249222641574	0.7914292361791249	-0.0
GM.5.0.Homeodomain.0080	17.99756325130344	-0.0	-0.0	-0.0
GM.5.0.IRF.0005	55.1403562601763	1.1776074803836267	-0.0	-0.0
GM.5.0.Homeodomain.0136	-0.0	0.4414954868740667	-0.0	6.826391597347128
GM.5.0.C2H2_ZF.0112	11.11408723722188	2.0291613602354532	-0.0	-0.0
GM.5.0.Ets.0031	21.807660854410326	-0.0	-0.0	-0.0
GM.5.0.Mixed.0075	-0.0	0.16676052331334085	5.07896920827647	0.6478772039195001
GM.5.0.Mixed.0030	142.9884795962119	-0.0	-0.0	-0.0
GM.5.0.MADS_box.0015	-0.0	2.7038743776904717	2.520407737407263	-0.0
GM.5.0.Unknown.0133	-0.0	1.2099885596496736	4.0237747414290475	-0.0
GM.5.0.Unknown.0085	-0.0	3.5118844386201205	3.5505261223672884	0.3640679474931645
GM.5.0.CENPB.0001	152.1138167457428	-0.0	-0.0	-0.0
GM.5.0.Unknown.0176	inf	-0.0	-0.0	-0.0
GM.5.0.Forkhead.0004	0.8289313746016138	0.13507368889083568	-0.0	-0.0
GM.5.0.GATA.0012	5.896815907718101	-0.0	-0.0	0.9479140997620819
GM.5.0.Homeodomain.0201	-0.0	0.48306660018997927	8.418481296135477	0.40591450556395775
GM.5.0.Unknown.0121	-0.0	-0.0	12.08226602604449	48.943290594495444
GM.5.0.bZIP.0043	4.6495442257717325	0.009423896231175613	-0.0	-0.0
GM.5.0.Unknown.0175	1.8604083132736546	-0.0	0.09015222192301613	-0.0
GM.5.0.C2H2_ZF.0162	-0.0	6.56953031785311	16.71037578824178	5.604434706384668
GM.5.0.Homeodomain.0037	146.69616594994483	0.7785528096976664	-0.0	-0.0
GM.5.0.Unknown.0196	56.582946158055414	-0.0	-0.0	-0.0
GM.5.0.Sox.0031	21.287605327902945	7.675576872019307	-0.0	-0.0
GM.5.0.Unknown.0078	1.0156580935749238	1.9227352699329936	-0.0	-0.0
GM.5.0.E2F.0008	49.14346896331661	1.034942565697137	-0.0	-0.0
GM.5.0.Unknown.0183	-0.0	2.5853902211119872	2.088254895638609	-0.0
GM.5.0.C2H2_ZF.0150	-0.0	6.645049436869783	0.00929098686638111	-0.0
GM.5.0.Homeodomain.0030	85.36611656753864	-0.0	-0.0	-0.0
GM.5.0.Unknown.0173	126.12853687130047	0.06847877458076189	-0.0	-0.0
GM.5.0.bZIP.0068	-0.0	-0.0	1.5127573090010766	5.649261589022345
GM.5.0.Nuclear_receptor.0128	-0.0	2.948957549817468	0.9329616633355298	0.08703909752250587
GM.5.0.bHLH.0112	0.5791201971915617	-0.0	1.2813880939481828	-0.0
GM.5.0.IRF.0019	-0.0	0.11029787942402888	6.884616119134204	1.0544857991543548
GM.5.0.Sox.0012	0.7676487151275369	-0.0	0.15209046279235197	0.03399904844541543
GM.5.0.bHLH.0051	10.36888146597371	-0.0	-0.0	-0.0
GM.5.0.HSF.0004	2.128685202067166	-0.0	0.41070519640745123	-0.0
GM.5.0.T-box.0016	0.11661647613104176	0.002015044449412716	0.38348344965782116	-0.0
GM.5.0.bHLH.0057	-0.0	-0.0	0.6095910106661641	3.166034778086196
GM.5.0.C2H2_ZF.0271	-0.0	1.498147330056415	7.755891423684928	0.39352716753409667
GM.5.0.Nuclear_receptor.0144	-0.0	0.32190018842805757	7.080380284836493	4.823455099885861
GM.5.0.Unknown.0122	-0.0	-0.0	5.476182345950102	1.3780313367075463
GM.5.0.Grainyhead.0005	-0.0	0.030252450543003337	2.1387744530594115	0.06268502934787276
GM.5.0.Unknown.0147	61.76262720761497	-0.0	-0.0	-0.0
GM.5.0.SAND.0008	114.32480203564891	-0.0	-0.0	-0.0
GM.5.0.STAT.0007	48.56647140848738	-0.0	-0.0	-0.0
GM.5.0.C2H2_ZF.0088	-0.0	0.817841726102402	2.939895581217496	-0.0
GM.5.0.Homeodomain.0010	-0.0	2.6979443631365543	1.4306960996705047	-0.0
GM.5.0.C2H2_ZF.0179	-0.0	6.94074207279873	5.119557148026938	3.8440196772842055
GM.5.0.Unknown.0109	0.04035658277570876	10.59501442643946	-0.0	-0.0
GM.5.0.Unknown.0057	-0.0	1.2970890314363988	6.104352275166892	-0.0
GM.5.0.C2H2_ZF.0105	31.562996762791514	-0.0	-0.0	-0.0
GM.5.0.MADS_box.0017	-0.0	1.0590793144218578	-0.0	1.155460288385765
GM.5.0.GATA.0030	-0.0	1.6549777420222076	7.171164424476259	1.7344086507753846
GM.5.0.STAT.0019	0.6200248248365194	-0.0	0.9805662157028405	-0.0
GM.5.0.bHLH.0119	-0.0	7.319974092538267	-0.0	-0.0
GM.5.0.bHLH.0126	-0.0	0.752489667286044	1.6755530900252795	0.11587688651319565
GM.5.0.Nuclear_receptor.0122	10.50176643021741	-0.0	-0.0	-0.0
GM.5.0.Unknown.0182	-0.0	5.708044414995206	0.406646489426442	0.6987826595570542
GM.5.0.CSL.0003	-0.0	-0.0	3.7554046663100116	-0.0
GM.5.0.C2H2_ZF.0303	97.97814332485024	-0.0	-0.0	-0.0
GM.5.0.bHLH.0037	-0.0	-0.0	6.733354618348703	3.22621924490439
GM.5.0.bZIP.0020	47.18497894553064	-0.0	-0.0	-0.0
GM.5.0.Ets.0024	65.21251607676743	-0.0	0.4161540591634287	-0.0
GM.5.0.C2H2_ZF.0229	-0.0	3.638384995744565	5.119557148026938	0.3661470399447987
GM.5.0.bHLH.0083	13.765434499912685	3.6860193101245757	-0.0	-0.0
GM.5.0.Homeodomain.0112	12.08226602604449	-0.0	-0.0	0.11384700109997348
GM.5.0.Unknown.0079	-0.0	-0.0	-0.0	28.885661148491142
GM.5.0.C2H2_ZF.0052	41.41815803727148	-0.0	-0.0	-0.0
GM.5.0.Sox.0023	7.121119458323288	2.19779116759356	-0.0	-0.0
GM.5.0.C2H2_ZF.0094	-0.0	-0.0	0.2760446656866729	0.39418155898919094
GM.5.0.Mixed.0096	8.925882663235422	2.39639387697898	0.55284135984323	-0.0
GM.5.0.Homeodomain.0038	27.261720214916025	-0.0	-0.0	-0.0
GM.5.0.Homeodomain.0079	96.59574049580779	3.7707227503543055	-0.0	-0.0
GM.5.0.MADS_box.0004	-0.0	13.031391068131327	18.056112764296817	1.7561349835892681
GM.5.0.SMAD.0014	-0.0	8.426358799927849	3.6396008145534307	-0.0
GM.5.0.C2H2_ZF.0003	-0.0	0.4641373503278756	-0.0	0.021478158856313455
GM.5.0.Forkhead.0047	-0.0	-0.0	11.338878417058327	-0.0
GM.5.0.C2H2_ZF.0173	-0.0	9.089870155015122	1.8348574657749273	-0.0
GM.5.0.T-box.0004	-0.0	8.880751501518354	7.960305173370201	3.047664888845853
GM.5.0.Unknown.0148	-0.0	0.1750069537442792	-0.0	2.911678439384647
GM.5.0.C2H2_ZF.0170	8.731459615099237	0.255423005115707	-0.0	-0.0
GM.5.0.Unknown.0073	166.80347869848848	-0.0	-0.0	-0.0
GM.5.0.C2H2_ZF.0266	-0.0	4.343613542268735	4.305862382975389	0.19873260422977243
GM.5.0.Unknown.0056	-0.0	-0.0	7.109214621472303	-0.0
GM.5.0.C2H2_ZF.0046	115.73072951839256	-0.0	-0.0	-0.0
GM.5.0.E2F.0007	34.92135558534608	0.2165359540090559	-0.0	-0.0
GM.5.0.Unknown.0011	8.537699225640479	0.029234287612350442	-0.0	-0.0
GM.5.0.C2H2_ZF.0183	81.99544032122155	-0.0	-0.0	-0.0
GM.5.0.Homeodomain.0130	0.1463376134997572	-0.0	-0.0	0.6638420281148399
GM.5.0.C2H2_ZF.0143	-0.0	3.4269692239136766	15.825852503793163	-0.0
GM.5.0.Homeodomain.0050	-0.0	0.06557014768930278	2.516805140888642	-0.0
GM.5.0.C2H2_ZF.0316	-0.0	7.573816597053681	0.12162280133971072	-0.0
GM.5.0.Homeodomain.0160	0.8243632822655226	-0.0	2.069099956026809	-0.0
GM.5.0.Unknown.0139	5.157516469486448	0.5831912333333884	0.07249147653791191	-0.0
GM.5.0.C2H2_ZF.0043	67.62895727042229	-0.0	-0.0	-0.0
GM.5.0.Homeodomain.0138	6.720125757624627	7.2774383355091805	-0.0	-0.0
GM.5.0.Unknown.0014	-0.0	3.9689259093084654	11.5775955458752	2.180620657976875
GM.5.0.bZIP.0016	18.191000106186777	-0.0	-0.0	0.00929098686638111
GM.5.0.Homeodomain.0180	3.741303088091089	1.8345532905624964	0.062234594343123104	-0.0
GM.5.0.C2H2_ZF.0136	155.4378447611829	-0.0	-0.0	-0.0
GM.5.0.C2H2_ZF.0208	-0.0	-0.0	0.8289313746016138	6.306564600756183
GM.5.0.C2H2_ZF.0060	195.49817094382328	-0.0	-0.0	-0.0
GM.5.0.Myb_SANT.0006	29.532581741190874	-0.0	-0.0	-0.0
GM.5.0.Unknown.0208	-0.0	0.15981083026708318	33.806453172171764	20.186270295776534
GM.5.0.Forkhead.0045	19.579473332408053	14.117994883218751	-0.0	-0.0
GM.5.0.Homeodomain.0077	-0.0	-0.0	0.34511393113523836	4.287980752212633
GM.5.0.C2H2_ZF.0228	136.92766833569294	-0.0	-0.0	-0.0
GM.5.0.C2H2_ZF.0018	-0.0	-0.0	0.21791576293639586	0.303453398671103
GM.5.0.Mixed.0049	35.50164240317638	0.046013282268606494	-0.0	-0.0
GM.5.0.GATA.0009	-0.0	2.8680700735942493	2.1943714039146247	0.18109883107150251
GM.5.0.C2H2_ZF.0063	-0.0	0.9509629257423177	0.6200248248365194	-0.0
GM.5.0.Unknown.0140	204.91502594155529	-0.0	-0.0	-0.0
GM.5.0.Mixed.0053	-0.0	-0.0	2.273022555106251	0.9689026892563093
GM.5.0.Homeodomain.0151	2.703152522518724	-0.0	0.03399904844541543	-0.0
GM.5.0.Forkhead.0044	6.720125757624627	2.1873837769290434	-0.0	-0.0
GM.5.0.Forkhead.0015	0.6840227684217254	5.806063158394757	-0.0	0.07249147653791191
GM.5.0.Nuclear_receptor.0086	-0.0	-0.0	2.137137540714085	15.241946033245508
GM.5.0.Homeodomain.0054	6.679134482164994	-0.0	-0.0	0.18889699346226796
GM.5.0.Ets.0035	202.95987320918903	-0.0	-0.0	-0.0
GM.5.0.Homeodomain.0169	31.839205464084493	0.7987797730268238	0.21716214723347083	-0.0
GM.5.0.Nuclear_receptor.0025	-0.0	-0.0	7.3414515781110925	0.9327622004224184
GM.5.0.bHLH.0076	-0.0	-0.0	4.280979492204714	3.0902674834066004
GM.5.0.Homeodomain.0181	22.69925257591277	0.6642889746556009	-0.0	-0.0
GM.5.0.bHLH.0085	-0.0	4.753370068911468	31.450941034987352	5.089719744967995
GM.5.0.Homeodomain.0188	-0.0	-0.0	13.013204872196816	0.34418562004262854
GM.5.0.bZIP.0096	-0.0	-0.0	0.170800590103414	3.1004074851014343
GM.5.0.MADS_box.0012	75.48002106035145	0.6815723686926677	-0.0	-0.0
GM.5.0.Homeodomain.0052	-0.0	2.9064967261551526	12.733007008967817	1.0517710514016105
GM.5.0.Forkhead.0013	-0.0	11.442642816903211	-0.0	4.644160950112312
GM.5.0.Forkhead.0037	-0.0	3.664942172361293	-0.0	3.0545915867897846
GM.5.0.AT_hook.0001	112.81608455928742	3.1992885795207058	-0.0	-0.0
GM.5.0.RFX.0009	-0.0	6.89292230483565	0.6180768629218472	0.5191606272506696
GM.5.0.Sox.0025	8.450277435348612	1.420905705093026	-0.0	0.33927366753859595
GM.5.0.bHLH.0094	234.22153940495892	-0.0	-0.0	-0.0
GM.5.0.Rel.0020	11.064973703296564	0.524603778987634	-0.0	-0.0
GM.5.0.SAND.0005	279.4873191780429	-0.0	-0.0	-0.0
GM.5.0.bZIP.0006	25.268089971500615	-0.0	-0.0	-0.0
GM.5.0.Mixed.0024	4.019393878173209	1.4507128577605075	1.0272026522253135	-0.0
GM.5.0.RFX.0011	6.31568261071864	0.07875364246974416	-0.0	-0.0
GM.5.0.bZIP.0041	-0.0	1.3096721960301299	0.9336194746751407	-0.0
GM.5.0.Unknown.0008	41.38641110134553	0.8209999302471364	-0.0	-0.0
GM.5.0.bZIP.0073	132.7260825731674	-0.0	-0.0	-0.0
GM.5.0.Unknown.0004	-0.0	20.359047142266014	20.990513649067495	-0.0
GM.5.0.C2H2_ZF.0243	24.729856241762985	0.7460417135239745	-0.0	-0.0
GM.5.0.SMAD.0005	-0.0	14.321103769458897	7.871637379506583	6.617500560107627
GM.5.0.E2F.0017	274.5499780636314	-0.0	-0.0	-0.0
GM.5.0.bZIP.0080	117.47133898732734	-0.0	-0.0	-0.0
GM.5.0.Forkhead.0007	-0.0	24.729856241762985	-0.0	-0.0
GM.5.0.Paired_box.0003	73.35840421561919	-0.0	-0.0	-0.0
GM.5.0.MADS_box.0023	28.449595106224645	0.00929098686638111	-0.0	-0.0
GM.5.0.GATA.0031	-0.0	27.065017183072136	66.97019960513684	8.13247153177816
GM.5.0.Mixed.0010	7.511794780698336	-0.0	0.14455688716143658	-0.0
GM.5.0.Unknown.0110	-0.0	6.236877342194372	49.376798839821205	10.775496344538631
GM.5.0.SMAD.0002	-0.0	10.110563142996881	7.802224184017507	-0.0
GM.5.0.Homeodomain.0183	10.639885480699801	-0.0	0.3597982582872343	-0.0
GM.5.0.MBD.0001	291.4550681043748	-0.0	-0.0	-0.0
GM.5.0.Unknown.0080	-0.0	10.017609003370893	35.294033400395186	5.402708996518897
GM.5.0.Mixed.0034	15.412676049803142	-0.0	-0.0	-0.0
GM.5.0.SMAD.0012	173.02396502094655	-0.0	-0.0	-0.0
GM.5.0.Unknown.0050	-0.0	0.436101774237845	24.790304232444015	-0.0
GM.5.0.C2H2_ZF.0221	-0.0	7.219068398198832	12.65551652281675	8.577372649773144
GM.5.0.Unknown.0198	-0.0	18.62101802997929	0.09470128576778687	-0.0
GM.5.0.Homeodomain.0129	11.172462295287172	1.034942565697137	1.686649589001501	-0.0
GM.5.0.bHLH.0001	4.225434785327891	-0.0	3.069956479852776	0.35356529282616267
GM.5.0.Homeodomain.0056	-0.0	6.499250214326449	34.36723152726078	13.000808434917833
GM.5.0.Forkhead.0028	286.46848304078065	-0.0	-0.0	-0.0
GM.5.0.bHLH.0032	-0.0	10.175713450704091	60.3920388091156	18.499014223670887
GM.5.0.RFX.0002	-0.0	16.841978536973777	2.255063241742202	-0.0
GM.5.0.Nuclear_receptor.0121	-0.0	-0.0	4.827550767688055	7.059783335727761
GM.5.0.Unknown.0064	inf	-0.0	-0.0	-0.0
GM.5.0.Mixed.0002	4.727651662905412	2.3913348996259494	6.331191452641441	-0.0
GM.5.0.bZIP.0003	-0.0	-0.0	54.998394560537854	26.188733133072308
GM.5.0.RFX.0003	0.8362383661258546	4.498306432412979	-0.0	-0.0
GM.5.0.C2H2_ZF.0064	-0.0	11.876255420751821	5.673305860582341	1.169872242153994
GM.5.0.bZIP.0013	-0.0	-0.0	52.33051546627752	27.78095129624134
GM.5.0.bHLH.0137	-0.0	21.164747707119048	123.60139721260107	35.17830191067574
GM.5.0.bHLH.0006	-0.0	38.335173526839974	145.53755885704723	9.784211801274779
GM.5.0.RFX.0018	-0.0	4.333758664933272	-0.0	0.41953644296643494
GM.5.0.Forkhead.0043	inf	37.69770259964624	-0.0	-0.0
