# maelstrom - GimmeMotifs version 0.16.1
# method: rf with motif score
# motif table: /media/ia1014/2011CBA352BBC48B/ipek/K27ac_at_FOXg1_peaks_maelstrom.out/motif.nr.score.txt.gz
# activity values: feature importances from fitted Random Forest model
	cluster_1	cluster_2	cluster_3	cluster_4
GM.5.0.GATA.0029	0.021174883160773105	0.001552629398452714	-0.004034498753507937	-0.006324689797460728
GM.5.0.Unknown.0161	-0.0016410036006248333	0.001481333779669141	0.0014320383486350879	0.0014664562979192657
GM.5.0.Unknown.0159	0.0011500553143733176	-0.0016642387789205537	-0.0015747502140550879	0.001685617217846634
GM.5.0.C2H2_ZF.0188	-0.0013263159583258657	0.0015620298368918912	-0.0014640007035593662	0.0016662722562716737
GM.5.0.Nuclear_receptor.0061	0.001302019680894621	-0.001720533320367827	-0.0015540011596245596	0.0017173472854457089
GM.5.0.Unknown.0028	0.0013081664014303316	-0.001557699066642759	-0.0014240839382635478	-0.0014799495855604197
GM.5.0.Homeodomain.0049	-0.0012693382199504475	-0.0014992008415055488	-0.0015156783467569082	0.0016227036247780991
GM.5.0.C2H2_ZF.0095	0.0012959009084195147	-0.0015685711711362915	-0.0016128603828042265	0.0016475428686194718
GM.5.0.Unknown.0113	0.0012455292492776224	-0.001717195390922544	-0.0016044000910983103	-0.0015670965384231334
GM.5.0.Myb_SANT.0012	0.00123944144649572	-0.001537374941626324	-0.0015331567494277585	0.0016533466221567321
GM.5.0.Unknown.0171	-0.0011981791655946027	-0.0016145736316134482	0.0015841897445598569	0.0016455303722959491
GM.5.0.Mixed.0104	-0.0013208106111716183	0.0015862338347937194	0.0016203416598848254	0.0016537546213723114
GM.5.0.RFX.0016	-0.0013208652143311265	0.0015692026363879632	0.001429953286908674	0.0015044817865596891
GM.5.0.DM.0004	0.0013847492674328476	-0.0015690165780746777	0.0014686757856535683	0.0015712753755701386
GM.5.0.Nuclear_receptor.0125	0.001245753327698811	-0.0017599894220197848	-0.0014817358728056729	0.001537647186787965
GM.5.0.T-box.0026	-0.0011748229112390107	0.0014252975269523713	0.0013473142016761739	0.0014605929837904874
GM.5.0.C2H2_ZF.0138	0.0013373124055467698	-0.0015154871800393981	-0.0016170893423767796	-0.0015779420927098447
GM.5.0.Unknown.0048	0.0013078945476797466	-0.0015700657891332952	-0.0014860466358365785	-0.0015390214279914214
GM.5.0.Nuclear_receptor.0042	-0.0012600011456049601	0.0016250766138526614	-0.0015894109199868186	0.0015988221530847868
GM.5.0.bHLH.0120	-0.001404686618735483	0.0016282289421403813	0.0016679239255592319	0.0019746042688594126
GM.5.0.C2H2_ZF.0281	0.0012922713255534158	-0.0016678131001443416	-0.0015798754595361098	0.0016706071680312364
GM.5.0.bZIP.0031	0.001257429943409554	-0.0016853939832012798	0.0016172647899541604	-0.0015853273769124443
GM.5.0.C2H2_ZF.0101	-0.0012825525623756738	-0.001537160472219566	0.0014438330403411495	0.0014023239980780885
GM.5.0.Nuclear_receptor.0087	-0.0012824313505017402	-0.0016001017305054207	-0.0015984838936033293	0.0015620399246160628
GM.5.0.Unknown.0128	0.0012711434479937733	-0.001554873250100773	-0.0016715902601219135	-0.001676323020106224
GM.5.0.Unknown.0123	-0.0012955695953908814	-0.0015743720908472066	-0.0015316329186081448	0.001577303449418354
GM.5.0.Nuclear_receptor.0117	0.0011954038099442684	0.0015897024406957274	-0.0013955297647653495	0.0015516645970842543
GM.5.0.C2H2_ZF.0171	0.0012908544669962157	0.0015082280815782124	-0.0015205281970266935	0.001672574887693272
GM.5.0.Mixed.0078	-0.0012182018649668322	0.0015782836190010195	0.0015601294904032928	0.0017338430932170765
GM.5.0.C2H2_ZF.0217	-0.001271294975624534	0.0017129234575880572	-0.001686186657772211	0.0015478463663992142
GM.5.0.Nuclear_receptor.0148	-0.00145684051189509	-0.0015284894754355976	0.0014345214643821753	0.0014850721087497256
GM.5.0.Nuclear_receptor.0088	0.0013535995139570048	-0.00160915263086793	-0.0016261345121223356	0.001464616975433315
GM.5.0.Nuclear_receptor.0064	0.001279984565492291	-0.001523579049656737	-0.0016169211952096114	0.0015909105738614027
GM.5.0.Homeodomain.0159	0.001370044521219764	0.0015934424110688817	-0.0016755859788568776	-0.0015357174828223683
GM.5.0.C2H2_ZF.0224	0.0012122499164043958	0.0016375832500909729	-0.0015734695169499458	-0.0014751528472463867
GM.5.0.C2H2_ZF.0038	0.0012949078635011992	-0.0014959188003964689	-0.001463361723230323	0.0015593648339484003
GM.5.0.T-box.0007	-0.001313249793662821	0.0015816017322485185	0.0016393203582008692	0.0016509586647423574
GM.5.0.C2H2_ZF.0126	0.0011756803011294635	-0.0016862574392756979	0.0016281936132569559	-0.0017034280462120358
GM.5.0.bZIP.0060	0.0013047755473369587	0.0016034282007128136	-0.0015721147470662414	-0.0014439467550945977
GM.5.0.Nuclear_receptor.0046	-0.0013503448204342163	-0.0016003936109757325	0.0015295386139151071	0.0016461667743890302
GM.5.0.C2H2_ZF.0161	-0.001311198528637399	-0.0015368403629710946	0.0016228130424629306	0.0015688727372493898
GM.5.0.Unknown.0040	-0.0011643650289614648	0.0015876841894495253	-0.0016721502111367232	0.0016578093083919646
GM.5.0.C2H2_ZF.0129	-0.0011392158525841147	0.0014317251778739948	-0.0015172337565717835	0.00168407232336548
GM.5.0.Nuclear_receptor.0047	-0.0011891058150463446	-0.0016769201094834424	0.0015595847080972394	0.001458495228519441
GM.5.0.C2H2_ZF.0280	-0.0013498823756399566	0.0015126788417540113	0.0014862789734815163	0.0016786508931960062
GM.5.0.Homeodomain_POU.0011	0.001289372228891173	-0.0015039409261797304	0.0015983373336359427	-0.001779116874125104
GM.5.0.C2H2_ZF.0073	0.0012886565120504886	-0.001536052746760359	-0.0015591626895821082	-0.0016326246583663665
GM.5.0.Unknown.0049	0.0015322375312578846	0.0016365169584074942	-0.001672915029800906	-0.0015551425136847846
GM.5.0.Mixed.0060	0.0012357610128695623	0.0013352339403078504	0.0014290295981351144	-0.0014701975934860256
GM.5.0.C2H2_ZF.0158	-0.0012497674118797533	0.0016118434565883578	-0.0016699590577937918	0.0016036404854791698
GM.5.0.Mixed.0009	0.0012647520807327207	0.001604170179174119	0.0017013496173863523	-0.0015526641144691566
GM.5.0.Unknown.0054	-0.0014028606956563556	-0.001488209501140431	0.0014108822039755272	0.0015465631580833914
GM.5.0.C2H2_ZF.0076	0.0013062810909239622	0.0015387792510514	-0.0016329360934350065	-0.0015795589257742368
GM.5.0.Rel.0021	0.0013744255533255153	-0.0016290235178188623	-0.001449887218517652	-0.001586349831788283
GM.5.0.C2H2_ZF.0233	0.0013399895183134592	0.0016534337635341928	-0.0015442088211438	-0.0013836913704767095
GM.5.0.Nuclear_receptor.0134	0.0012878525187874983	0.0015123354801501194	0.001454916261426581	-0.001573582774018873
GM.5.0.Unknown.0059	-0.001336986797095593	0.0016901013298688875	0.0015439495228639038	0.001592323328320107
GM.5.0.Nuclear_receptor.0065	-0.0013666295927048328	-0.0016984357355126932	0.0015563472001502276	0.001608011300794722
GM.5.0.Pipsqueak.0001	0.0014927642848937216	0.0014723085849227444	-0.0014414298682418553	-0.001345764788435156
GM.5.0.Unknown.0129	-0.001363222385345785	0.0015455349990615907	0.001656055287083163	0.0015493451815238393
GM.5.0.Nuclear_receptor.0016	-0.0012797153040008283	-0.0015744538231217955	-0.0015124905621218226	0.0017942196188975546
GM.5.0.Grainyhead.0007	-0.0013357484996873855	0.0016119942667229049	0.0014672853298660874	0.0014648142457080642
GM.5.0.CUT_Homeodomain.0006	-0.001247378722525149	0.0016418739998971881	-0.001687670114604805	0.001499705934326484
GM.5.0.T-box.0018	-0.0013837003682604019	-0.0017092056939229632	-0.0015223839935980064	0.0015749826985941807
GM.5.0.C2H2_ZF.0302	0.0014788077179290916	0.0015935591867971071	-0.0015424986113664737	-0.001486957103520174
GM.5.0.C2H2_ZF.0289	-0.001223292062103718	-0.0015413048638564487	0.0015542988054779898	-0.001572454044235259
GM.5.0.C2H2_ZF.0225	-0.0014814158652650886	0.0015553180266429823	0.0015822864064110947	0.001460174307048292
GM.5.0.Forkhead.0058	-0.0014136033133999386	-0.0015703838062138906	-0.001519824765133729	0.0015042456927056662
GM.5.0.Nuclear_receptor.0114	-0.0012911377431588564	-0.0016421673025088135	-0.0015869304502581511	0.001614972876098561
GM.5.0.C2H2_ZF.0293	-0.001319013183761804	-0.0015985843356402924	0.0015582686238519744	0.0015694438830472766
GM.5.0.Ets.0029	0.0013367928450167663	-0.0014987747223105866	-0.001588415201638205	-0.0015489170951433042
GM.5.0.bZIP.0062	-0.0012284614038335067	0.001604421540330756	0.00157191608688248	0.0016179885031682598
GM.5.0.C2H2_ZF.0235	-0.001337409433699701	0.0016777608670359675	-0.0016308707226614985	0.0014798029743861992
GM.5.0.Mixed.0020	-0.001217608587616706	0.0013564132084367745	0.0014829262094082805	0.0014120104154126522
GM.5.0.Forkhead.0040	-0.001456736419899201	0.0013159980237052783	0.0014846873249695113	0.0014151614267621762
GM.5.0.Rel.0008	0.0011294062257010491	0.0014287016869611088	-0.0013994472114591372	-0.0014094817083505863
GM.5.0.Nuclear_receptor.0111	-0.0013474989425203946	-0.0015895617506983567	0.0015394366609618368	0.0015835532028155865
GM.5.0.C2H2_ZF.0203	0.0012295342049558774	0.001512440297034576	-0.001481831376214081	-0.001389529648584768
GM.5.0.Unknown.0190	-0.001355532099898546	0.0016501773851786549	-0.0015167029954316089	0.001536733617184219
GM.5.0.EIN3.0001	0.0010724461274559973	0.0015330500137165331	-0.0015248276484058326	0.0014406543185515298
GM.5.0.C2H2_ZF.0010	-0.0014092381911102137	0.0014515282182092158	0.0015194812202857372	0.0017501285935193544
GM.5.0.Nuclear_receptor.0085	0.0013539092118834582	-0.001535843084013639	-0.0015366877765759857	-0.0015247005784843155
GM.5.0.C2H2_ZF.0197	0.0012535172384938887	-0.001497613041359044	-0.0016008085335130011	-0.0014789020906979362
GM.5.0.Paired_box.0013	-0.00125077219384341	0.0014060355599248603	0.0014029110341398218	0.0013651102168755582
GM.5.0.Mixed.0007	-0.0012079012071499464	0.0015366475087606885	0.001490581388563009	0.001539743304283003
GM.5.0.bHLH.0075	-0.0016653165381567611	0.0015522937926658684	0.0016346848185281452	0.0014866201778630597
GM.5.0.Mixed.0047	-0.0011693624115777204	0.001495408807566554	0.001483119727957395	0.0014700145196151926
GM.5.0.GCM.0004	-0.001280858622821973	0.0016354265736787926	0.0015699419218071263	0.0016302335493150993
GM.5.0.Mixed.0055	0.0012540817631009503	-0.0015549717435801192	0.0015819826968669272	-0.0015543207322296893
GM.5.0.Nuclear_receptor.0131	-0.001303494699609661	-0.0016774081267659658	0.0015505111438169337	0.0015619600341575115
GM.5.0.Nuclear_receptor.0115	0.001321343453106633	-0.0015563154237655552	0.0015967400511364908	-0.0014495516609246586
GM.5.0.Unknown.0141	0.0013035705087285077	0.0014219904674941865	-0.0014484637828604627	-0.0013593486605785595
GM.5.0.C2H2_ZF.0209	-0.0013221833528170351	0.001612431812553887	0.0015234707685183788	0.0016954637486943603
GM.5.0.Ets.0043	-0.001365898688060563	0.0015083719284205255	0.0016893785948739373	-0.0015633783236105366
GM.5.0.Nuclear_receptor.0100	-0.0011891274631564803	0.0014707605690596928	0.0013821099874207876	0.001315596895511439
GM.5.0.Mixed.0065	0.0013627360039497535	-0.0016044790926709664	-0.0016394510899836983	-0.0015719594177736494
GM.5.0.bHLH.0105	0.001165438016689254	-0.0014321869483774885	-0.0013160958137615711	-0.0014141911784287342
GM.5.0.C2H2_ZF.0083	-0.0013316922288224503	0.001590352389933627	0.001504843988943205	0.0014368996907621584
GM.5.0.STAT.0025	0.0013729612314515127	-0.0015852467024930338	-0.0015455431160167382	-0.0014709760060682133
GM.5.0.C2H2_ZF.0039	-0.0012829849524940487	0.0015872234063134467	-0.0014657262030604377	0.0015345227673088054
GM.5.0.Unknown.0138	-0.0013839138221278266	0.0016228565968604855	0.001546923840361969	0.0015779448035339555
GM.5.0.C2H2_ZF.0298	0.0012683555906214889	-0.001605572434403104	0.0015688954076271253	-0.0016314907969086209
GM.5.0.Zinc_cluster.0001	-0.001257845626779245	0.0016242872340055696	0.0015946785965614877	0.0014941117412630876
GM.5.0.C2H2_ZF.0080	0.0012558122450099032	-0.0015954928852449065	0.0016035517942525998	-0.0016185156350155467
GM.5.0.Unknown.0105	0.0012920227942663806	-0.0015547062290468933	-0.001508670778622206	-0.0014556666163500801
GM.5.0.Nuclear_receptor.0118	-0.001326754648771393	-0.0015924949222225248	0.0014963971086245297	0.001527847438102131
GM.5.0.Unknown.0169	-0.0014055563607538516	0.0015244705993686602	0.001657394698296365	0.001540404097019937
GM.5.0.C2H2_ZF.0147	0.001357200178442676	0.001591006488278951	-0.0015697219401396784	-0.0015115495494257617
GM.5.0.T-box.0012	-0.0012782641590152197	-0.001582035754698482	0.0015462084092360848	0.0016355320152689542
GM.5.0.Prospero.0001	0.001358019197416158	-0.0016100326556101456	0.0015102445112475282	0.0015587752973215054
GM.5.0.C2H2_ZF.0146	-0.0013919302057997327	-0.0016709463074686902	0.00151280312088018	0.0014889295070020436
GM.5.0.Homeodomain.0153	-0.001137410435868049	0.0014270212684545347	0.0013163362688964164	0.0013133671885080245
GM.5.0.Nuclear_receptor.0081	-0.0012851813290791928	-0.001642228787485416	-0.0015273705396185533	0.0017488004346995641
GM.5.0.Nuclear_receptor.0116	-0.001209965864934415	0.0016332173814996318	0.0016075621027188654	-0.001460181992082779
GM.5.0.Forkhead.0055	0.001302159115979168	0.001469078942983889	0.0014644104102896846	0.0013853772668595363
GM.5.0.Ets.0038	0.001457000662003205	-0.0016114614230339722	0.0015394877248066593	-0.0015196811227733637
GM.5.0.Unknown.0015	0.001255591903616938	-0.0016540463902135565	-0.0015339301676474237	-0.0015620511100887268
GM.5.0.TEA.0005	0.0042079512921866956	0.0014817679634735773	-0.0015857669279752506	-0.0016825973850544363
GM.5.0.Paired_box.0018	-0.0011715987541571302	-0.001575769729782541	0.0016171175268467667	0.0014078451921737492
GM.5.0.C2H2_ZF.0286	0.001178415291387855	-0.0012875564354349017	0.001220491444981574	0.0012248658057634188
GM.5.0.HSF.0008	-0.0011664074609472215	-0.0014144856091525084	0.001433468400567785	0.001387954638921388
GM.5.0.STAT.0015	0.0013101556220120635	-0.001636762182317577	-0.0015386342146348697	-0.0015312361497613228
GM.5.0.Nuclear_receptor.0007	-0.001210497943323536	-0.0016163018776926433	0.001496442606468732	0.0014879078464402847
GM.5.0.C2H2_ZF.0276	-0.0012966395370497636	0.001638958588273588	-0.001589460532100694	-0.0015592098096262963
GM.5.0.Mixed.0103	-0.0014839342350777384	0.0016112219492787426	0.0015069440250666298	0.0014726940062907718
GM.5.0.C2H2_ZF.0307	-0.0012389189497225646	0.0015671483435200756	0.0014982580753959704	0.0015237223262225688
GM.5.0.Forkhead.0042	-0.0012093451034346262	0.0015253727588937795	-0.0015713586358811521	0.001476668988058448
GM.5.0.STAT.0016	-0.0012482584084639878	-0.0015489162867014924	0.0017278611932244677	0.001558049345299776
GM.5.0.bZIP.0032	-0.0012806745724398827	0.0017547818573755225	0.0016304768882031639	0.0014870942645254799
GM.5.0.Unknown.0062	0.0012360264774560572	-0.001552206489710963	0.0015371056064133473	0.0013505093909499544
GM.5.0.GATA.0025	-0.0011329706081201058	0.0013791477354711413	0.0012687326952297298	0.0014118922544623224
GM.5.0.C2H2_ZF.0123	-0.0012856984262359242	0.0014798667612092927	0.001531778427507716	0.0015814239762423383
GM.5.0.CSD.0001	-0.001302584540111714	0.0016377841287270687	0.0014935527219481425	0.0015730738167709431
GM.5.0.C2H2_ZF.0079	-0.0011613561430490282	0.0013803626479236344	0.0014259669110175575	-0.0013776838034515848
GM.5.0.SMAD.0007	-0.0012903616187382417	0.0016488693165154342	-0.0015246221100559728	0.001504066287895163
GM.5.0.C2H2_ZF.0256	-0.001417657398694914	0.0016256169656861136	0.0015018892603812397	0.0015370605561824493
GM.5.0.Nuclear_receptor.0099	0.0013048103983537879	-0.001543420467513506	-0.001516623376258738	0.0016147092676606744
GM.5.0.C2H2_ZF.0284	-0.001243658846802029	0.0016054053983348493	-0.0015666541075077403	-0.0016913177854808025
GM.5.0.Homeodomain.0149	0.0013411685892703374	0.001553827489309437	0.0015024832937329076	-0.001574928915356049
GM.5.0.Sox.0001	0.0013510840915631843	0.0012155588399166053	-0.0013865556235995692	-0.0012454609053595721
GM.5.0.Homeodomain.0108	-0.001225496300325435	0.0015635612000657554	0.0014900422047442199	-0.001499178137390763
GM.5.0.C2H2_ZF.0181	0.0013077127905323676	-0.0016504935446400783	-0.0015905433694055132	-0.0016026034004690856
GM.5.0.Unknown.0042	-0.0012506164334073408	0.0016602395750747881	-0.0015445970914402328	0.0014668852713130068
GM.5.0.bHLH.0109	-0.0013432959487638394	0.0015928431796254027	0.0017275562159822725	0.0014629255768550855
GM.5.0.Mixed.0017	0.0013307343313148361	-0.0016229444561337441	0.0015259770155568717	-0.0016430021258502841
GM.5.0.SAND.0006	0.001242800527245204	0.0015964045868314106	-0.0016124057651432724	-0.0016413712229398727
GM.5.0.Unknown.0202	-0.0013751468310686916	0.0016277945159568576	0.0015698335491770273	0.0014928138416374775
GM.5.0.Ets.0032	0.001250067752287333	-0.0016045773075078317	-0.0015835115818540455	-0.001550285538563606
GM.5.0.Paired_box.0020	-0.0013748639087371856	-0.0013707916611456763	0.0012295167251535901	0.0014650698621616741
GM.5.0.Forkhead.0024	-0.0013083508676816962	0.0016726557979065116	-0.0015198936054727032	0.0015098213229401821
GM.5.0.Runt.0006	0.0013846666674613723	0.0016067434557449605	-0.0017052622027407707	-0.0015367962178627398
GM.5.0.RFX.0012	-0.0013515841303196772	0.0015849447014174758	-0.0015996985175320872	0.001567362238178319
GM.5.0.C2H2_ZF.0132	0.0012906990937419573	-0.0016031143260680889	-0.0015278892985330064	-0.0015073221125551106
GM.5.0.Nuclear_receptor.0056	0.0014463371125650755	-0.0016125764487829475	-0.0015259706885790952	0.0015419067108979828
GM.5.0.HSF.0009	0.0013477325950837751	0.001531867922504818	-0.0015564917227869196	0.0015734353393648808
GM.5.0.Unknown.0072	0.0011752293906666352	-0.0014781771461738064	0.0014442025012006132	0.001273162352083784
GM.5.0.C2H2_ZF.0177	0.0012585982227976513	0.0015330167620296556	-0.001616871089069331	-0.0014907644297681654
GM.5.0.Nuclear_receptor.0095	0.001325926879817569	-0.0016761256137528841	0.001677783427660329	-0.0014464444405236732
GM.5.0.Homeodomain.0053	-0.0013788408977902472	-0.0015053850632143805	0.0015348526843118422	0.0014865882370456252
GM.5.0.Nuclear_receptor.0059	-0.00141147345140436	-0.0016135942787103338	-0.0015185697721387533	0.0015924169121948287
GM.5.0.Unknown.0065	0.005099165720716177	0.0010234886885817033	-0.0015329379583057154	-0.0017486900035082844
GM.5.0.C2H2_ZF.0216	-0.001400826925582287	0.0016000255865747045	0.0015849201089139311	0.0014690278501331708
GM.5.0.Unknown.0127	-0.0015033193426129863	0.0015788778410132413	-0.0015303462182490654	0.0014591149464350526
GM.5.0.bZIP.0084	0.0012515537754550763	-0.0015692828990268401	-0.0016390845561128386	0.0014867631472935303
GM.5.0.Mixed.0005	-0.0012876467955691092	-0.001537875728450433	0.0015040982526445992	-0.0016541518189812849
GM.5.0.C2H2_ZF.0154	0.0012795676978148193	0.0015884514381056616	0.0015127804734277545	-0.0016045482098128636
GM.5.0.C2H2_ZF.0236	-0.0012077862699550054	0.0014629500972328324	0.0014802351820538547	0.0013229846029602496
GM.5.0.C2H2_ZF.0178	-0.003806470415891648	0.0011100807922519384	0.0013071121119971674	0.0018630752709548298
GM.5.0.Forkhead.0057	0.0011881806995770396	0.0014539408490763523	0.0014403884999731917	0.0013357015011071119
GM.5.0.bHLH.0078	-0.0013224054326697427	0.0015247434435734042	0.0015486880261023203	-0.001550120187622916
GM.5.0.Forkhead.0041	-0.0012393791479515667	0.0015884691545784324	-0.0015282321898605778	0.0014222202784080244
GM.5.0.bZIP.0075	-0.0026669517854431253	0.0016894121933911672	0.001824454706700363	0.0018377391303179798
GM.5.0.Mixed.0109	0.001639999912256869	-0.001534129272720816	-0.0015612982182368973	-0.0016175300436533653
GM.5.0.C2H2_ZF.0283	0.001885165401488918	-0.001451711295635193	-0.0013725840414785522	0.00159233470408332
GM.5.0.C2H2_ZF.0092	-0.0012480202764146625	0.0016345337681051223	-0.0015973698575468505	-0.0014160071341063956
GM.5.0.C2H2_ZF.0219	-0.0013411113096634044	0.0015438649833103171	0.001679318094774604	0.0016188416454811002
GM.5.0.Mixed.0042	0.0012190463679617734	-0.0016080134785839925	-0.0017114122385298233	0.0016131008782810183
GM.5.0.Mixed.0035	-0.0018045913865649501	0.0015574818805186661	0.001390122211001344	0.0015059108867743795
GM.5.0.C2H2_ZF.0107	0.0013932527091520578	-0.0016247886924956752	-0.0016963365043866968	-0.00154664891317378
GM.5.0.Nuclear_receptor.0102	0.0014195625172214823	0.0013700896208720045	-0.0015175573646383758	-0.0013082078816540187
GM.5.0.GATA.0018	-0.0011671424578388212	0.0014921728186128086	0.0015417848682125089	0.0013888123836711505
GM.5.0.bZIP.0069	-0.0012745687119080364	0.0016615711658793803	0.0014694246972755658	0.0014983253795551566
GM.5.0.Homeodomain_POU.0018	0.0012796186734208776	-0.0015769972784782998	0.0014863770138229268	-0.0014290475412632342
GM.5.0.Mixed.0022	0.0020297703132991967	0.0015778861539303194	-0.001616983315009051	-0.0021094765104110527
GM.5.0.RFX.0007	0.0012941518926643072	-0.0016822042290352065	0.0016475417713105733	-0.0013901517493852477
GM.5.0.bHLH.0088	0.0012656358745498683	0.0016539621472918431	-0.0016800111169225848	-0.0017243627777086608
GM.5.0.bZIP.0082	-0.0014302599098136187	-0.001678105599893084	0.0015546651322481905	0.0014445760634655847
GM.5.0.Mixed.0105	-0.0013427252094687495	0.0015127253193590706	0.0015721439450293224	0.0015025323193177773
GM.5.0.Nuclear_receptor.0050	0.0012550706832859695	-0.0017340658919095247	-0.0015909750801230754	-0.001455680965198872
GM.5.0.Grainyhead.0006	-0.0014781147536643525	0.001584695657650231	0.0015091379982440428	0.0014801216690934072
GM.5.0.C2H2_ZF.0106	-0.001188102409499831	0.0014348930504380084	0.001355629769132021	0.0013623521376676644
GM.5.0.bZIP.0061	0.0012585459629501472	-0.0015276201235020364	0.0016424391728412024	-0.0014890190127718446
GM.5.0.Unknown.0193	-0.0012543954071962675	-0.0015358605430465671	-0.0014724652410332453	0.001674614803912968
GM.5.0.STAT.0008	-0.001190251182945186	0.001570315544947684	0.0014492657024324602	-0.0014606311309657948
GM.5.0.Mixed.0006	0.0014656348541547599	0.001637245786041067	-0.001460821551698461	-0.001340161302394313
GM.5.0.CxxC.0001	0.001393928969204929	0.0014374899971237184	-0.0015386764107165954	-0.001423669613111348
GM.5.0.Homeodomain.0146	-0.0012047217537441727	0.0013719920029590857	0.0013390248984409847	0.0012691758402122782
GM.5.0.C2H2_ZF.0239	0.0012434871494437425	-0.0015906384002747906	-0.0015009931742875724	-0.001596158048589006
GM.5.0.Unknown.0185	-0.001276128931207837	0.0014875818881538714	0.001599167927887664	0.0014440767549595023
GM.5.0.C2H2_ZF.0255	0.0012292851481377916	-0.0014188984003786738	0.001385271330986323	0.0013238647280778989
GM.5.0.SMAD.0018	0.0015622806565853693	0.0015025601740940916	-0.001536768042297202	-0.001767102436184446
GM.5.0.C2H2_ZF.0192	-0.0012625962721285278	0.0015230660628864558	0.0015122402671663684	0.0015762704293536495
GM.5.0.Homeodomain.0184	0.003026661586069853	0.0012962737450891186	-0.001281204483980946	-0.0016946561938560388
GM.5.0.Homeodomain.0194	-0.003619603070342543	0.001038223920344734	0.001020147057875095	-0.0013835848029996479
GM.5.0.Nuclear_receptor.0082	-0.0019637398086565856	0.0015823092108928297	0.0016042561260701425	0.001712926335914891
GM.5.0.Mixed.0050	0.0014203883009857895	0.0015837121120670448	-0.0016080543975690181	-0.0014995020510746556
GM.5.0.Grainyhead.0008	-0.0012355052217619636	0.0016413630150127327	0.0016055220161305319	0.001576175296306175
GM.5.0.Unknown.0047	0.0014215504501840623	0.001582638797635298	-0.0015974533359899726	-0.0014765372844738008
GM.5.0.C2H2_ZF.0012	-0.0012502940216880818	0.00154768644597161	0.001495591143659248	-0.0015165041640897651
GM.5.0.Mixed.0031	0.001430608400118722	-0.0015897293554380104	-0.0015737884545339916	-0.0015586039704825363
GM.5.0.Paired_box.0017	0.0013673872130630258	-0.0014984416530417143	0.001605157305011124	-0.001491836712935845
GM.5.0.GATA.0022	-0.001474776929983863	0.001592046327854754	0.001616502817637739	0.001475704227347774
GM.5.0.Nuclear_receptor.0069	0.0013432729170711288	-0.0015889655424086632	-0.001602832439588467	-0.0015643752668289097
GM.5.0.C2H2_ZF.0114	0.0012424145254739134	0.0016025010198144353	-0.0016054596303224336	-0.001410997024359816
GM.5.0.C2H2_ZF.0151	0.0013231581345060626	0.0015764145013005151	-0.001467948767389008	-0.001624588777442895
GM.5.0.Unknown.0017	-0.0013727223413447585	0.001611857655314309	0.0015750450401209302	0.0015344013452144106
GM.5.0.Grainyhead.0001	-0.0013339080701905135	0.001642009997546654	0.0015205543518067625	0.001474346249970811
GM.5.0.C2H2_ZF.0087	0.001125283629089227	-0.0014599106979462236	-0.0013545474934074596	0.0013390630413387258
GM.5.0.Unknown.0044	0.0013112961046779046	0.0015577975581877127	-0.0015761710179395475	-0.0017114794732896546
GM.5.0.TEA.0006	0.0013230610649681257	-0.001620568411022081	0.001553624826241388	-0.0015515441529956894
GM.5.0.Homeodomain.0044	-0.0012286283090162291	0.001549495022424622	0.0014681958633554742	0.0015970414186924236
GM.5.0.ARID_BRIGHT.0003	0.0012300148582790498	0.0014127550251725432	0.0015048746047612574	0.0014501221498339622
GM.5.0.Homeodomain.0165	0.0012753401740616328	-0.001523091317056874	0.0014978651277048351	-0.001622043351840407
GM.5.0.Rel.0007	-0.0013055205594055363	0.0015388388461555918	0.0015654112114857753	-0.0015467902929502586
GM.5.0.T-box.0014	-0.001240016348561738	0.0016244374371307622	0.0015971488462341208	0.0015519065458359446
GM.5.0.T-box.0025	-0.0012599396095710144	-0.0014118505919286208	0.0015538737388109361	0.0014708991891692108
GM.5.0.p53.0009	-0.0015515353540410273	-0.0015981533654314426	0.0015450737401087261	0.0016799880064457021
GM.5.0.C2H2_ZF.0257	-0.0014753330683956406	0.0017009298912254423	0.0015285774429594945	0.0015274609176895754
GM.5.0.GATA.0016	-0.0014033354275220448	0.0013069589502460427	0.0012806600283585482	-0.0012303361356279015
GM.5.0.Homeodomain.0195	0.0012522279020998292	-0.001623729916459608	0.0015677321323787122	-0.0016038067588814379
GM.5.0.Homeodomain.0189	-0.0012210248540685815	-0.0015015060408195416	0.0015542797218221877	-0.001502868064183986
GM.5.0.Unknown.0066	-0.0011917770783810167	0.0014470214983041349	0.0013853063260970487	0.001428518501085706
GM.5.0.T-box.0010	-0.001394292252999133	-0.0016132822466114404	0.0015315852899125322	0.0015188955299942986
GM.5.0.CUT_Homeodomain.0010	0.0011906217748094711	0.0016438349307399678	-0.0015701329427443894	-0.0014077251328989907
GM.5.0.TEA.0002	-0.001333141276729405	-0.0016149159473067287	0.0014445474313356222	0.0015498049625100872
GM.5.0.bHLH.0084	-0.0012067829773778685	0.0014158484035566342	0.0013156983282958253	0.0012819821513073725
GM.5.0.Nuclear_receptor.0080	0.0013868528425811397	-0.0016166633639224722	-0.0015014467681014748	0.0014808032856263964
GM.5.0.Myb_SANT.0007	0.0013059470085400007	0.0016062844072580594	-0.0014434994590581918	-0.0015941678746642044
GM.5.0.Unknown.0005	0.0012913613001527575	0.0016227110198170627	-0.0015584803997744615	-0.001526690167072813
GM.5.0.Nuclear_receptor.0063	0.0013140980699553222	0.0014642850207459085	-0.0015006575648675042	-0.0014028562558882295
GM.5.0.Homeodomain.0199	0.001273007188864289	-0.0016533021772493276	-0.0014663549229412998	-0.0015835085011842416
GM.5.0.Sox.0022	0.0012295617186849192	-0.0015133350396828358	0.0014186046916125985	-0.0013849870343883592
GM.5.0.Homeodomain.0132	0.001373279665436257	-0.0016164098382350878	0.001483104006119057	0.0015332418895253705
GM.5.0.C2H2_ZF.0202	-0.001353797781093939	-0.001673890168212389	0.0015580642129686155	0.001549128680600216
GM.5.0.bZIP.0094	0.001409306217617334	-0.0016323110346169692	-0.0015491639501554264	0.0014933045709758228
GM.5.0.bZIP.0070	-0.00139128707249502	0.001623547083639017	0.0017111860867581705	-0.0015929143592663159
GM.5.0.C2H2_ZF.0278	0.0012626121354831568	-0.001452555625982379	-0.0014297947669268485	0.001476375968489079
GM.5.0.Unknown.0018	-0.0012777436530030403	0.0016437709329022367	0.0015542078782474602	-0.0015133393480416066
GM.5.0.STAT.0013	0.0012640886279639925	-0.0018409189412162837	0.001540391255950015	-0.001565053941375524
GM.5.0.SMAD.0009	-0.0015810514742395415	0.00161489394171964	0.0015397161144680316	0.0015358940748880113
GM.5.0.bHLH.0086	-0.0013377571438183897	-0.0015385201797277614	-0.0014054250952740615	0.0014831494514313001
GM.5.0.C2H2_ZF.0149	0.002615635305151205	0.0011107669953988265	0.001024947926187982	0.0010678252911008397
GM.5.0.RFX.0014	-0.0011584079404629917	0.0014640217917521012	0.0015025683270567874	0.0013598153384618641
GM.5.0.Paired_box.0010	-0.0014079394576624615	0.0015951176904210678	0.0015689055299798087	0.0015500416915022797
GM.5.0.THAP_finger.0006	-0.0010796453396101904	0.0014269890628183274	0.001549047441203475	0.0014212145134909946
GM.5.0.ARID_BRIGHT.0005	0.0013690951572893134	0.0015124822894926999	0.0015087834246283382	-0.0014189379421802066
GM.5.0.Unknown.0077	0.001077315697753825	0.0015123038386492427	0.0013084820594841447	0.0013060154768942938
GM.5.0.bHLH.0061	-0.001465548325550064	0.001505179279603866	0.0015531875648830246	0.0016152963889235561
GM.5.0.C2H2_ZF.0249	0.0013964882306199994	0.0014831831960447073	0.0016912746057125136	-0.0013934023789431433
GM.5.0.bZIP.0076	-0.0013494689905701016	-0.0016513190491969556	0.0015538294334737047	0.0016135481540996983
GM.5.0.C2H2_ZF.0157	-0.0013132204300020534	-0.0016668270768232113	0.0015379384727449328	0.0015142116962770869
GM.5.0.C2H2_ZF.0069	-0.0012717422123273458	0.0016549993688496276	0.001537559762566913	0.0015294244134978346
GM.5.0.MADS_box.0016	-0.001366381768966319	0.0017026772373640573	-0.0015506173598823225	0.001524419041377679
GM.5.0.C2H2_ZF.0240	-0.0014366064392535422	0.0016502144126461756	0.0015495758442128085	0.0015522550242434065
GM.5.0.SMAD.0015	-0.0013725794635779931	0.0015695585578083303	0.001683236519316718	0.0014570175086246321
GM.5.0.Sox.0017	0.0013498003151122002	-0.001647562752211846	-0.001616121367136945	-0.0015266284814312266
GM.5.0.bZIP.0079	-0.0012364146761022316	-0.0015685359481928055	0.0016042474190456537	0.0016177075260528126
GM.5.0.Nuclear_receptor.0090	0.0026299129289577157	0.0010427917600001598	-0.001123475354215655	-0.0017195732504842074
GM.5.0.C2H2_ZF.0226	0.0017662999099072652	0.0014147104318177415	0.0014557337265595635	-0.0015299609524961363
GM.5.0.GATA.0028	-0.0013680607508905407	0.0016007601671842156	0.0014903763146793397	0.0015654429829643276
GM.5.0.Ets.0018	0.0018571773171700409	-0.0013317972770429648	0.0014057789329814535	-0.0012915875578107237
GM.5.0.Unknown.0103	0.0017363716793128944	0.001382997942712764	0.0013952918868642109	0.0014953554029646717
GM.5.0.Forkhead.0048	-0.0013032118986195194	0.0015594610622040527	0.0015567609582063143	0.0015342333916744362
GM.5.0.Unknown.0074	-0.0013485356263242521	0.0016636973691140132	0.0015824562588641047	0.0014710810085616416
GM.5.0.HSF.0003	0.0013790860280733766	-0.0015587699435939061	-0.0015916419153495967	-0.0015676210580318805
GM.5.0.Unknown.0034	-0.0012585350917205353	-0.0016971682986881374	0.0014816610388161836	0.001461185906409394
GM.5.0.Homeodomain.0118	-0.0013958010239304233	0.0013397590875545823	0.0012299921671497613	0.0015035882849503712
GM.5.0.bHLH.0129	0.001354013894220446	-0.0015349449802882643	-0.0016144988597927537	-0.0014697995959488696
GM.5.0.Rel.0005	-0.0012067208334361791	-0.0016059721556968376	-0.0015502705984042264	0.0015787231508367925
GM.5.0.T-box.0022	0.0015945633309692115	-0.0015893935917787388	-0.0014529246956736961	-0.0015502375730553257
GM.5.0.T-box.0023	-0.0013107581340214738	-0.0015762532781134684	0.00155894142340084	0.0015320398006467865
GM.5.0.Unknown.0098	-0.0012743569841966104	0.0015453505820685757	0.0015151508199787295	0.001501347082199059
GM.5.0.Homeodomain_POU.0004	0.0014034083093032894	0.0015746992656679917	-0.0015830936535103722	-0.001438099635727595
GM.5.0.Mixed.0057	0.0012779170450725333	-0.0016321720543226268	0.0014212029650967025	-0.0015086224443240132
GM.5.0.bZIP.0091	-0.0014675202208658804	0.0015989056256991352	0.0015382878758114977	0.0015140205834303741
GM.5.0.C2H2_ZF.0238	-0.0013891621411734568	0.0015806653623905854	-0.0015554815494599708	0.0015049292450180368
GM.5.0.bZIP.0102	-0.0012871128323563635	-0.0014846761266721692	0.001465898547311598	0.0014512348280404977
GM.5.0.HSF.0006	-0.0012319165689823374	0.0016266381070173315	-0.0016029718338608295	0.0015877993711490102
GM.5.0.Paired_box.0011	0.0013224172228085862	-0.001587438405072133	-0.0015836048638832795	-0.001429950582536659
GM.5.0.C2H2_ZF.0075	-0.0012022488910061516	-0.0012785818487945455	0.0012792254733558453	0.0015838783838453873
GM.5.0.C2H2_ZF.0251	-0.001373651258363924	0.0016772086319832868	0.0015752174562829705	0.0015774361366293931
GM.5.0.Sox.0024	-0.0013718832561878816	-0.0015829872680560952	0.0015617028812798936	0.0015022407975123823
GM.5.0.Paired_box.0001	0.001317061144277096	0.0016534886145565444	0.0015378165781420013	-0.001597050905550755
GM.5.0.C2H2_ZF.0282	0.0012369413106801672	-0.001594134044205158	0.0014645407829637594	-0.001666975705258862
GM.5.0.C2H2_ZF_Homeodomain.0003	0.008132268407556514	0.0011725368260065317	0.0019386950968206646	-0.002631242659097746
GM.5.0.Nuclear_receptor.0112	-0.0012772110827163825	-0.0015583384203755534	-0.001548759808818654	0.0015527365007102652
GM.5.0.C2H2_ZF.0056	-0.0016045669524369526	0.0016097882150125076	0.001673506976039505	0.001430288149839603
GM.5.0.MADS_box.0011	-0.0012841754379393244	-0.0014968410019998383	0.001803176392783595	0.0014716696502956438
GM.5.0.AT_hook.0002	0.0014078000851060323	0.0016414765725491006	-0.001597890204507921	-0.0016967620859611662
GM.5.0.Nuclear_receptor.0145	-0.0012321069847166565	0.001410512436122376	0.0014966854842351786	-0.0014824484089116222
GM.5.0.bHLH.0054	-0.0012030930950659448	0.0015416254962668488	0.001447429353538093	0.0014891183913275322
GM.5.0.C2H2_ZF.0277	0.001342752781703481	-0.00148006912802078	0.0015284608537760572	-0.001498958697944166
GM.5.0.Nuclear_receptor.0133	-0.0011298314610121616	-0.001478720229918522	0.0015440108663065785	0.0014990145328382999
GM.5.0.Unknown.0106	0.0012386564474002066	0.0014613214067913315	0.0015128651943055213	-0.0015928892903765712
GM.5.0.Homeodomain.0185	0.001384484533330137	-0.0015528773937578764	-0.0015826534667768063	-0.0015290342411459308
GM.5.0.bZIP.0021	0.0013920901917837444	-0.001613664722570873	0.0016190485196788532	-0.0014953638689402169
GM.5.0.C2H2_ZF.0310	0.0011586853644821905	-0.0015827834022503892	0.0015159679388730735	-0.0015989597547564718
GM.5.0.THAP_finger.0005	0.0013397205617514346	0.0015895407430655552	-0.0015803283300294452	-0.0015809104294843257
GM.5.0.Unknown.0019	0.0011826544025362892	0.0015043015023457596	0.0015153223931424554	-0.001511413510219966
GM.5.0.GATA.0006	-0.0013655617134564302	0.0016665633830435708	0.0015701136630616966	0.0015478472757225357
GM.5.0.Homeodomain.0161	0.0013620175057062719	0.0015489876098717084	0.0015093855263731903	-0.0016393983152160729
GM.5.0.Unknown.0001	-0.0013777618281995278	0.0016343190423449183	0.0015778509829034856	0.0015918767386296844
GM.5.0.C2H2_ZF_Homeodomain.0002	-0.0013985291934695983	0.001037834416569915	0.0013214524224928843	0.002061897201362749
GM.5.0.GATA.0015	-0.0015743364136094427	0.0015262325882493292	0.0015649332689493427	0.001533952330399465
GM.5.0.MADS_box.0008	-0.001196022801493307	0.0016101921518475281	0.0016135517190107712	-0.001656173497420078
GM.5.0.C2H2_ZF.0196	-0.0012264085428946522	0.0016868264894974578	0.0015504823916922647	0.0014631858468407755
GM.5.0.bZIP.0086	0.0012161357259224423	-0.001527851627047496	0.001574733448767564	-0.001461980282193156
GM.5.0.C2H2_ZF.0115	0.0013694066577780164	-0.0015567740890656435	0.0014705798325514046	-0.0014165008943476667
GM.5.0.Nuclear_receptor.0147	-0.0013775059340719897	-0.00163142122349091	0.0015815278232337506	-0.0015159308759246015
GM.5.0.Unknown.0075	-0.0012985618582077552	0.0016115786729490851	0.0015416493667412923	-0.0015226025541776598
GM.5.0.C2H2_ZF.0253	0.001297666534745894	0.001585512496564695	-0.0015576738129914917	-0.0014550168643783087
GM.5.0.C2H2_ZF.0176	0.0012558756191861722	-0.0015783734471324267	0.0016095604579298842	-0.0014971538825732014
GM.5.0.p53.0002	-0.0013795320474897224	-0.0015129393164874034	0.00159229167760329	0.0014984789426029088
GM.5.0.DM.0007	-0.0013887522279213776	-0.001619666310944704	0.0016243257277180167	0.0015519883848047799
GM.5.0.Homeodomain.0125	-0.0012050357786110705	0.0015655191078687552	0.0015198739340680884	-0.0015073424623047215
GM.5.0.bZIP.0099	0.0012347722156862957	0.001430572736728951	-0.0015097826403837028	-0.0014140531434753464
GM.5.0.C2H2_ZF.0124	0.00129196501671416	-0.0016421053866727687	-0.001586290728116608	-0.0014582161156308632
GM.5.0.Homeodomain.0148	0.0016649810740623104	0.0013196108667433756	-0.0014347593478487562	-0.0015777941875800452
GM.5.0.Sox.0035	-0.001543080641626164	-0.0015902934600287746	0.0016604681612316153	-0.0015979141126566904
GM.5.0.Myb_SANT.0002	0.0029957263020325155	0.0014536592125591787	-0.0014917660698895937	-0.0020223563701218775
GM.5.0.Rel.0013	0.0013085436444362727	-0.0016394514843104527	-0.0015867746263415901	-0.0014320870462321991
GM.5.0.Mixed.0008	-0.0038229788210497927	0.001282741487144658	0.0014295592785130134	0.0014036620582498615
GM.5.0.bHLH.0059	-0.0012358810187445446	0.0015586729232239093	0.0015913823580491718	0.0015314841192018342
GM.5.0.GCM.0001	0.001281319423448249	-0.0015516135196241964	-0.0016054133510930585	0.0013784330907853886
GM.5.0.Homeodomain.0172	-0.001413417352161776	-0.0015226221384025873	0.001501177258757739	0.0016536026348287726
GM.5.0.Ets.0028	-0.00168598704691809	0.0016662405651408482	0.001609802124549817	-0.0014011984055163002
GM.5.0.Ets.0046	0.013006380201810719	0.0016757687397184254	-0.0018243384236837582	-0.002693179418057862
GM.5.0.Homeodomain.0135	0.0012483302343902632	-0.0015534322169650512	0.0015662911141641619	-0.0015510136485546652
GM.5.0.Homeodomain.0192	0.0013012798621821972	-0.0014963400111122726	0.0015186775273337986	-0.0013810682662992646
GM.5.0.Unknown.0126	-0.0012534879604657856	0.0015721641625435333	0.0015051488228731364	-0.001566444258913248
GM.5.0.C2H2_ZF.0185	0.0013844924260954052	0.0015889674346960567	-0.0015547412961776509	-0.0016191044681446122
GM.5.0.C2H2_ZF.0301	0.001309358849030675	0.001582080065908491	-0.001552212464898586	0.001573711163467713
GM.5.0.Nuclear_receptor.0109	0.001291021605567686	-0.0016530667954724528	0.0015723518679622475	-0.0015600585598965488
GM.5.0.Unknown.0070	0.0012930804246449484	-0.0016074461824240793	0.0015532711539311844	-0.0014728556253857683
GM.5.0.C2H2_ZF.0248	0.003304579343576411	0.0012368369201809937	-0.0012297798542399469	-0.0021202222607045675
GM.5.0.Forkhead.0027	0.0011968173422748668	0.0015901025212275322	-0.0016134696885615602	-0.001684407865146153
GM.5.0.GATA.0021	-0.0012618716534489164	-0.0016307042745101166	0.0015846656843943984	-0.001506516791313735
GM.5.0.Mixed.0074	0.0013023368552678024	0.0016008303144389177	-0.0014907768371892915	-0.0014377432853142792
GM.5.0.Homeodomain.0098	-0.00123874738092541	0.0014865354338763246	0.0016580661052864557	-0.0016901169095610003
GM.5.0.Mixed.0100	0.0012071320432555208	-0.001663060191544988	0.0015046857299699486	0.0015689636129334408
GM.5.0.bZIP.0083	-0.00113667720096345	0.0014913182557816872	0.0015742894362003267	0.0013927719693108786
GM.5.0.IRF.0012	0.0016424176123851718	0.0014764461756444846	-0.0015940639464575063	-0.0017688224890477383
GM.5.0.Mixed.0062	-0.0013460574800160466	-0.0016075868000911047	0.0015201609913851623	-0.0013549268756390094
GM.5.0.Myb_SANT.0017	0.0012789514117210775	-0.0016182397859949293	0.0015047530839231104	-0.0015915603628968225
GM.5.0.Mixed.0061	0.0013133683753942186	0.0016543860942436245	-0.0016047181905751628	0.0015120553683413882
GM.5.0.Nuclear_receptor.0079	0.0013017052917873363	0.00155703206400768	-0.0015583713955471324	-0.001631406978823364
GM.5.0.Paired_box.0002	-0.0011312276844082526	0.001680363305548809	0.0016705668169958862	-0.0014774064193389075
GM.5.0.MADS_box.0019	-0.0012628908726982687	-0.0014412452021832047	0.0014747875091672665	0.0014024740180683117
GM.5.0.bZIP.0065	0.001277867072901635	0.0016707167635665523	-0.0015808051131878107	-0.0015441604532658395
GM.5.0.bZIP.0067	0.0012454052839811207	-0.0015677439068636728	-0.0016017050650270958	-0.0014639841787671582
GM.5.0.C2H2_ZF.0036	0.0013239996785837558	0.0015098707172373502	-0.0015844218406735196	-0.0015289413911704355
GM.5.0.Unknown.0060	-0.0012462112994189995	0.0015687552176448995	0.0017051467612529347	-0.0015012110823403194
GM.5.0.Unknown.0036	0.0012824488834575322	-0.0017310318358591298	0.001525146035238005	-0.0015358824088198976
GM.5.0.Rel.0019	0.001281957104427081	-0.0016402808572926306	-0.0014801887231912546	-0.0015444076917698385
GM.5.0.Mixed.0056	-0.001261287608382638	0.0015524887214322112	0.0015726304028945864	-0.0016668958846511998
GM.5.0.C2H2_ZF.0200	-0.0013566765923414537	0.0015494897115523837	-0.0015203135606548233	0.0015306673965574107
GM.5.0.C2H2_ZF.0131	0.0013160701907052362	0.0016702496421055848	-0.0015464486339780601	-0.0015680160869772307
GM.5.0.Homeodomain_POU.0025	-0.0012733467296742575	-0.001484359680177544	0.0015908520869716402	-0.0015296561202219248
GM.5.0.Unknown.0180	-0.0012489004505670523	-0.0016610743856728847	0.0015392311251522176	0.0014683830602999334
GM.5.0.THAP_finger.0004	0.0013444490240615687	0.001576283080922153	-0.0015292727233248886	-0.0016978407995613329
GM.5.0.Unknown.0082	-0.001327059624565053	0.0015785698572524365	0.0014992800946307114	-0.0015675836509411309
GM.5.0.TEA.0004	0.0013088927821057743	0.0015824339256159622	-0.0017325345612835494	-0.0014162123874861998
GM.5.0.Mixed.0013	0.001371067434057686	-0.001557508848217096	0.0015613541167609087	-0.0014922808575644913
GM.5.0.Unknown.0108	-0.0013631563902500833	-0.0015596591163292996	0.001571810126542532	0.0015537573608438381
GM.5.0.Homeodomain.0187	-0.0012012708177121646	0.0016486503351940398	-0.0015394820691010933	-0.0014278784509859257
GM.5.0.C2H2_ZF.0077	0.0012289134721460524	0.00157969832878709	-0.001564419120578418	-0.0016564152906041185
GM.5.0.DP_E2F.0001	0.001812650587849788	-0.0015728531280594896	-0.0015495430082048249	-0.0017846217897348824
GM.5.0.Unknown.0009	0.002373093482306354	0.001440222895720269	0.0014156280440065809	0.0015081878932668854
GM.5.0.Paired_box.0022	0.0013963716866586392	0.0013148622201306353	-0.0012793622089981372	-0.001245453109642087
GM.5.0.bZIP.0027	0.00130538294119654	-0.0015836449078533924	0.0016782407268866296	-0.0015390493538601213
GM.5.0.Homeodomain.0082	0.0012957092924425324	0.0013502160900028416	-0.0014702369968129236	-0.0014114172726595647
GM.5.0.C2H2_ZF.0195	-0.0012557039872445734	0.001560336589481599	0.0015369666706012333	-0.0015577511112200132
GM.5.0.Rel.0024	-0.0016886111742726742	0.0015671365285131258	0.001604057307459082	-0.0015825035134976074
GM.5.0.bHLH.0019	-0.0015780431162046773	0.0016815309739847285	0.001542570737478053	0.0016272063562938956
GM.5.0.SAND.0007	0.0012338971876335674	0.0015470685716792712	-0.0017236699628310796	0.001494295090253052
GM.5.0.Homeodomain_POU.0026	0.0013166254741606217	-0.0014974016101781406	0.0016130673067832032	-0.0015236317848535338
GM.5.0.C2H2_ZF.0134	0.0011806180645011768	0.0016679824005966504	0.0015615768983315917	-0.0016310668809800472
GM.5.0.C2H2_ZF.0260	0.0013201873432715546	0.0013737714516626081	0.0013542206475713476	0.0013633991049843436
GM.5.0.MADS_box.0018	-0.0014192247667737185	0.001714263628022711	0.0015470322307349262	0.0015119264342723174
GM.5.0.p53.0004	-0.0013260271340412159	-0.0015923575153691202	0.0017040806610377711	0.001571975619863857
GM.5.0.Ets.0021	0.0015089620632372555	-0.0016730250518911121	-0.0015865602575844634	-0.0014879670503444983
GM.5.0.T-box.0002	-0.0013725408123246294	0.0015112125605262997	0.0016014749381962632	0.0015055395830873397
GM.5.0.Unknown.0055	-0.001391772373435062	0.0015824179574075023	0.0015010585280031692	0.0015945243699357586
GM.5.0.Unknown.0100	0.0012498720709626973	0.0014713127917368569	0.0015115623531873027	-0.0015186417677716588
GM.5.0.C2H2_ZF.0140	0.0012955360132041382	-0.0014682748628769787	-0.0015952710810999	-0.0014642578686683639
GM.5.0.Mixed.0072	-0.0013253306423193405	0.00159910913473571	0.0016356487712898685	-0.0016325263176748927
GM.5.0.C2H2_ZF.0032	0.001325994632620815	0.0015206610454905167	-0.001661050555764826	-0.0014307741849867409
GM.5.0.Unknown.0043	-0.0017001301320090933	-0.001373724867895049	0.001466582783234636	0.0012636986473471895
GM.5.0.Nuclear_receptor.0001	-0.0012501539633776575	0.0016538017134794087	-0.001560272092817596	0.001532870805594564
GM.5.0.C2H2_ZF.0108	-0.0012625606104407986	0.0016528809695948005	0.0016223806310922434	0.001570271074922614
GM.5.0.Mixed.0076	0.0012806704626203323	-0.0016371030739748404	0.0016974424178966068	0.0014844312649545746
GM.5.0.AT_hook.0006	0.0014350373241293125	0.0015106407566580385	-0.0015554182629722397	-0.0014370569782529942
GM.5.0.STAT.0014	0.0012332441992479273	0.0016205274713254345	0.0015295776511809569	-0.0014744203109030882
GM.5.0.Mixed.0063	-0.0013117795557955772	0.001530246854563279	0.0016642085654728338	-0.0015737791877356707
GM.5.0.Unknown.0084	0.0013656480276103599	0.0016193491485054015	-0.0016102971531460721	-0.0016002460184761673
GM.5.0.Mixed.0058	-0.005966482114494655	0.0010530927794617918	0.001269513244008574	0.002111233996386434
GM.5.0.C2H2_ZF.0230	-0.0014104229346508892	0.0015714645427762136	0.001630782016763328	-0.0015666892111332981
GM.5.0.TEA.0008	-0.0013091125900258707	-0.0015975942146399147	0.0015919562108096497	-0.0014051653631927219
GM.5.0.Paired_box.0015	0.0012710135091303055	0.0017754149686660013	-0.0015258636115150826	-0.001532632595905243
GM.5.0.Homeodomain.0113	-0.0013249616300813401	0.001590635096056308	0.0015820052771844406	0.0015511391647539568
GM.5.0.C2H2_ZF.0078	0.0012997983541585482	-0.001496407147003448	0.001538178100438956	-0.001433092901338928
GM.5.0.Homeodomain.0003	0.0011856082203256034	0.0014804560309068355	0.00158345224949907	-0.001572951932831139
GM.5.0.Mixed.0041	0.0012148545502139306	0.0014971300607166216	0.0015989894130203752	-0.0015403021121663057
GM.5.0.Forkhead.0031	-0.0013029345703384331	0.001560590701875134	-0.0015738351190809799	0.0015315024058386556
GM.5.0.Mixed.0073	-0.0012483744716686104	0.0015662912462344125	0.0015954838050785114	-0.001509469301571338
GM.5.0.Ets.0019	0.0014481554071606776	-0.0015880420120118449	-0.0016235028892253559	-0.0015396483380658021
GM.5.0.GATA.0001	-0.0014116943866200422	0.0015224634712923382	0.0016050417180579282	0.0014763301646124162
GM.5.0.C2H2_ZF.0252	0.001407162718555746	0.0017006566023262085	0.0015007570182720997	-0.0016403771713043732
GM.5.0.Sox.0036	0.0012168164584857228	0.0014823974002750964	-0.0015654563863167859	-0.0014832428301810316
GM.5.0.IRF.0003	0.0020408213599392823	0.0012732651084114849	0.0013780311952370236	0.0013912973828080954
GM.5.0.C2H2_ZF.0049	-0.0014735548880638902	0.0016865491301694523	0.0016854078537119907	0.0014614652824646945
GM.5.0.Myb_SANT.0001	0.0013403970898434553	-0.0015643935590073793	-0.0016161445935384663	-0.0015136322823879375
GM.5.0.bZIP.0034	0.0014133754476715371	-0.0016226159220287882	-0.0015223512349940807	-0.0016242389368164478
GM.5.0.Nuclear_receptor.0054	-0.0011842844640163306	-0.00152975198566316	0.0020348950638422254	0.0014188547199135905
GM.5.0.Nuclear_receptor.0094	-0.0012914710961240753	0.001704571478418946	0.0015852009300156488	-0.0015940571947453018
GM.5.0.Homeodomain_POU.0024	0.001291219486449588	0.0016480477274699388	0.0015280575087543696	-0.0016770986829423027
GM.5.0.GATA.0020	-0.0013468538633006186	0.0016718664693942905	0.0015620803213033335	0.0015381889305301046
GM.5.0.C2H2_ZF.0267	-0.0013701695234362029	0.00154740313717586	0.0016203669000051713	0.0015539099841499256
GM.5.0.HSF.0007	0.0014897307852217428	-0.0015850837172979575	0.0015093384697005192	-0.0015972984606114173
GM.5.0.C2H2_ZF.0098	-0.0014654637456377945	0.0016460947345386817	0.0015774032659026898	0.001495529112950838
GM.5.0.bHLH.0024	0.0015750723669596875	0.0014065382581877615	-0.001439141367240051	-0.0016974755205660954
GM.5.0.Unknown.0003	0.0010707690551985357	-0.0015606315137820365	0.0014564036126525248	0.001346382277953213
GM.5.0.C2H2_ZF.0265	0.0012929537961296788	0.0017428109989138815	-0.0016051825086570806	-0.0014797681296074743
GM.5.0.Homeodomain.0170	-0.001184657945972919	0.0014555879608092461	-0.0014891912968401323	0.001293068177583398
GM.5.0.C2H2_ZF.0011	-0.001323340858365004	0.0017529121954818019	-0.0015290910564230429	0.0015407643423794052
GM.5.0.Unknown.0046	0.0013283471445661099	0.0015276886637719401	-0.0016373340964933717	-0.0015136704010944907
GM.5.0.Homeodomain_POU.0022	0.0014290551365536885	0.0014205667291465479	-0.0016222403514492931	-0.0015579029602230128
GM.5.0.Paired_box.0012	-0.0013245447109472028	0.001543461158516563	0.0016250156391752774	0.0015676698327106117
GM.5.0.Unknown.0038	0.0013260045148945872	0.001425202985758611	-0.001528112458352228	-0.0015517517567073301
GM.5.0.bZIP.0089	0.0014212050202747862	-0.0015444629757410061	-0.0015898297868217942	-0.0015653685909258704
GM.5.0.Homeodomain.0046	-0.0011732343342448005	0.0015045867123288717	-0.0015305012433337096	0.0015025005212476088
GM.5.0.Sox.0016	0.0013284694809330656	0.0014329785464856021	-0.0017353226139164679	-0.0015991400353350313
GM.5.0.Unknown.0206	-0.001293225875536213	-0.0016981394304428465	-0.0017100440849422973	0.001561176272574744
GM.5.0.STAT.0017	-0.0013689799935007634	0.0015475674059526393	0.0014179172390968856	0.0013363257994108576
GM.5.0.Homeodomain.0150	0.0012470143832270506	-0.0015305701906853835	-0.0015056182056187998	-0.0014390114689174045
GM.5.0.Unknown.0102	0.0012181519393900135	-0.0016344307830672223	0.001696833432702466	0.0014806341863191485
GM.5.0.bZIP.0092	-0.0012086361335714858	-0.0015003875892762202	0.0014869049986205429	0.0015799443292163148
GM.5.0.Unknown.0119	0.0013599733884092522	-0.0016331922523026771	0.001527375512167797	-0.0014660187111065859
GM.5.0.Forkhead.0050	-0.001315191678283407	0.0017363519701389422	-0.001541565143830784	0.001427816771979688
GM.5.0.Unknown.0181	-0.001371143728302075	0.0015863015160740635	0.0016594821157172937	0.0014757675749610204
GM.5.0.C2H2_ZF.0034	0.0016938876716991013	-0.001516514754970342	-0.00149755437518045	-0.0017674154283756098
GM.5.0.E2F.0020	0.0013630056985809971	0.0017280650315447466	-0.0015473527375713292	-0.001859377322516288
GM.5.0.Unknown.0024	-0.0015128897256249246	-0.0013832827464295438	-0.0011541504695453577	0.001269836769037378
GM.5.0.Mixed.0108	-0.0013672334758056083	0.001449004194956084	0.0015268411786607387	-0.0016001530066159964
GM.5.0.Mixed.0037	0.0017607937967151174	-0.0013262164789459732	0.001303480999730914	-0.0016760710564950342
GM.5.0.C2H2_ZF.0168	-0.0012198351284161836	-0.0014919442980379576	0.0016014532773940269	-0.0014446079339195594
GM.5.0.C2H2_ZF.0232	0.0014809751467298401	-0.0014993436158000095	-0.001567248436684153	-0.001547106319133819
GM.5.0.Homeodomain.0143	0.0013841054781427594	-0.0015033382315020655	0.001615515898178487	-0.0016626097993195114
GM.5.0.Unknown.0093	-0.002210522631419145	0.0013767641030731853	0.0017492423052373098	0.001464295529538475
GM.5.0.Unknown.0124	0.0016145732375841952	-0.0014241242006480786	-0.0013129431366891836	-0.0011603566296457045
GM.5.0.C2H2_ZF.0285	0.0013135578099600948	-0.001696530718447347	0.0015143579339987826	-0.0013953594405608186
GM.5.0.Mixed.0087	-0.0013478514768205877	0.0015992836510479607	0.001658257006838396	0.0015271902615488211
GM.5.0.Homeodomain.0042	0.001290217493456765	0.001629566768857047	0.001618740069772632	-0.0016307149746860176
GM.5.0.Homeodomain.0080	0.0013367510927690532	0.0016958577648408016	0.0014440666412903263	-0.001497594959867518
GM.5.0.IRF.0005	0.001482390346068632	0.0015313212055666117	-0.0015381106117270688	-0.0016779606135012956
GM.5.0.Homeodomain.0136	-0.0013371880541263373	0.0015663798586867516	0.0014665164644789759	0.0013372705615039677
GM.5.0.C2H2_ZF.0112	0.0011638501599996734	0.0016418196636274432	-0.001534910761889113	-0.0016233980512958578
GM.5.0.Ets.0031	0.0013331880374008367	-0.001644843075514924	-0.0015183734708418225	-0.0016621736959074223
GM.5.0.Mixed.0075	-0.0011992192838614028	0.0015731820872847563	0.0015862857740830516	0.0014460178010503807
GM.5.0.Mixed.0030	0.0016415375248434857	-0.0015390351512051806	-0.0016875375749228533	-0.0015750181682347502
GM.5.0.MADS_box.0015	-0.0013170889495169266	0.0016396066980681712	0.0014906245114426006	0.001585845060427783
GM.5.0.Unknown.0133	-0.001416603180098783	0.0015924275980453055	0.0015940809062465976	-0.0014880205283323014
GM.5.0.Unknown.0085	-0.0013682503432242503	0.0017366794780849432	0.0015050712748183996	0.0014918018016230267
GM.5.0.CENPB.0001	0.0016215505763407503	-0.0015918816576577807	-0.0015665089457313507	-0.001581418242926469
GM.5.0.Unknown.0176	0.012140304090679096	0.001484853804423216	-0.00209129563894638	-0.003949650088322289
GM.5.0.Forkhead.0004	-0.0012914247947323845	0.0016358694892110797	-0.0015852214816846262	0.001472799948402418
GM.5.0.GATA.0012	-0.0017082224004438468	0.001133603998150995	0.0011575247518518484	0.001223378917249991
GM.5.0.Homeodomain.0201	-0.001222791155325075	0.001476689473258204	0.0017206874198876885	0.0015311159413492483
GM.5.0.Unknown.0121	0.0025212852005296466	0.0009986753769627077	0.0011512220626378091	0.0019036955049625685
GM.5.0.bZIP.0043	0.001475800039348494	0.0014954572659978342	-0.001603119996472602	-0.0014404726587705782
GM.5.0.Unknown.0175	-0.0012484829569145573	0.0014484495770349943	0.001572838255357934	0.0013014426884752725
GM.5.0.C2H2_ZF.0162	-0.0014186342789403409	0.0015600835315260683	0.0015779941071426143	0.0015132396352228348
GM.5.0.Homeodomain.0037	0.0015769519856814293	0.0016160582364593097	-0.001670326563402546	-0.001584085284119287
GM.5.0.Unknown.0196	0.001460231602902199	-0.0016882097647402477	0.0015269626904214411	-0.001503385168987254
GM.5.0.Sox.0031	0.001266055924618029	0.001441582115995268	-0.0014746334094708207	0.0012738888189408781
GM.5.0.Unknown.0078	0.0012849667547134864	0.0015693242992446948	-0.0016222884396281218	0.0014892997337998437
GM.5.0.E2F.0008	0.0013290764652960925	0.0014814936996769008	-0.0015358362657354064	-0.0016192304731173592
GM.5.0.Unknown.0183	-0.0012604652795035634	0.0015900198975396997	0.0016848839927779205	0.001544643231992375
GM.5.0.C2H2_ZF.0150	0.0012669819912892234	0.001709078164258319	-0.0015448674996415073	-0.0015168933613016464
GM.5.0.Homeodomain.0030	0.0014696332430964914	-0.001488255048472385	-0.00166368349215345	-0.0016606188764130962
GM.5.0.Unknown.0173	0.0018532412521280184	0.0015987043450021354	-0.001537477264325306	-0.0017295904658238964
GM.5.0.bZIP.0068	-0.0012332812722837879	-0.0017042627008742551	0.0015586838921719237	0.0015544839857414621
GM.5.0.Nuclear_receptor.0128	-0.0013797086773903802	0.0017032077245829815	0.0015177811492630144	0.0015511682987567434
GM.5.0.bHLH.0112	-0.0013319760183756356	0.0015030714347554458	0.0015752708912360907	-0.0015820935987374942
GM.5.0.IRF.0019	-0.0014175642801893041	-0.0014360003361512423	0.0016661471268640308	0.0015422213873247212
GM.5.0.Sox.0012	0.001204412915554887	-0.0016597558648173963	0.0015409524673906671	-0.0014866661608955323
GM.5.0.bHLH.0051	0.0013352989064035847	-0.0015869079748548375	-0.00150765872692241	-0.0014508772568002063
GM.5.0.HSF.0004	0.001199627294785238	-0.001658785129012256	0.0015086091278879064	0.0014919208392408154
GM.5.0.T-box.0016	-0.0012642910543888323	0.0016891803443450327	0.0016001317536978319	-0.001551209761254709
GM.5.0.bHLH.0057	0.001326445142360422	-0.001439901402017019	0.0014188943902364902	0.001459135837708579
GM.5.0.C2H2_ZF.0271	-0.0014257337843312878	0.001537990963036787	0.0015767616518057017	-0.0015311048293174699
GM.5.0.Nuclear_receptor.0144	-0.0014799268844472471	0.00154194101272517	0.0015285666539349948	0.0014637878198213476
GM.5.0.Unknown.0122	-0.0011915790832649237	-0.001582218570244618	0.0014548107940439805	0.001462104581163718
GM.5.0.Grainyhead.0005	-0.0009178295339787847	0.001085554894460132	0.0011391639504141386	0.0010892659695414392
GM.5.0.Unknown.0147	0.0015996474372875393	0.0014781190591362943	-0.0013646860378878217	-0.001510951557661246
GM.5.0.SAND.0008	0.001411868790812634	-0.0016184332024890993	-0.0016102333997059072	-0.0016746928041128806
GM.5.0.STAT.0007	0.0014462263141508	-0.0015863646866410752	-0.001566434778844953	-0.0014766072575038364
GM.5.0.C2H2_ZF.0088	-0.001337215518031205	0.0015350017090132527	0.0016290806493761442	-0.0014721091324209363
GM.5.0.Homeodomain.0010	-0.0013388374938836387	0.0015129434984273843	0.0014566716174530593	-0.0014031684662915301
GM.5.0.C2H2_ZF.0179	-0.0013656246237930014	0.0017323425872308473	0.0016403679349333371	0.0015335231868760014
GM.5.0.Unknown.0109	-0.0013060945325481766	0.0017249180600519432	-0.001559843394429757	-0.001538353956249007
GM.5.0.Unknown.0057	-0.0013064571398237932	0.001659958119585443	0.001513609215583348	-0.0015007210995495388
GM.5.0.C2H2_ZF.0105	0.0013336621325288089	-0.0015514959665336341	-0.0015556199576112289	0.0015022556968017984
GM.5.0.MADS_box.0017	-0.0013892258573415792	0.0015550921801126124	0.0014108633711896793	0.0013389622229647991
GM.5.0.GATA.0030	-0.0012998859419269936	0.0016544501693873282	0.001587818918616282	0.0014758774994783367
GM.5.0.STAT.0019	0.0011482642315859615	-0.0015915060199171052	0.0015859242080950842	-0.0016077568708759199
GM.5.0.bHLH.0119	-0.0013290846116131704	0.0016753366759351548	-0.0015259629120464864	-0.0015141005528004805
GM.5.0.bHLH.0126	-0.0013686376810804269	0.001682135952331994	0.0015345500688424137	-0.0014792811951731205
GM.5.0.Nuclear_receptor.0122	0.0012721120809378885	-0.001541220371159954	0.0015906234717379673	-0.0015404820796205212
GM.5.0.Unknown.0182	-0.0014424769400194742	0.001482177018566261	0.001572757165765373	0.001542620101888926
GM.5.0.CSL.0003	-0.0011627616937096017	0.0014576763641871815	0.0014900601413619442	0.0015042555746549212
GM.5.0.C2H2_ZF.0303	0.0020361898963296484	-0.0014227207881598511	0.0013955989064450773	-0.0015502243577038585
GM.5.0.bHLH.0037	-0.001624363299913373	-0.0015804451563964919	0.0013882026169567642	0.0014017977681324203
GM.5.0.bZIP.0020	0.001382223475973319	-0.0014613092168199024	0.001521699430979879	-0.0014685832808938976
GM.5.0.Ets.0024	0.0014284083968017717	-0.0014948142819575178	0.001591128965392873	-0.001508711676669472
GM.5.0.C2H2_ZF.0229	-0.0015360516876031973	0.0015436751644754864	0.0016091536340701242	0.0014694286240183071
GM.5.0.bHLH.0083	0.0012752361124689594	0.0016868122631266893	-0.0016946807762870315	-0.0015373698574560105
GM.5.0.Homeodomain.0112	0.0013648825708343288	-0.0016074562659821267	-0.0014675630609487977	-0.0014578515054769472
GM.5.0.Unknown.0079	-0.0010564203787350606	0.001537472091928228	0.001241234833904839	0.0015298405447294113
GM.5.0.C2H2_ZF.0052	0.0014430796828735057	-0.0015457624015653513	-0.0015369907710021057	-0.0016176386496949426
GM.5.0.Sox.0023	0.00133208715441777	0.0016491725345598965	-0.00155262005633277	-0.0014155744365750536
GM.5.0.C2H2_ZF.0094	-0.0013236639618495428	-0.001543716802391408	0.0014894174817368419	0.0015066515724499077
GM.5.0.Mixed.0096	0.0014058544727855926	0.0016179150144144366	0.0015515282605483177	-0.0016871434667093108
GM.5.0.Homeodomain.0038	0.0013180493617543127	0.001577756078701065	-0.0013273804535436273	-0.0013151991214234192
GM.5.0.Homeodomain.0079	0.0021157416890430856	0.0014270998811793288	-0.0014815566201570693	-0.001425147033569261
GM.5.0.MADS_box.0004	-0.0016385958170191295	0.0017437642161213832	0.0015388638626401253	0.0014815271007730193
GM.5.0.SMAD.0014	-0.0013286547539826173	0.0015910810756921607	0.0016194068449481575	-0.0016275703750908642
GM.5.0.C2H2_ZF.0003	-0.0012653201214168632	0.0015355613517879854	0.0016175806146496107	0.0016378896777424095
GM.5.0.Forkhead.0047	-0.0012727118043522891	0.0015960863636160889	0.0014303017045817735	-0.0015774379415823272
GM.5.0.C2H2_ZF.0173	-0.0013432498530997206	0.0015451677821465748	0.001633342147254932	0.0016507424859167747
GM.5.0.T-box.0004	-0.0015229066196445035	0.0016113084545734202	0.0016681796341500455	0.0014985898165187142
GM.5.0.Unknown.0148	-0.0013017593291618707	0.0015964369868139627	-0.0015143390982095294	0.0014916776016635244
GM.5.0.C2H2_ZF.0170	0.001326680533129157	0.0016324659654598406	-0.0015532280984707867	-0.0016473407678692258
GM.5.0.Unknown.0073	0.0016403961874835041	0.0014388506008852634	-0.0015811936586569602	-0.0016998141180722204
GM.5.0.C2H2_ZF.0266	-0.001372151551244585	0.0015487537202884304	0.0016128904581142805	0.0015448651808441607
GM.5.0.Unknown.0056	-0.0011029651005386174	-0.0013528244354477448	0.001525310535811193	-0.0014529362656467734
GM.5.0.C2H2_ZF.0046	0.0014662404532348571	-0.0016110123327924455	-0.0015604752836253775	-0.001652655589352711
GM.5.0.E2F.0007	0.0012819149278665651	-0.0016758381542362922	0.001603348403600359	-0.0016171747760058172
GM.5.0.Unknown.0011	0.001380997097514463	0.0016824719747805211	-0.0015950487684419415	-0.0014463684166749786
GM.5.0.C2H2_ZF.0183	0.0014743256596896784	-0.0015883703310304103	-0.0015355674534609065	-0.0016230229621470734
GM.5.0.Homeodomain.0130	0.0012826072962668067	0.0015918002279259986	-0.001547706734276084	-0.0014041009465232093
GM.5.0.C2H2_ZF.0143	-0.0013484616074505731	0.0014819805393637545	0.0016892589048633547	0.0015053373153327873
GM.5.0.Homeodomain.0050	-0.0013268388940530166	0.0016469949258331596	0.0016032869212366852	-0.001373653068909812
GM.5.0.C2H2_ZF.0316	-0.0013109674730878607	0.0016822936680241415	0.0016042319819909968	-0.0015922807940589988
GM.5.0.Homeodomain.0160	0.0012406868800142945	0.0015308661513920435	0.0015681636808391442	-0.0014531946659447985
GM.5.0.Unknown.0139	0.001357010701620669	0.0015728607318586671	-0.0016041467637294452	-0.001527915756997042
GM.5.0.C2H2_ZF.0043	0.0013752475696663193	-0.0016690982401441283	-0.0015104449429746223	-0.0014547630551813076
GM.5.0.Homeodomain.0138	0.003744036494425469	0.0013343558063990619	-0.0014098386076772367	-0.0014954211730052252
GM.5.0.Unknown.0014	-0.0014541491933530873	0.0015718294170378626	0.001629223560214935	0.0015475751074454666
GM.5.0.bZIP.0016	0.0012537113336485086	-0.001639440432315738	-0.0014434787596446085	0.0015022083650401185
GM.5.0.Homeodomain.0180	0.0013601855292196313	0.0015811746099914311	0.0016315365566769442	-0.001488402881220539
GM.5.0.C2H2_ZF.0136	0.0016498449250440916	-0.0016156994102845823	-0.0015669297522091395	-0.0015088612213448199
GM.5.0.C2H2_ZF.0208	-0.0013632948990881504	0.0015904145411174539	0.0015001864234204557	0.0014322188890208748
GM.5.0.C2H2_ZF.0060	0.0018227973744650242	-0.0015846247777243784	-0.0016234767017823594	-0.0015658450776393417
GM.5.0.Myb_SANT.0006	0.0014530227935728576	-0.0015314753636977935	-0.001632386503420213	-0.0014411457430622977
GM.5.0.Unknown.0208	-0.0016098242948153188	-0.0014616844349388688	0.0018604551938936618	0.0015578308658203601
GM.5.0.Forkhead.0045	0.0012661085510647285	0.0015947495222845384	-0.0016477125521502992	-0.0014736549590988158
GM.5.0.Homeodomain.0077	0.0012587710932729366	0.001435537947215749	-0.0015001989427364728	0.0014459688751430936
GM.5.0.C2H2_ZF.0228	0.0014422378385199714	-0.0015510895153105144	-0.0016805249691680686	-0.0016429690823396344
GM.5.0.C2H2_ZF.0018	-0.0012643814963685296	0.0016554395707736491	0.001627445189430072	0.001554773286067629
GM.5.0.Mixed.0049	0.0013898045735522197	0.0015458520197392642	0.0015911362968774035	0.0013234442928586766
GM.5.0.GATA.0009	-0.0014564284114816095	0.0015858863209899212	0.0015992929199712788	0.001475449063478751
GM.5.0.C2H2_ZF.0063	-0.0013370281526400467	0.001569434682997735	0.001482161020633319	-0.001612621500852239
GM.5.0.Unknown.0140	0.0022135512599920863	-0.0014284069089701903	-0.0015729070775240151	-0.0014926821902001785
GM.5.0.Mixed.0053	-0.001408629614932837	-0.0015926916448353926	0.0015900579298342508	0.0014749067261647967
GM.5.0.Homeodomain.0151	-0.0011870772926105078	-0.001603566538312905	0.0015768509148580325	0.0014955898208722867
GM.5.0.Forkhead.0044	0.0011853223211462528	0.0017219621377291838	-0.0014874696698749757	0.0015481278409694805
GM.5.0.Forkhead.0015	-0.0012962247109027005	0.0016892563352420933	-0.0016565750890913291	0.001545172743551456
GM.5.0.Nuclear_receptor.0086	-0.0012722469957717854	-0.001570065422491568	0.001612909830084156	0.001597760104641361
GM.5.0.Homeodomain.0054	0.0013649227983752285	-0.0016743392075280396	-0.0015512875577530527	0.00142690009429956
GM.5.0.Ets.0035	0.002149135911594817	-0.0015729866049213513	-0.001584484339662009	-0.0018219659407231808
GM.5.0.Homeodomain.0169	0.0013820211591780928	0.0015284006530186204	0.0014887978386234307	-0.0016884092438715322
GM.5.0.Nuclear_receptor.0025	-0.0013318298937435517	-0.001560073765806925	0.0017565166203774606	0.0014871439574599271
GM.5.0.bHLH.0076	-0.0012969850317883227	-0.001602619548843822	0.0016420744305655963	0.0015819922700565539
GM.5.0.Homeodomain.0181	0.0012827071548744448	0.0015166452425029397	-0.0015668663850825044	-0.001631719665502917
GM.5.0.bHLH.0085	-0.001546709163170216	0.0015725683732723936	0.0016789118477340036	0.0015477746668445885
GM.5.0.Homeodomain.0188	-0.001269104326835676	0.0016979040417512423	0.001652165512933395	0.001601479819100488
GM.5.0.bZIP.0096	-0.0013648177462130507	-0.0015932195997258797	0.0013748270607249005	0.0014601656257042766
GM.5.0.MADS_box.0012	0.0012959817544435876	0.0015252247465628878	-0.0016320763974267884	-0.0017264896607995233
GM.5.0.Homeodomain.0052	-0.001298309874333594	0.0015066245168468826	0.0016114962788917856	0.001471654235625103
GM.5.0.Forkhead.0013	-0.0012999467743324037	0.0016554034050911518	-0.0016749764058045357	0.0016112433210966268
GM.5.0.Forkhead.0037	-0.0013482399777651984	0.0017259472774421207	-0.0016687946081390215	0.001513940017097691
GM.5.0.AT_hook.0001	0.0015639707889215785	0.001436632666884321	-0.0014066434414846994	-0.0016696950586456319
GM.5.0.RFX.0009	-0.0013552739270336286	0.0016092735685180207	0.001561592389629469	0.0015647173256547425
GM.5.0.Sox.0025	0.0013838883429669613	0.0013536859686751523	-0.0015148447330291062	0.0012732004772347707
GM.5.0.bHLH.0094	0.0018950503370751322	0.0016406692682171293	-0.001594554704106217	-0.0018555018299383954
GM.5.0.Rel.0020	0.0013693216041442615	0.0016366607055171012	-0.0015277837367488512	-0.001637986242390762
GM.5.0.SAND.0005	0.0022206294113502143	-0.0016974941393527443	-0.0015496738097585288	-0.0020908344121249364
GM.5.0.bZIP.0006	0.0013354066601566985	-0.0016291237973488993	-0.0016146090079725331	-0.0015035742613524227
GM.5.0.Mixed.0024	0.0012837906501450202	0.0016141578375255966	0.0015624936777097376	-0.0015505313435630746
GM.5.0.RFX.0011	0.0012743940364285011	0.0015370710117243538	-0.0015240446000952545	-0.001574752050125993
GM.5.0.bZIP.0041	-0.0012951641925773732	0.0015132908869004691	0.0015958099048009047	-0.001524735526716815
GM.5.0.Unknown.0008	0.001244756666122412	0.0017843956652573217	-0.001618639744501562	-0.001479954959236977
GM.5.0.bZIP.0073	0.005200197174400515	0.0014473187557342193	0.0017987762508316512	-0.002203233567228697
GM.5.0.Unknown.0004	-0.0016036619643212083	0.0015977876470625659	0.0018742777250736814	-0.0014723013925894515
GM.5.0.C2H2_ZF.0243	0.0011659703274416577	0.0016683948635613825	-0.001505978493041646	-0.0016066456285002712
GM.5.0.SMAD.0005	-0.001522038891028056	0.0016920611362895063	0.0015214130732305842	0.0015631430594274162
GM.5.0.E2F.0017	0.0025476887634906225	-0.0016185716652368884	-0.001600609419773823	-0.0019522806719231114
GM.5.0.bZIP.0080	0.0015183621862594602	-0.0016543560683186748	-0.0017017410493321355	-0.0015065861372749803
GM.5.0.Forkhead.0007	0.0012290079519412763	0.0017631338583174992	-0.0015198803288901871	-0.0012750924189632194
GM.5.0.Paired_box.0003	0.0014066839549677654	-0.0016101717832449334	-0.0016350970858959033	-0.0014844347874917896
GM.5.0.MADS_box.0023	0.00128097328077676	-0.0016408488787101696	0.0015778725442073972	-0.0014844164698126058
GM.5.0.GATA.0031	-0.003237529717007459	0.0018400135073945016	0.0019500591300731574	0.0017381224374615272
GM.5.0.Mixed.0010	0.0014097893209031823	-0.00165353456478222	-0.0015289809005769488	-0.001502828985079549
GM.5.0.Unknown.0110	-0.0019357346082252017	0.0015902997513870059	0.0017797530843062554	0.0015438373257082708
GM.5.0.SMAD.0002	-0.0015764554576552106	0.00130285134794577	0.0014112215416068664	0.0014774157330846678
GM.5.0.Homeodomain.0183	0.0011711924353866878	0.0014868222454370644	-0.0014120975897981016	-0.001319345726918723
GM.5.0.MBD.0001	0.0022980637065239044	-0.0015325413888772465	-0.0015412570184496616	-0.0021187800993601453
GM.5.0.Unknown.0080	-0.0016842411363535725	0.0015873561906270869	0.0016993246205036958	0.0014275917274088545
GM.5.0.Mixed.0034	0.0014443855498620123	-0.0015670644500503145	-0.0016110154027849225	-0.0014952824906252862
GM.5.0.SMAD.0012	0.0020292187884715517	-0.0015643535493249064	-0.0015546859244585651	-0.0015502489488413782
GM.5.0.Unknown.0050	-0.0013187010813029496	0.0016104549152842036	0.001659960402402845	-0.0015788195088511773
GM.5.0.C2H2_ZF.0221	-0.0016270610177045205	0.0016031911401510673	0.001579201222984284	0.0016746613674541923
GM.5.0.Unknown.0198	-0.0013980451206032172	0.0019158986908853059	0.0014537562327223029	-0.0016676042943580783
GM.5.0.Homeodomain.0129	0.0012169440493752166	0.0014852522493207913	0.0016531749461967426	-0.001622164214206646
GM.5.0.bHLH.0001	0.005813099813012954	-0.001316701167989546	-0.0012519208814466976	-0.0018207543219110952
GM.5.0.Homeodomain.0056	-0.001828397768087814	0.0015859466654307688	0.0016858722554990583	0.0016022282659609705
GM.5.0.Forkhead.0028	0.004210726103980884	-0.001578448789215043	-0.0016178706490693605	-0.002094639831381952
GM.5.0.bHLH.0032	-0.0025446756301461897	0.0015804707474666047	0.001771232045979641	0.001364094383137327
GM.5.0.RFX.0002	-0.0015367439883975048	0.0017409922157605136	0.0015943633784916442	-0.0015303566813686651
GM.5.0.Nuclear_receptor.0121	-0.0014353881796569587	-0.0014650390378601874	0.0017971465314701473	0.0014200853742647034
GM.5.0.Unknown.0064	0.003940827889885059	-0.001551021834294987	-0.0015347458406708267	-0.0024572214573310215
GM.5.0.Mixed.0002	-0.0011394407326151235	0.0016304530729832195	0.0016062590714345944	-0.0018988604990864352
GM.5.0.bZIP.0003	-0.0016490065355351652	-0.0015383933685159479	0.0023595537763386842	0.0014044832756470744
GM.5.0.RFX.0003	-0.0015516911195313943	0.0017084959654739549	-0.0015474536941297123	-0.0014768664019581548
GM.5.0.C2H2_ZF.0064	-0.0013949355855726866	0.0017072353352870578	0.001492895050615298	0.001637157013044984
GM.5.0.bZIP.0013	-0.0015618142968193934	-0.0015127129174671325	0.002114824808167824	0.0015342544950412164
GM.5.0.bHLH.0137	-0.007542832177916779	0.0017408060748268267	0.0025181355721421604	0.002073413466020757
GM.5.0.bHLH.0006	-0.005622408219082934	0.001732929093999401	0.0030399654601594196	0.0017146281238314591
GM.5.0.RFX.0018	-0.001810355980161579	0.0016804798007662475	0.0015866674938666992	0.0013755276823123348
GM.5.0.Forkhead.0043	0.02382410036730346	0.0015877169703592752	-0.0036051312048978484	-0.007094584392180327
