	z-score cluster_1	z-score cluster_2	z-score cluster_3	z-score cluster_4	cluster_1 % with motif	cluster_2 % with motif	cluster_3 % with motif	cluster_4 % with motif
GM.5.0.GATA.0029	2.7895755484591387	1.1323542882142967	-2.810230835199695	-3.279023181741138	0.0	0.0	0.0	0.0
GM.5.0.Unknown.0161	-1.4154822552314577	0.24187686513157536	0.5280691493958927	0.41426238328789833	0.0	0.0	0.0	0.27018491876907963
GM.5.0.Unknown.0159	1.0097577461071525	-0.03647668865878344	0.3902160583606375	0.7377292128137382	0.0	0.0	0.0	0.16842696234955615
GM.5.0.C2H2_ZF.0188	0.1279161947830764	0.7787141199424864	0.4463323763306435	1.7589290606673575	0.0	0.0	0.0	0.26667602372013055
GM.5.0.Nuclear_receptor.0061	0.6368859689519458	-1.6589377802546965	-0.7222005388986955	1.471583551413419	0.0	0.0	0.0	0.39299624548229767
GM.5.0.Unknown.0028	-0.4119180471354947	-1.0022400072133393	-1.9935930499559018	-1.555569723881573	0.0	0.0	0.0	0.24913154847538507
GM.5.0.Homeodomain.0049	-0.16033185956398835	-0.18438776906918447	-0.7279657953340911	-0.026081098845787794	0.0	0.0	0.0	0.19298922769219973
GM.5.0.C2H2_ZF.0095	0.8253677351328176	-0.5542828931352893	-0.9307174023463928	0.841249810201497	0.0	0.0	0.0	0.2000070177900979
GM.5.0.Unknown.0113	1.1774915001967996	-0.9091376130544869	-0.43386418838208823	-1.2383207760126138	0.0	0.0	0.0	0.16842696234955615
GM.5.0.Myb_SANT.0012	-0.47385432555012286	-1.8482232426579532	-1.9563174467805462	-0.05632496888538086	0.0	0.0	0.0	0.28071160391592687
GM.5.0.Unknown.0171	-0.12126895473644878	-0.7088095964063077	0.9632363112052941	1.3288580473630203	0.0	0.0	0.0	0.24913154847538507
GM.5.0.Mixed.0104	-2.7191174357480143	-0.5474299876724819	0.1104563595733766	0.8695941870064678	0.0	0.0	0.0	0.1719358573985052
GM.5.0.RFX.0016	-0.7797373981982888	0.863785292444626	0.5130843077257486	1.5520924488346863	0.0	0.0	0.0	0.46668304151022844
GM.5.0.DM.0004	0.038313768153772944	-1.66947318307044	-1.2616245981751724	0.29325662707405076	0.0	0.0	0.0	0.16140917225165796
GM.5.0.Nuclear_receptor.0125	1.3497962949032951	-1.113037914945748	0.27148360553020146	0.08313700376998799	0.0	0.0	0.0	0.15790027720270886
GM.5.0.T-box.0026	-1.170178750254242	0.10832635286634754	-1.199077305100278	1.63604216071631	0.0	0.0	0.0	0.4737008316081266
GM.5.0.C2H2_ZF.0138	1.4601082774435057	0.1669349266677369	-0.4049161988588999	-1.317171696701879	0.0	0.0	0.0	0.15439138215375978
GM.5.0.Unknown.0048	2.198728126084237	0.8705081839319404	1.11955859185424	-1.0647048473913194	0.0	0.0	0.0	0.038597845538439944
GM.5.0.Nuclear_receptor.0042	-0.06679411284029521	0.7102100259845571	-0.4955269348452256	0.8609253769268916	0.0	0.0	0.0	0.27018491876907963
GM.5.0.bHLH.0120	-1.0364839087783608	1.7927401129693379	1.4567069138745719	1.3622767028707945	0.0	0.0	0.0	0.326327239552265
GM.5.0.C2H2_ZF.0281	0.33820240121054135	-1.6196981296344986	-1.2285728538840577	0.891973767350705	0.0	0.0	0.0	0.17544475244745428
GM.5.0.bZIP.0031	0.3082644965512875	-1.6666681829323748	0.5825090575082792	-1.4924723239062738	0.0	0.0	0.0	0.2000070177900979
GM.5.0.C2H2_ZF.0101	-1.0901660122268264	-1.0993017058475918	-0.23853202270608936	0.9068494599047255	0.0	0.0	0.0	0.4140496157759921
GM.5.0.Nuclear_receptor.0087	-0.48199452739925736	-0.7923089850430317	-0.8998012424796109	1.0336446679825748	0.0	0.0	0.0	0.3543983999438577
GM.5.0.Unknown.0128	0.4874872989009927	-1.315385809576603	-2.0089352275724037	-1.6196872945968197	0.0	0.0	0.0	0.27018491876907963
GM.5.0.Unknown.0123	-0.6753434182709344	-0.8058063124190786	-0.7150810425775829	1.3383627139152128	0.0	0.0	0.0	0.2877293940138251
GM.5.0.Nuclear_receptor.0117	-0.10437280358103866	-0.4648389695903942	-1.0388306807286443	0.20103102773152326	0.0	0.0	0.0	0.20702480788799604
GM.5.0.C2H2_ZF.0171	0.5057974845691622	-0.48685859589447394	-0.9003914035157032	1.025441479339926	0.0	0.0	0.0	0.19298922769219973
GM.5.0.Mixed.0078	-0.15023203147726846	0.5686204184641526	1.0901530782070783	1.666844386227108	0.0	0.0	0.0	0.2772027088669778
GM.5.0.C2H2_ZF.0217	-0.5731318704209157	1.4302711083373216	-1.4682819026578522	0.7161623540830458	0.0	0.0	0.0	0.18597143759430157
GM.5.0.Nuclear_receptor.0148	-0.7262832261531906	-1.2736088965323258	-1.04011737629887	-0.6301408522563197	0.0	0.0	0.0	0.0
GM.5.0.Nuclear_receptor.0088	0.14635956258259325	-2.0416796032316378	-2.390575266317952	-0.11278112247518293	0.0	0.0	0.0	0.11930243166426893
GM.5.0.Nuclear_receptor.0064	0.3329698417082001	-0.5532441373400819	-1.104136052037579	0.9002635314242616	0.0	0.0	0.0	0.25614933857328326
GM.5.0.Homeodomain.0159	0.9696259388224163	0.3109280070350553	-2.2504823850143163	-1.366918172427837	0.0	0.0	0.0	0.2526404435243342
GM.5.0.C2H2_ZF.0224	-1.0915110051420878	0.35758603991504306	-0.9074234200747436	-0.30405865481448374	0.0	0.0	0.0	0.23860486332853786
GM.5.0.C2H2_ZF.0038	-0.21357339881017645	-1.821570056001707	-1.860899132765215	0.28588766345340105	0.0	0.0	0.0	0.15439138215375978
GM.5.0.T-box.0007	-1.548037988959899	0.13088581306601316	-0.4160890070914934	0.2596277490817456	0.0	0.0	0.0	0.410540720727043
GM.5.0.C2H2_ZF.0126	0.44962784579039217	-0.9435395147025257	0.30090399266311557	-1.7622750204405433	0.0	0.0	0.0	0.2280781781816906
GM.5.0.bZIP.0060	0.5833655705680277	1.1031274119937167	-0.9418364748623644	-1.0752747056613383	0.0	0.0	0.0	0.1719358573985052
GM.5.0.Nuclear_receptor.0046	0.39654075591808696	0.3126192435924092	1.4057413788053155	1.6884803086383693	0.0	0.0	0.0	0.23158707323063968
GM.5.0.C2H2_ZF.0161	-0.06639264229265285	0.2044805286602874	1.8487724540088402	1.2934258300787973	0.0	0.0	0.0	0.3052738692585705
GM.5.0.Unknown.0040	-0.13166608999430043	0.8089450773279112	-1.7685251638996322	1.3679406432416878	0.0	0.0	0.0	0.37194287518860314
GM.5.0.C2H2_ZF.0129	-0.7868168379823134	-0.1500429600714899	-1.0083413571420925	1.848143470284248	0.0	0.0	0.0	0.3473806098459595
GM.5.0.Nuclear_receptor.0047	-1.0788466301740625	-3.2610078637802755	-0.4879940038081221	0.5892278088678307	0.0	0.0	0.0	0.2175514930348433
GM.5.0.C2H2_ZF.0280	-0.6698394389604728	1.1522795168801316	0.6963975700879232	1.4683597618190973	0.0	0.0	0.0	0.3473806098459595
GM.5.0.Homeodomain_POU.0011	1.2273456287620228	-0.11508319512519108	1.0463073408391408	-1.0932696640527118	0.0	0.0	0.0	0.3158005544054177
GM.5.0.C2H2_ZF.0073	1.304379543273528	0.1054773746823895	-0.06870540575174522	-1.3297355371571098	0.0	0.0	0.0	0.19298922769219973
GM.5.0.Unknown.0049	1.8893696692733324	1.9047032459619484	0.19383764931493944	-0.7049553038752545	0.0	0.0	0.0	0.24211375837748694
GM.5.0.Mixed.0060	-0.8980272998990808	-2.9051991686470866	-1.167757164927371	-3.210980902327237	0.0	0.0	0.0	0.0
GM.5.0.C2H2_ZF.0158	-1.009839178723664	0.2323070421003509	-1.8202083638329052	1.0208934339980624	0.0	0.0	0.0	0.2526404435243342
GM.5.0.Mixed.0009	0.8281871190955161	1.500931984542979	1.2032006666487218	-0.48233769243448876	0.0	0.0	0.0	0.31229165935646863
GM.5.0.Unknown.0054	-0.1002024783548937	0.3643673001803192	0.9441820583126205	2.1673407229894943	0.0	0.0	0.0	0.40703182567809404
GM.5.0.C2H2_ZF.0076	0.41804832191786695	0.3572291638215435	-1.4355229474906273	-0.8773097494286853	0.0	0.0	0.0	0.3052738692585705
GM.5.0.Rel.0021	1.2996907992289812	-1.0541496765950997	-0.48992853821317756	-1.2202434044678163	0.0	0.0	0.0	0.40703182567809404
GM.5.0.C2H2_ZF.0233	-0.5526023398353396	-1.3548318789149871	-1.2984894880138187	-1.6961229309597678	0.0	0.0	0.0	0.20702480788799604
GM.5.0.Nuclear_receptor.0134	-0.7134877563879088	-0.7844316878086889	0.3686868272805965	0.07227167095367541	0.0	0.0	0.0	0.17895364749640338
GM.5.0.Unknown.0059	0.1313720159658387	1.8267084231312651	1.1000487513840538	0.9557719256707938	0.0	0.0	0.0	0.2947471841117232
GM.5.0.Nuclear_receptor.0065	-4.108323317607764	-4.854737597051864	-1.0405107560184674	1.335576943068387	0.0	0.0	0.0	0.3403628197480613
GM.5.0.Pipsqueak.0001	1.977520054722516	1.643601431601378	0.13906328570467114	-0.9194800215224601	0.0	0.0	0.0	0.0
GM.5.0.Unknown.0129	-1.1093146508969167	-1.2346622682635218	-0.7055198521436847	-0.6118637954648618	0.0	0.0	0.0	0.2526404435243342
GM.5.0.Nuclear_receptor.0016	0.12585319018444527	-0.08015345683790143	0.10581281102036409	2.310271616636813	0.0	0.0	0.0	0.24562265342643602
GM.5.0.Grainyhead.0007	-0.6310280634325235	1.1810350965660337	0.7193226513863527	0.20754147247062477	0.0	0.0	0.0	0.28071160391592687
GM.5.0.CUT_Homeodomain.0006	0.1806905463456873	1.1441788384098286	-1.0510537953926453	0.604528601430478	0.0	0.0	0.0	0.2772027088669778
GM.5.0.T-box.0018	-0.41694583196952273	-1.1205763212870434	0.24958708888346656	0.9751203478307825	0.0	0.0	0.0	0.2175514930348433
GM.5.0.C2H2_ZF.0302	0.7194451517409977	-0.49211081248441374	-1.351583056728725	-0.7849723255024346	0.0	0.0	0.0	0.14035580195796343
GM.5.0.C2H2_ZF.0289	0.42948687327915447	-0.058917586099600044	1.2385612991332748	-0.4748731023893682	0.0	0.0	0.0	0.30878276430751955
GM.5.0.C2H2_ZF.0225	-2.2603891027732157	-0.22410971617438571	0.35651017977890853	0.2988739222383343	0.0	0.0	0.0	0.17544475244745428
GM.5.0.Forkhead.0058	-0.08498763206022728	0.11218195110119754	0.2675509247550194	1.0692852684805358	0.0	0.0	0.0	0.3473806098459595
GM.5.0.Nuclear_receptor.0114	0.6501430497669687	0.10451582064158252	0.48161251420578166	1.4629508441124033	0.0	0.0	0.0	0.25965823362223234
GM.5.0.C2H2_ZF.0293	-0.38825069912947285	-0.5903683112017952	0.8745982690049875	0.9552423362349425	0.0	0.0	0.0	0.3158005544054177
GM.5.0.Ets.0029	0.9459716208770067	-0.8030939424903057	-1.2051381554790441	-1.3074179660744425	0.0	0.0	0.0	0.2772027088669778
GM.5.0.bZIP.0062	-0.4490353945364712	1.0081704263320823	0.7454508666619664	0.4777218308480664	0.0	0.0	0.0	0.2000070177900979
GM.5.0.C2H2_ZF.0235	-0.7988739702430175	1.0122528899449936	-1.9187194682651985	0.6575756553120171	0.0	0.0	0.0	0.3298361346012141
GM.5.0.Mixed.0020	1.183996967248302	1.0000757020322568	1.1676757973851597	0.7107464350882264	0.0	0.0	0.0	0.33334502965016316
GM.5.0.Forkhead.0040	-1.790347980686147	-0.08378145297930041	0.5592532579383116	1.1067864254301547	0.0	0.0	0.0	0.3824695603354504
GM.5.0.Rel.0008	-0.2838623481334168	-1.303243368158889	-1.4921684477545327	-0.29854788248113795	0.0	0.0	0.0	0.17895364749640338
GM.5.0.Nuclear_receptor.0111	-0.2040919583766966	-0.26649444058741656	0.778644443397457	1.0729459491811693	0.0	0.0	0.0	0.3228183445033159
GM.5.0.C2H2_ZF.0203	0.5152496570464633	0.9609358530602521	0.08462808018368281	0.3645416109817614	0.0	0.0	0.0	0.38948735043334853
GM.5.0.Unknown.0190	-1.5622355082497648	-0.34371742420852214	-2.578358383491577	0.7414526300193756	0.0	0.0	0.0	0.2947471841117232
GM.5.0.EIN3.0001	-1.2772437008774609	0.7205356519125701	-1.5645201627843996	-0.73178500343646	0.0	0.0	0.0	0.0
GM.5.0.C2H2_ZF.0010	-0.9365186980243156	0.4903878891624272	0.990661858918301	3.063155161373805	0.0	0.0	0.0	0.3543983999438577
GM.5.0.Nuclear_receptor.0085	0.5791246762854191	-0.6562096548986123	-0.7218056888252398	-0.8711002794642918	0.0	0.0	0.0	0.2631671286711814
GM.5.0.C2H2_ZF.0197	-0.4371253123575489	-2.51906073005011	-3.0455285247048067	-1.987763308551388	0.0	0.0	0.0	0.18948033264325065
GM.5.0.Paired_box.0013	-0.49981248276135737	0.11149073732734242	0.3936886765284561	-0.43158863282904286	0.0	0.0	0.0	0.0
GM.5.0.Mixed.0007	-0.3534104694103875	1.0079416158901604	0.8501019115863565	-0.71329832276162	0.0	0.0	0.0	0.0
GM.5.0.bHLH.0075	-2.655295468310364	0.4921786471675809	1.1823500385527217	1.3473545804222753	0.0	0.0	0.0	0.44212077616758483
GM.5.0.Mixed.0047	0.3898897845551775	0.8820622565521544	0.9375472947880589	1.2239495514221854	0.0	0.0	0.0	0.529843152391312
GM.5.0.GCM.0004	0.23932009468075713	1.5315603181814463	0.8941550239584658	1.1782020646952587	0.0	0.0	0.0	0.3473806098459595
GM.5.0.Mixed.0055	0.7725780604148799	-0.0258323224292609	1.125076660454768	-1.0724628446973241	0.0	0.0	0.0	0.19298922769219973
GM.5.0.Nuclear_receptor.0131	-0.49874002181425664	-1.248679079420579	0.5598213906043675	1.3840186564223362	0.0	0.0	0.0	0.35790729499280677
GM.5.0.Nuclear_receptor.0115	0.6826374868832437	-0.763670918599748	0.15591645669760504	-0.8039348682684099	0.0	0.0	0.0	0.23860486332853786
GM.5.0.Unknown.0141	-0.5549765177754105	0.22541757038120028	-0.28709354836239404	0.9156472165074668	0.0	0.0	0.0	0.3052738692585705
GM.5.0.C2H2_ZF.0209	-0.2788640760641326	0.6343222302289608	1.063045196990989	1.5386951725512592	0.0	0.0	0.0	0.31229165935646863
GM.5.0.Ets.0043	-1.62255674846751	0.19354412013505592	1.0132282238122061	-1.8563550509655053	0.0	0.0	0.0	0.16491806730060704
GM.5.0.Nuclear_receptor.0100	-0.5558161931175742	-0.45216144870187813	0.223266659555432	0.759322153624997	0.0	0.0	0.0	0.24913154847538507
GM.5.0.Mixed.0065	0.7996808517304819	-1.255453413260929	-1.634332621238808	-1.3918736835203327	0.0	0.0	0.0	0.22106038808379241
GM.5.0.bHLH.0105	1.6411435791389637	0.959239947404402	1.0337935316162097	1.1259726663483989	0.0	0.0	0.0	0.6456366890066318
GM.5.0.C2H2_ZF.0083	-0.24929792835194378	0.5763415536189197	0.7326973032984745	0.34652675424936025	0.0	0.0	0.0	0.3473806098459595
GM.5.0.STAT.0025	2.2399072553313037	0.8530703884847219	1.0297012432839268	-0.6055962026754078	0.0	0.0	0.0	0.2000070177900979
GM.5.0.C2H2_ZF.0039	0.5567283269452209	1.5668610108036065	0.6585052732213152	0.07154919971142999	0.0	0.0	0.0	0.1473735920558616
GM.5.0.Unknown.0138	-0.609776704625849	1.0270682200345016	0.8372926949873202	1.3291587722541007	0.0	0.0	0.0	0.284220498964876
GM.5.0.C2H2_ZF.0298	0.3995262549382421	-1.3312659766120103	-0.3551520649727865	-1.1115368225039812	0.0	0.0	0.0	0.30878276430751955
GM.5.0.Zinc_cluster.0001	-1.793567907974004	0.2122470575052023	-0.15871387887060953	0.31259390160806755	0.0	0.0	0.0	0.25614933857328326
GM.5.0.C2H2_ZF.0080	0.4085003027319725	-0.8474747457285642	1.2249067319177442	-0.9038989203754355	0.0	0.0	0.0	0.3052738692585705
GM.5.0.Unknown.0105	0.22882724970719992	-0.4139660388783972	-0.2724992818017588	-0.9864507407893051	0.0	0.0	0.0	0.21053370293694515
GM.5.0.Nuclear_receptor.0118	-1.2755978218885808	-1.3758178422060017	-0.04356720807581404	0.8715582441956039	0.0	0.0	0.0	0.2175514930348433
GM.5.0.Unknown.0169	0.552927673387599	1.9768968872939279	2.8902800198066436	0.579667291815221	0.0	0.0	0.0	0.29825607916067226
GM.5.0.C2H2_ZF.0147	0.08112194530886857	-1.624990620658252	-2.616751435321285	-1.880306912259897	0.0	0.0	0.0	0.21404259798589423
GM.5.0.T-box.0012	-0.4473152710816951	-0.6675888767885555	0.6869518112949963	1.7208557200261316	0.0	0.0	0.0	0.3543983999438577
GM.5.0.Prospero.0001	1.2191675416459513	-0.20720390336372	0.9603506442850965	0.8714301865167493	0.0	0.0	0.0	0.410540720727043
GM.5.0.C2H2_ZF.0146	-0.6008701083192153	-0.9429758969491201	0.9366919601297691	0.4958910451426776	0.0	0.0	0.0	0.2245692831327415
GM.5.0.Homeodomain.0153	1.404015954718646	0.9949737124504028	0.9835437107868982	0.5108088976689827	0.0	0.0	0.0	0.3649250850907049
GM.5.0.Nuclear_receptor.0081	-0.2715787616349128	-0.8331252521436735	-0.31060014634266836	1.618797271518109	0.0	0.0	0.0	0.17895364749640338
GM.5.0.Nuclear_receptor.0116	1.0694538989203661	2.133731553954578	1.773638585484509	0.017235415359567567	0.0	0.0	0.0	0.30878276430751955
GM.5.0.Forkhead.0055	0.4280765608446815	0.002020521825149628	-0.8201241709235997	0.06756524850050709	0.0	0.0	0.0	0.40703182567809404
GM.5.0.Ets.0038	0.91503585000866	-0.7697623701601455	0.8080780687022683	-1.102809872330738	0.0	0.0	0.0	0.19298922769219973
GM.5.0.Unknown.0015	0.5070439499041431	-1.931129967482868	-1.4325211507809286	-1.159470139046452	0.0	0.0	0.0	0.2877293940138251
GM.5.0.TEA.0005	2.584531579218072	-0.17617208787244903	-0.825829925261374	-1.1116330923723015	0.0	0.0	0.0	0.31930944945436684
GM.5.0.Paired_box.0018	-1.1734911838567466	-1.525926529509173	0.6125801975381936	0.35212382930231034	0.0	0.0	0.0	0.3052738692585705
GM.5.0.C2H2_ZF.0286	-0.47556510301567945	-1.8872881656031095	-1.9130747086379796	1.83583603495439	0.0	0.0	0.0	0.6877434295940208
GM.5.0.HSF.0008	-0.6797193334204625	-1.9493032662418257	-0.8100427116250266	-1.351950848904611	0.0	0.0	0.0	0.23158707323063968
GM.5.0.STAT.0015	0.6291680598845995	-1.5890030038602874	-1.1931746335610292	-1.2525729957321845	0.0	0.0	0.0	0.23158707323063968
GM.5.0.Nuclear_receptor.0007	-0.02863800007109368	-0.6068140928731186	0.6849076494690752	0.7406057924410745	0.0	0.0	0.0	0.3228183445033159
GM.5.0.C2H2_ZF.0276	0.9111564838475174	3.060139382995348	0.6075181368371877	0.047187190999888565	0.0	0.0	0.0	0.38597845538439945
GM.5.0.Mixed.0103	-0.8891825722468195	1.2485153959007123	1.3647312467549801	0.571185789553388	0.0	0.0	0.0	0.30878276430751955
GM.5.0.C2H2_ZF.0307	-0.8630688734121997	0.6575982761917192	0.09037134973021688	0.22017846556826298	0.0	0.0	0.0	0.24913154847538507
GM.5.0.Forkhead.0042	-0.34555151248896127	0.8875302948801669	-0.777450583358069	1.6954188104981536	0.0	0.0	0.0	0.6421277939576827
GM.5.0.STAT.0016	-0.4152453876170716	-0.5985684331659221	1.4937328214743035	0.3714415149146014	0.0	0.0	0.0	0.3052738692585705
GM.5.0.bZIP.0032	-0.6982248758065817	0.9810487940706581	1.2455219555517292	0.7787191981288257	0.0	0.0	0.0	0.25614933857328326
GM.5.0.Unknown.0062	1.118527201483607	0.2725214033236132	0.8876551598693023	-0.42947717357754694	0.0	0.0	0.0	0.2000070177900979
GM.5.0.GATA.0025	0.13875177332790398	0.08851563079218286	1.179325994504333	0.031502289080487265	0.0	0.0	0.0	0.0
GM.5.0.C2H2_ZF.0123	-1.7018292290696362	-0.11194240836847366	0.4742741495179096	0.779005596161892	0.0	0.0	0.0	0.2772027088669778
GM.5.0.CSD.0001	-1.7922111015561963	0.6815395317583737	-0.3963074492207775	-0.24749684113751352	0.0	0.0	0.0	0.2877293940138251
GM.5.0.C2H2_ZF.0079	-0.39698392888128176	-0.00022020141317716238	0.5802696661697156	-1.2620936088918775	0.0	0.0	0.0	0.0
GM.5.0.SMAD.0007	-1.1686155245123444	-1.2182406786888056	-2.295080821684765	1.2483157775546554	0.0	0.0	0.0	0.6000210533702937
GM.5.0.C2H2_ZF.0256	0.0913112392650825	1.5748247884282784	1.2490338902964484	0.8548327538713598	0.0	0.0	0.0	0.2526404435243342
GM.5.0.Nuclear_receptor.0099	0.6997712213170433	-0.44418277241230397	-0.38593356815198376	1.0700195672513764	0.0	0.0	0.0	0.2736938138180287
GM.5.0.C2H2_ZF.0284	0.44317865711530585	1.7973775618162628	-0.518474278653815	-0.025561033843084262	0.0	0.0	0.0	0.6456366890066318
GM.5.0.Homeodomain.0149	-1.6157477877599344	-0.5512730397172714	-0.36986490509625625	-1.732921924640004	0.0	0.0	0.0	0.28071160391592687
GM.5.0.Sox.0001	1.6321094838757755	1.2656052523964132	0.3995810390651615	-0.8160508354637293	0.0	0.0	0.0	0.0
GM.5.0.Homeodomain.0108	0.3560447598759795	1.3530316495880443	0.8810533541570675	-0.15581190117389904	0.0	0.0	0.0	0.31229165935646863
GM.5.0.C2H2_ZF.0181	1.2303739554565831	-0.5162925245218708	-0.12817650148203563	-0.7860039631106506	0.0	0.0	0.0	0.28071160391592687
GM.5.0.Unknown.0042	-2.2941382793640748	0.00322912382751886	-2.5515541389943537	0.6844870403375656	0.0	0.0	0.0	0.28071160391592687
GM.5.0.bHLH.0109	-0.17021689441660137	1.289512688755419	0.8532969396549267	-0.06086270854739065	0.0	0.0	0.0	0.3052738692585705
GM.5.0.Mixed.0017	0.5620724363090911	-0.695740394681949	0.4159958093879062	-1.0085836496164995	0.0	0.0	0.0	0.3158005544054177
GM.5.0.SAND.0006	0.46034316027428096	0.5194611537993515	-1.550576737621558	-1.7764085968703909	0.0	0.0	0.0	0.2000070177900979
GM.5.0.Unknown.0202	0.13527035270494822	1.827684249473138	1.5671393303490027	0.33441843007571764	0.0	0.0	0.0	0.24562265342643602
GM.5.0.Ets.0032	0.5600957112662949	-1.3632866806833797	-1.363582936524515	-1.6383787087444357	0.0	0.0	0.0	0.19298922769219973
GM.5.0.Paired_box.0020	-1.4798329789176068	-1.0039666528847029	-0.0962758626780039	2.096681895070409	0.0	0.0	0.0	0.4351029860696866
GM.5.0.Forkhead.0024	-0.6126662061484714	0.9347366409790219	-0.14750999417773045	0.5673858263725563	0.0	0.0	0.0	0.3017649742096214
GM.5.0.Runt.0006	-0.04832439685660606	-2.2361668781135826	-4.1760532050122325	-2.0142541223586314	0.0	0.0	0.0	0.28071160391592687
GM.5.0.RFX.0012	-2.697637810503449	-0.061183531724871315	-2.951724708934783	0.45447828485033254	0.0	0.0	0.0	0.2175514930348433
GM.5.0.C2H2_ZF.0132	0.9848209644336315	-0.8284318264526817	-0.5617570636301588	-0.7571267719408985	0.0	0.0	0.0	0.26667602372013055
GM.5.0.Nuclear_receptor.0056	1.2486105843879958	-0.40661991201032743	-0.06350401596500807	0.860493812575969	0.0	0.0	0.0	0.284220498964876
GM.5.0.HSF.0009	1.3632260118183708	1.0535130911415396	0.20891279246654867	1.1639930387960482	0.0	0.0	0.0	0.3824695603354504
GM.5.0.Unknown.0072	-1.5402392579476751	-3.27532997237838	-1.252390965219994	-3.5454744316935	0.0	0.0	0.0	0.0
GM.5.0.C2H2_ZF.0177	-0.18749471158818112	-0.2914117677759906	-2.2359135480895502	-1.0000225709879007	0.0	0.0	0.0	0.47720972665707573
GM.5.0.Nuclear_receptor.0095	0.5386390296793268	-1.8168655208133089	1.1238439848014008	-1.3059933714943202	0.0	0.0	0.0	0.24211375837748694
GM.5.0.Homeodomain.0053	0.094380617333554	0.4463982064162299	1.2582010606627023	0.802665086245084	0.0	0.0	0.0	0.29825607916067226
GM.5.0.Nuclear_receptor.0059	-2.0522485336950136	-1.9250287193378806	-1.6144226735163165	1.072133288079711	0.0	0.0	0.0	0.16842696234955615
GM.5.0.Unknown.0065	0.7621780327048167	-0.6434410636893277	0.8821143781496198	1.0837538207268949	0.0	0.0	0.0	0.5158075721955157
GM.5.0.C2H2_ZF.0216	-0.6873699960322437	1.1087463713990562	1.1118759926676813	0.9152793794699525	0.0	0.0	0.0	0.3754517702375522
GM.5.0.Unknown.0127	-2.4356342876815114	-0.25951480620991485	-0.897473799809409	-0.03709609178920868	0.0	0.0	0.0	0.25965823362223234
GM.5.0.bZIP.0084	0.30950638476276093	-0.37719033822989767	-1.3058957062263439	-0.32293509282246674	0.0	0.0	0.0	0.2526404435243342
GM.5.0.Mixed.0005	-1.132870295972057	-2.784757538317676	-0.614626842404454	-1.8915880750990295	0.0	0.0	0.0	0.326327239552265
GM.5.0.C2H2_ZF.0154	-0.2217137384939115	0.8156295249839189	0.33640460951284745	-1.4661026090606795	0.0	0.0	0.0	0.20351591283904702
GM.5.0.C2H2_ZF.0236	-1.6834857916931485	-1.54270821792172	0.239905866979978	1.018215060463303	0.0	0.0	0.0	0.4000140355801958
GM.5.0.C2H2_ZF.0178	-0.32646187631885726	0.58506904858166	-0.2395412937533495	1.2607874254585874	0.0	0.0	0.0	0.3158005544054177
GM.5.0.Forkhead.0057	0.4557962496783321	-0.1512918418695659	-0.16999139380728184	0.20813921497703208	0.0	0.0	0.0	0.368433980139654
GM.5.0.bHLH.0078	0.3690757039122729	0.7726465906453125	0.5143479060030163	-0.7273377803476488	0.0	0.0	0.0	0.25965823362223234
GM.5.0.Forkhead.0041	-1.4095224148966359	0.28416507428823207	-1.5739254331487997	0.46949814492552566	0.0	0.0	0.0	0.28071160391592687
GM.5.0.bZIP.0075	-2.9663944966501097	1.0378108986887782	1.2527537143954066	2.085889290093617	0.0	0.0	0.0	0.39650514053124675
GM.5.0.Mixed.0109	1.2667188774996794	-1.4601180631705855	-1.7207483473717575	-1.8226284620356656	0.0	0.0	0.0	0.2280781781816906
GM.5.0.C2H2_ZF.0283	1.1095287348989622	-0.4856128898906919	-0.4421372820081036	1.5785722578821928	0.0	0.0	0.0	0.2736938138180287
GM.5.0.C2H2_ZF.0092	-0.03428854576319274	2.0487242616977586	-0.5439177125582677	0.20583302655849317	0.0	0.0	0.0	0.37194287518860314
GM.5.0.C2H2_ZF.0219	-1.1646315628057264	0.30189103513794935	0.8628772424582307	1.9325932738611733	0.0	0.0	0.0	0.31229165935646863
GM.5.0.Mixed.0042	1.2228823086873686	0.31838885014071283	-0.4276858145801779	1.257172114907392	0.0	0.0	0.0	0.3649250850907049
GM.5.0.Mixed.0035	-1.2432320171937474	-1.143744532859687	-1.5207332096460107	-1.671396597417474	0.0	0.0	0.0	0.0
GM.5.0.C2H2_ZF.0107	1.0272746402817887	-1.4823737586623873	-1.960558557777046	-1.4562098161313153	0.0	0.0	0.0	0.19649812274114883
GM.5.0.Nuclear_receptor.0102	0.5216594632314681	0.32044221409928453	-1.0657289722619296	-0.1408648505802984	0.0	0.0	0.0	0.36141619004175585
GM.5.0.GATA.0018	0.8589782244186324	0.8836900816133229	1.112538205438227	0.6326922497705771	0.0	0.0	0.0	0.33334502965016316
GM.5.0.bZIP.0069	-3.106733478250616	-0.35673969012829093	-1.1300490324504964	0.7362680804238656	0.0	0.0	0.0	0.3298361346012141
GM.5.0.Homeodomain_POU.0018	0.22191985085970187	-0.6493520764755066	-0.6005506401989023	-0.9637715133708269	0.0	0.0	0.0	0.23158707323063968
GM.5.0.Mixed.0022	2.3555287727602283	1.1563203892920262	-0.90038363831335	-1.479054765428592	0.0	0.0	0.0	0.3789606652865013
GM.5.0.RFX.0007	0.19949908813066983	-1.1890732394760717	0.1686106764252226	-1.131643737638354	0.0	0.0	0.0	0.17895364749640338
GM.5.0.bHLH.0088	0.11843415346387663	-0.6517657853926628	-2.587015637542331	-2.0738365588152505	0.0	0.0	0.0	0.25965823362223234
GM.5.0.bZIP.0082	-0.1355389404196716	-0.4653164389003066	2.0641858016969308	0.8031056691536294	0.0	0.0	0.0	0.2631671286711814
GM.5.0.Mixed.0105	-0.3883744118135968	0.7379365768869334	1.1891473170504332	0.8108182091161958	0.0	0.0	0.0	0.35088950489490855
GM.5.0.Nuclear_receptor.0050	-0.5452003787208397	-3.4524049646346873	-2.6577908931245204	-0.28880344123618223	0.0	0.0	0.0	0.23509596827958876
GM.5.0.Grainyhead.0006	-1.4361564254336514	0.802292273722779	0.4684040307174863	0.05843588838981274	0.0	0.0	0.0	0.3403628197480613
GM.5.0.C2H2_ZF.0106	-3.283686069259965	-3.2768957554762466	-1.1796389666612324	1.5894572350724483	0.0	0.0	0.0	0.7158145899856135
GM.5.0.bZIP.0061	0.17630167877402947	-0.8843872762789601	1.2104293261125414	-0.25131015126102024	0.0	0.0	0.0	0.368433980139654
GM.5.0.Unknown.0193	-1.5424047622298132	-1.5987544050044122	-1.5597429024003258	0.9742809995324636	0.0	0.0	0.0	0.16842696234955615
GM.5.0.STAT.0008	0.3886573525942552	1.203150537004702	1.2628464178545618	-0.032024472206276085	0.0	0.0	0.0	0.31930944945436684
GM.5.0.Mixed.0006	1.091426517227287	0.6262735536221616	-0.19562439654674263	-0.7992662553397344	0.0	0.0	0.0	0.18597143759430157
GM.5.0.CxxC.0001	1.565101023199898	0.9813833204553637	-0.2763257722730897	0.059338935923667756	0.0	0.0	0.0	0.3438717147970104
GM.5.0.Homeodomain.0146	-0.2435508734383495	-0.9869527762693607	-1.0120499159068383	-1.5727545882661973	0.0	0.0	0.0	0.0
GM.5.0.C2H2_ZF.0239	0.7212280676389479	-0.3592407707500649	0.14653005476518138	-1.1271580566443824	0.0	0.0	0.0	0.2280781781816906
GM.5.0.Unknown.0185	0.23947630573429388	1.1304332338753282	1.2927446322478722	0.27397540247071367	0.0	0.0	0.0	0.29123828906277416
GM.5.0.C2H2_ZF.0255	-1.6351578977011805	-1.840350700356266	-0.4906619029036235	1.021936224803885	0.0	0.0	0.0	0.4245763009228394
GM.5.0.SMAD.0018	1.2033476014980138	0.3732033729821569	-1.4361571201443435	-1.3493912018088612	0.0	0.0	0.0	0.35088950489490855
GM.5.0.C2H2_ZF.0192	-1.0277302510705244	-0.6411070709185674	0.25146242065686947	0.59107343281723	0.0	0.0	0.0	0.2280781781816906
GM.5.0.Homeodomain.0184	1.287701239858576	0.12090664490262852	-1.8747488302875974	-3.200666143069366	0.0	0.0	0.0	0.0
GM.5.0.Homeodomain.0194	-1.4381317367661004	0.55693255904164	-1.483293282887042	-1.2002105107156853	0.0	0.0	0.0	0.23509596827958876
GM.5.0.Nuclear_receptor.0082	-1.9623206079878504	-0.34462317427822914	0.8069634899916631	1.6052280512563932	0.0	0.0	0.0	0.16842696234955615
GM.5.0.Mixed.0050	-0.021739066968845765	-0.6937527737386228	-3.1676924287574026	-1.040653927133904	0.0	0.0	0.0	0.3789606652865013
GM.5.0.Grainyhead.0008	0.16812140253907665	1.9628508688501651	0.9102227570080043	0.8828929723621496	0.0	0.0	0.0	0.29123828906277416
GM.5.0.Unknown.0047	1.3682008189596537	0.32350380322622135	-0.7043845271549173	-1.0941043802483224	0.0	0.0	0.0	0.18246254254535246
GM.5.0.C2H2_ZF.0012	0.7703618631674422	1.5226990761045098	1.6453738459488954	0.7343704677604578	0.0	0.0	0.0	0.568440997929752
GM.5.0.Mixed.0031	0.6284468197574652	-2.1639884087582213	-2.268878668253161	-1.9918388679876404	0.0	0.0	0.0	0.20351591283904702
GM.5.0.Paired_box.0017	0.09123502227947092	-2.0398026424353426	0.22232269896871543	-1.5221556705049057	0.0	0.0	0.0	0.25965823362223234
GM.5.0.GATA.0022	-1.4654498395143465	0.28724835241713764	1.2906157690981828	0.43834754829024	0.0	0.0	0.0	0.3158005544054177
GM.5.0.Nuclear_receptor.0069	0.4762225190161281	-1.7089417944459986	-1.9753988570202197	-0.9056996623276531	0.0	0.0	0.0	0.35088950489490855
GM.5.0.C2H2_ZF.0114	1.0094897929662885	1.348539501459203	0.06069179606993799	-0.03385239579781748	0.0	0.0	0.0	0.29123828906277416
GM.5.0.C2H2_ZF.0151	1.8922208957849764	1.8239153934804146	0.9908789405045841	-0.38120431276982625	0.0	0.0	0.0	0.33334502965016316
GM.5.0.Unknown.0017	-0.4095682403992483	0.9837723816036332	1.3627100855779797	2.0401121104564526	0.0	0.0	0.0	0.4737008316081266
GM.5.0.Grainyhead.0001	-1.0272465845930747	1.3959329138749874	0.25350176039934164	1.02179864702656	0.0	0.0	0.0	0.46317414646127936
GM.5.0.C2H2_ZF.0087	-0.22201632265867366	-1.2810497324265964	-1.2944387049196535	-1.7110328476888477	0.0	0.0	0.0	0.0
GM.5.0.Unknown.0044	1.1976533694653109	1.0296646504399682	-0.8244033597493162	-0.9101628558210878	0.0	0.0	0.0	0.368433980139654
GM.5.0.TEA.0006	0.6823412077515628	-0.7769855610341766	0.6950941330060499	-0.7323769942560412	0.0	0.0	0.0	0.2772027088669778
GM.5.0.Homeodomain.0044	-0.2667970149593749	0.7406312227992388	0.3773999637081574	1.0641788080279617	0.0	0.0	0.0	0.326327239552265
GM.5.0.ARID_BRIGHT.0003	-0.2537877901724196	-0.9728071620172447	-0.8097393572625777	-1.4552320617278829	0.0	0.0	0.0	0.0
GM.5.0.Homeodomain.0165	1.1181366962670622	0.2294654653519231	1.0436637926561712	-0.8474941447014686	0.0	0.0	0.0	0.2772027088669778
GM.5.0.Rel.0007	-0.8733828748509364	-0.34146819837007303	1.1403771773524836	-0.5922179822973423	0.0	0.0	0.0	0.326327239552265
GM.5.0.T-box.0014	0.8974580298411577	2.0928219409786197	1.8336404890845879	1.5054867944248993	0.0	0.0	0.0	0.7158145899856135
GM.5.0.T-box.0025	0.0492960188396829	-0.3016872274828634	0.6405223233145554	0.9583414742173832	0.0	0.0	0.0	0.5614232078318537
GM.5.0.p53.0009	-1.8728466839789837	-0.6196249857019951	0.8384258541025221	1.977903439211577	0.0	0.0	0.0	0.28071160391592687
GM.5.0.C2H2_ZF.0257	-2.613340111345917	0.4188594955067944	-0.3059994877129742	1.0347863001110513	0.0	0.0	0.0	0.284220498964876
GM.5.0.GATA.0016	-0.7338937232194483	0.9550493796032375	-0.13262476624826847	0.43092939125823515	0.0	0.0	0.0	0.4245763009228394
GM.5.0.Homeodomain.0195	-0.2907672756777473	-1.9034078781599064	0.12695076523544635	-1.8011967785647933	0.0	0.0	0.0	0.22106038808379241
GM.5.0.Homeodomain.0189	-1.953776578548604	-2.0899635903126454	0.10628405181057567	0.6704768936343506	0.0	0.0	0.0	0.47720972665707573
GM.5.0.Unknown.0066	-1.0386435983453175	-0.36742163751286877	0.090031959541535	1.2642858844582674	0.0	0.0	0.0	0.3438717147970104
GM.5.0.T-box.0010	-0.8167542532819795	-0.8249939103300088	0.6114144296811881	1.0934441277602047	0.0	0.0	0.0	0.3017649742096214
GM.5.0.CUT_Homeodomain.0010	0.3829708495397269	0.6664834791482321	-1.0777150564236146	-0.17552659231890388	0.0	0.0	0.0	0.3403628197480613
GM.5.0.TEA.0002	-1.2109483632860878	-1.4119654604008633	-0.00960133317898814	0.8008761068122685	0.0	0.0	0.0	0.29825607916067226
GM.5.0.bHLH.0084	-0.3539230976721197	0.12715665192180478	0.05892914709750098	0.8549152587343005	0.0	0.0	0.0	0.45264746131443206
GM.5.0.Nuclear_receptor.0080	0.09851318482812878	-1.844714180393766	-1.4571713780777864	0.7503675698127539	0.0	0.0	0.0	0.29825607916067226
GM.5.0.Myb_SANT.0007	0.7261231533252677	-0.40936263627115543	-1.1097936710130496	-1.304585141055998	0.0	0.0	0.0	0.2772027088669778
GM.5.0.Unknown.0005	1.0775676141890824	1.0448463563765935	-0.3036188016503703	-0.17370925193768552	0.0	0.0	0.0	0.40703182567809404
GM.5.0.Nuclear_receptor.0063	0.4582135331910903	-0.23692805646303955	-0.4967308511268089	-0.5322029167827556	0.0	0.0	0.0	0.17544475244745428
GM.5.0.Homeodomain.0199	0.7810545803670202	-1.1169229213013716	-0.4234950115834716	-1.140671803256079	0.0	0.0	0.0	0.24562265342643602
GM.5.0.Sox.0022	0.5948160256764978	-0.7159751928543434	-0.4983315590095564	0.7565047866876204	0.0	0.0	0.0	1.4456647601670234
GM.5.0.Homeodomain.0132	0.4439993546059533	-1.4790727270309219	0.013086683298853138	0.4176211594856649	0.0	0.0	0.0	0.284220498964876
GM.5.0.C2H2_ZF.0202	-1.880435206036731	-2.318689462413369	-0.22101632180387523	0.5377723954999504	0.0	0.0	0.0	0.19298922769219973
GM.5.0.bZIP.0094	1.431841466306273	-0.1208765431619548	0.2316979812063695	0.8020780982247552	0.0	0.0	0.0	0.3158005544054177
GM.5.0.bZIP.0070	-0.7454071130764629	1.7768480026998963	2.1106808811914597	-1.0122709523376938	0.0	0.0	0.0	0.2631671286711814
GM.5.0.C2H2_ZF.0278	-0.04795508654971097	-1.6096070543232606	-1.677111718453583	0.32372020918537187	0.0	0.0	0.0	0.284220498964876
GM.5.0.Unknown.0018	-0.023408941059618892	1.416285547820696	1.4835748952949273	-0.8375571731916526	0.0	0.0	0.0	0.2245692831327415
GM.5.0.STAT.0013	0.13767332930494405	-2.3424142266050936	0.4541464723766921	-1.3851744555179581	0.0	0.0	0.0	0.21053370293694515
GM.5.0.SMAD.0009	-2.398925618030887	0.8775225282735328	0.7298615777068612	0.8931061180204579	0.0	0.0	0.0	0.284220498964876
GM.5.0.bHLH.0086	-1.1823976046431246	-1.0259507320013785	-0.862209420176584	-0.16980863532270668	0.0	0.0	0.0	0.0
GM.5.0.C2H2_ZF.0149	1.349022595250858	0.5121454304603247	0.9329832162935731	0.03733307879277496	0.0	0.0	0.0	0.0
GM.5.0.RFX.0014	-1.1420687505546103	-0.37535191229411846	-0.21407133119982008	0.4813338680876361	0.0	0.0	0.0	0.3228183445033159
GM.5.0.Paired_box.0010	0.2930181659648256	1.614039122035118	2.1548192156384824	1.2741035377228713	0.0	0.0	0.0	0.31229165935646863
GM.5.0.THAP_finger.0006	-0.30190632623016894	-1.0295015865830404	-0.01853977675440355	0.24323779744126653	0.0	0.0	0.0	0.45264746131443206
GM.5.0.ARID_BRIGHT.0005	1.7715401133855195	1.2528047911369635	0.8128726929548231	-0.860026759047477	0.0	0.0	0.0	0.0
GM.5.0.Unknown.0077	-0.07568725948931286	0.5924657926672539	-0.7227066024763209	0.9843360679398674	0.0	0.0	0.0	0.8772237622372715
GM.5.0.bHLH.0061	-0.5821974989712501	1.2111002902571117	1.6895699764557826	2.5778558646339853	0.0	0.0	0.0	0.449138566265483
GM.5.0.C2H2_ZF.0249	0.5015606379220996	0.38757032397751934	0.9500286347583738	-0.38149386439675065	0.0	0.0	0.0	0.3158005544054177
GM.5.0.bZIP.0076	0.031506691153675825	-0.35606777040671633	1.3625934013432581	0.7749633895600354	0.0	0.0	0.0	0.25614933857328326
GM.5.0.C2H2_ZF.0157	-1.2007198550793934	-1.2296013485078134	0.31237721121238304	0.1300269171110552	0.0	0.0	0.0	0.3438717147970104
GM.5.0.C2H2_ZF.0069	-2.1811955080900676	0.7714698373045273	-1.7200343330468937	1.6158656911046279	0.0	0.0	0.0	0.5368609424892101
GM.5.0.MADS_box.0016	-0.028802317080779818	1.7317806584587012	0.06878231790530655	0.6271928417607351	0.0	0.0	0.0	0.2947471841117232
GM.5.0.C2H2_ZF.0240	-1.5774647296054034	0.45870868200123427	0.7273505287023562	0.7797750387624095	0.0	0.0	0.0	0.2280781781816906
GM.5.0.SMAD.0015	-1.230350917689645	0.9489351481937488	1.4507455355505352	0.7315836413836918	0.0	0.0	0.0	0.31930944945436684
GM.5.0.Sox.0017	1.4060170745326614	-0.35888355700213287	-0.3089019342696766	0.169356357587583	0.0	0.0	0.0	0.7228323800835117
GM.5.0.bZIP.0079	-0.9223969678743569	-1.150763036741454	0.49369354269075905	2.0252327919290742	0.0	0.0	0.0	0.3052738692585705
GM.5.0.Nuclear_receptor.0090	1.249984857146328	-0.13311725864394555	-1.553737840214708	-2.993301877114632	0.0	0.0	0.0	0.0
GM.5.0.C2H2_ZF.0226	1.0981892662948785	-1.408316958020141	-1.4255358573420596	-0.7929388092240822	0.0	0.0	0.0	0.368433980139654
GM.5.0.GATA.0028	0.0924445672687355	1.0531209521882914	0.31656306027630765	0.6669199335156673	0.0	0.0	0.0	0.31930944945436684
GM.5.0.Ets.0018	0.47078148043883916	-1.4313560889095363	0.18691533450936643	-1.9508291244440437	0.0	0.0	0.0	0.0
GM.5.0.Unknown.0103	1.609747838179993	1.2609561492135932	1.4164526413866925	1.7881325173370584	0.0	0.0	0.0	0.4175585108249412
GM.5.0.Forkhead.0048	-1.5767930073310896	-0.013066297613782297	0.6762911241895743	1.6461221219989084	0.0	0.0	0.0	0.410540720727043
GM.5.0.Unknown.0074	-1.1616967397778015	1.107175054586262	0.4735212647758251	0.18229595931569725	0.0	0.0	0.0	0.25614933857328326
GM.5.0.HSF.0003	0.7769837336561065	-1.4754423700274086	-1.7905581683496437	-1.5079670513231818	0.0	0.0	0.0	0.31229165935646863
GM.5.0.Unknown.0034	-1.3004373609636655	-3.5175358688790896	-0.7568770900451391	-0.16796902974207648	0.0	0.0	0.0	0.2175514930348433
GM.5.0.Homeodomain.0118	-2.5159436446198127	-1.939213102504197	-0.7308750334830286	-0.03290716474017883	0.0	0.0	0.0	0.0
GM.5.0.bHLH.0129	0.16883583943414934	-0.5895302765777863	-1.0150213931069687	-0.9923792847306999	0.0	0.0	0.0	0.25965823362223234
GM.5.0.Rel.0005	0.09755155521705626	-0.9139218941311813	-0.7376600166657817	1.3476706788183075	0.0	0.0	0.0	0.43159409102073754
GM.5.0.T-box.0022	1.9000770605320934	-0.5728502433269403	-0.24311401930537202	-0.9655948292434674	0.0	0.0	0.0	0.23860486332853786
GM.5.0.T-box.0023	-1.7094017851574086	-0.9580239969166418	0.010487870161901709	0.9356617655600549	0.0	0.0	0.0	0.529843152391312
GM.5.0.Unknown.0098	-0.18073581550755274	0.4891140384072346	0.511274983660837	0.17161877702079267	0.0	0.0	0.0	0.18948033264325065
GM.5.0.Homeodomain_POU.0004	0.5576134001067338	-0.10564895000639149	-1.9049887097350284	-0.32449944203904946	0.0	0.0	0.0	0.4210674058738903
GM.5.0.Mixed.0057	0.801287276780205	-0.7101207165813476	0.4125946888246766	0.030952422946685102	0.0	0.0	0.0	0.40703182567809404
GM.5.0.bZIP.0091	-1.7325692490147504	0.33092104982979714	0.0031697215920573414	1.2317721729802544	0.0	0.0	0.0	0.49826309695077015
GM.5.0.C2H2_ZF.0238	-1.1910785910481116	0.9438233877168236	-1.0268954137587611	0.6060201874541986	0.0	0.0	0.0	0.29123828906277416
GM.5.0.bZIP.0102	-0.6722935330396419	-0.5859396933802989	0.7295279212128196	1.4675984389322607	0.0	0.0	0.0	0.4210674058738903
GM.5.0.HSF.0006	-0.7359980783074199	0.7837473102783077	-1.3150670288240747	0.4176977044405569	0.0	0.0	0.0	0.31229165935646863
GM.5.0.Paired_box.0011	0.844640951017748	-1.0177243501803501	-1.123224050175918	-0.8025034416370386	0.0	0.0	0.0	0.24913154847538507
GM.5.0.C2H2_ZF.0075	-2.7602751553936566	-2.808924240778505	-2.901817847875698	-0.04075742697213865	0.0	0.0	0.0	0.0
GM.5.0.C2H2_ZF.0251	0.18782488250743498	1.6381733811704384	1.6507601436273167	0.7642030945111541	0.0	0.0	0.0	0.26667602372013055
GM.5.0.Sox.0024	-0.8823852226400651	-0.3743117148281874	0.8854024777198002	0.6552552469992797	0.0	0.0	0.0	0.31229165935646863
GM.5.0.Paired_box.0001	0.10974492706636674	0.8503766307207912	-0.060326851711845916	-0.9184577259660416	0.0	0.0	0.0	0.3368539246991123
GM.5.0.C2H2_ZF.0282	0.44685370533629065	-0.6272350697245719	0.29203050685595733	-1.402151574944485	0.0	0.0	0.0	0.23158707323063968
GM.5.0.C2H2_ZF_Homeodomain.0003	2.435271073575045	0.7193441551885433	0.7579304329674612	-2.7963344775613512	0.0	0.0	0.0	0.0
GM.5.0.Nuclear_receptor.0112	-2.278703510137926	-2.383656957184173	-2.4711764107384644	1.459754765225284	0.0	0.0	0.0	0.25614933857328326
GM.5.0.C2H2_ZF.0056	-0.5910867162127097	2.177205875730789	2.571219002708629	1.5121453830038112	0.0	0.0	0.0	0.6000210533702937
GM.5.0.MADS_box.0011	-0.9085738882409152	-0.8523443629451017	2.2691842975627567	1.8816248958831054	0.0	0.0	0.0	0.5473876276360574
GM.5.0.AT_hook.0002	0.7649801029023803	-0.5885314003292782	-1.9957575608726352	-1.2780793609682182	0.0	0.0	0.0	0.38597845538439945
GM.5.0.Nuclear_receptor.0145	-1.3756740659288633	0.21061161288855165	-0.1116223261499178	-0.9767019232601127	0.0	0.0	0.0	0.2947471841117232
GM.5.0.bHLH.0054	-1.0159932602831967	0.4119838392184444	0.028263163190764252	0.1819914430267732	0.0	0.0	0.0	0.3789606652865013
GM.5.0.C2H2_ZF.0277	1.409821665738258	0.18891574770902136	0.61417523722692	-0.3938788291168406	0.0	0.0	0.0	0.2772027088669778
GM.5.0.Nuclear_receptor.0133	0.13279426720136786	-0.057820157575878425	0.9922934009971799	1.6658659011774057	0.0	0.0	0.0	0.40703182567809404
GM.5.0.Unknown.0106	-0.4880715143551234	-0.42215204893515634	-0.42570340147541985	-0.7210460562912804	0.0	0.0	0.0	0.45264746131443206
GM.5.0.Homeodomain.0185	1.865164692625411	0.20586332388860973	-0.0051965140166884485	-0.5260153896735241	0.0	0.0	0.0	0.2772027088669778
GM.5.0.bZIP.0021	1.1892688591736353	0.0514573073097963	1.7403058981638977	-0.2772247579444771	0.0	0.0	0.0	0.29123828906277416
GM.5.0.C2H2_ZF.0310	0.5061258563049533	-0.657206057996807	0.6988176676672324	-0.7748176801299206	0.0	0.0	0.0	0.3789606652865013
GM.5.0.THAP_finger.0005	0.8127041844906049	0.3744941697931451	-1.6855965400686388	-1.052289520048972	0.0	0.0	0.0	0.3403628197480613
GM.5.0.Unknown.0019	0.2557317204853449	0.08802797387096242	-0.6749343202374859	0.6556327380801796	0.0	0.0	0.0	0.9263482929225587
GM.5.0.GATA.0006	-1.5979242025283713	0.8570382929242838	0.5909642632112824	1.2479923402364437	0.0	0.0	0.0	0.4245763009228394
GM.5.0.Homeodomain.0161	-0.00526560864235062	-0.12577727973874117	0.17929534314985196	-1.0531655810393183	0.0	0.0	0.0	0.37194287518860314
GM.5.0.Unknown.0001	-3.582004786865616	-0.13734781194782095	-0.72907755352808	2.1646185192571017	0.0	0.0	0.0	0.43861188111863575
GM.5.0.C2H2_ZF_Homeodomain.0002	-0.6476033864093024	-0.10786602447907842	-0.04877527728812257	2.411073674359128	0.0	0.0	0.0	0.0
GM.5.0.GATA.0015	-1.8614156601515899	0.13020452062745586	0.9550930516846561	1.2891746839802503	0.0	0.0	0.0	0.3368539246991123
GM.5.0.MADS_box.0008	-0.5878015107668327	0.841592898941119	0.9476266522508932	-0.961264013676024	0.0	0.0	0.0	0.3298361346012141
GM.5.0.C2H2_ZF.0196	0.2920996930187432	1.9025339370425143	1.3668903831840487	0.7848476566581192	0.0	0.0	0.0	0.35088950489490855
GM.5.0.bZIP.0086	0.18644945311162814	-0.7192338931054579	0.6346533723253934	-0.6842825422839452	0.0	0.0	0.0	0.2631671286711814
GM.5.0.C2H2_ZF.0115	-0.21049619317297016	-1.0760619712649282	0.5840970179890155	1.368837353704347	0.0	0.0	0.0	0.65265447910453
GM.5.0.Nuclear_receptor.0147	-0.824626714868796	-0.9807223110832071	0.9339712479896207	-0.4481947125587918	0.0	0.0	0.0	0.23158707323063968
GM.5.0.Unknown.0075	0.03921565836592537	1.6381371186937026	1.09637857365871	-0.18624446558343494	0.0	0.0	0.0	0.33334502965016316
GM.5.0.C2H2_ZF.0253	0.3402323148480288	0.6998368494518289	-0.9182525913331152	-0.9487443906382234	0.0	0.0	0.0	0.21053370293694515
GM.5.0.C2H2_ZF.0176	0.9080164400630835	-0.09865317655245072	1.4007726646604366	-0.0457522669146291	0.0	0.0	0.0	0.35088950489490855
GM.5.0.p53.0002	0.7917870647491614	1.1354193559702457	2.8686074431812614	1.1341293727661446	0.0	0.0	0.0	0.38597845538439945
GM.5.0.DM.0007	-0.2557221861391117	-0.3552406014812532	1.6217132134283734	1.4665602579396717	0.0	0.0	0.0	0.3754517702375522
GM.5.0.Homeodomain.0125	-0.24292236940477613	0.43800774240893675	0.9237157833054773	-0.2860998911056467	0.0	0.0	0.0	0.33334502965016316
GM.5.0.bZIP.0099	0.6006230178565597	0.28105675118612355	-0.2413476888499388	-0.7441162531480049	0.0	0.0	0.0	0.2000070177900979
GM.5.0.C2H2_ZF.0124	-0.12218174033522856	-1.4237388742634234	-2.0071026040852376	-0.7245984889861469	0.0	0.0	0.0	0.3438717147970104
GM.5.0.Homeodomain.0148	1.00321304620203	-0.08989957830018704	-1.3445095630962214	-2.3313390585333753	0.0	0.0	0.0	0.0
GM.5.0.Sox.0035	-1.488216453053536	-1.082770155245169	1.3423875513853827	-1.4120978545333824	0.0	0.0	0.0	0.28071160391592687
GM.5.0.Myb_SANT.0002	2.2994021307404293	-0.7052232043455463	-0.9551939653022673	-1.147817303772058	0.0	0.0	0.0	0.4035229306291449
GM.5.0.Rel.0013	0.74583034359215	-1.1233093806885401	-0.9309626327669539	-0.060242931628279074	0.0	0.0	0.0	0.3543983999438577
GM.5.0.Mixed.0008	-0.5270436518997285	-0.5345232067443467	-0.4667977528949053	0.4497922918664852	0.0	0.0	0.0	0.44212077616758483
GM.5.0.bHLH.0059	-2.0142923489242492	-1.6247099028931744	0.005346353923856765	0.5570301961839259	0.0	0.0	0.0	0.2245692831327415
GM.5.0.GCM.0001	-0.15223962530691248	-1.974350689381946	-2.437056213613974	-1.0486415079731766	0.0	0.0	0.0	0.27018491876907963
GM.5.0.Homeodomain.0172	-1.0633516013065745	-0.6085781261658451	0.6165614574591356	1.9272870335503738	0.0	0.0	0.0	0.3649250850907049
GM.5.0.Ets.0028	-1.6905830960048305	1.7220720839162729	1.598446191926354	-0.030603030108114798	0.0	0.0	0.0	0.29825607916067226
GM.5.0.Ets.0046	2.5076587420561824	0.04345368465580496	-2.2818428698749273	-2.988375638540595	0.0	0.0	0.0	0.0
GM.5.0.Homeodomain.0135	0.6033472248333865	-0.5600152267858547	0.7212251852116561	-0.7840613649842479	0.0	0.0	0.0	0.3298361346012141
GM.5.0.Homeodomain.0192	-0.5290607077378174	-2.2471523598718792	-0.1706214585100614	-0.5664142468163698	0.0	0.0	0.0	0.4140496157759921
GM.5.0.Unknown.0126	0.8183064070858448	1.4571137038019208	1.6746308746995402	-0.15468194988325182	0.0	0.0	0.0	0.3403628197480613
GM.5.0.C2H2_ZF.0185	2.415643577333274	1.3240585925899147	0.47532334138779225	-0.9237279479126388	0.0	0.0	0.0	0.24562265342643602
GM.5.0.C2H2_ZF.0301	0.6775700448301368	0.7514402060493353	-0.4048596517824341	1.182589891487822	0.0	0.0	0.0	0.326327239552265
GM.5.0.Nuclear_receptor.0109	1.153184245318789	-0.14424152832311282	1.1381946622442267	-0.4623464779915662	0.0	0.0	0.0	0.2947471841117232
GM.5.0.Unknown.0070	0.6678307724383555	-0.5923932275028269	0.6214938528390009	-0.832961968652312	0.0	0.0	0.0	0.20702480788799604
GM.5.0.C2H2_ZF.0248	0.8989991527334432	-1.0718571863098123	-3.289535258956952	-4.541418965502418	0.0	0.0	0.0	0.0
GM.5.0.Forkhead.0027	0.3214886375434554	0.9611495329805014	-1.4843789679138037	-1.18674574826301	0.0	0.0	0.0	0.3228183445033159
GM.5.0.GATA.0021	-0.49407059424902006	-1.045535410305128	1.1192734436156204	-0.3279021266851502	0.0	0.0	0.0	0.33334502965016316
GM.5.0.Mixed.0074	0.6432453265866539	0.032233812206015	-0.6934173620019621	-0.5658773525307337	0.0	0.0	0.0	0.2772027088669778
GM.5.0.Homeodomain.0098	-0.7365795664685951	-0.31446948677073333	0.13714814605787565	-0.9653264608595558	0.0	0.0	0.0	0.5544054177339556
GM.5.0.Mixed.0100	-1.124082824676033	-2.0588383919776745	-0.2656270852441301	0.9119154745915781	0.0	0.0	0.0	0.2736938138180287
GM.5.0.bZIP.0083	-1.122432227878904	0.5742562032074097	-0.6836711234902156	1.7888115226520518	0.0	0.0	0.0	0.8842415523351697
GM.5.0.IRF.0012	1.5045140575920724	-0.928685052372959	-1.6487512333616563	-2.1284550820875263	0.0	0.0	0.0	0.2175514930348433
GM.5.0.Mixed.0062	-0.6189387244015445	-1.642395332164944	0.18597101293712942	-0.5614459107591905	0.0	0.0	0.0	0.31930944945436684
GM.5.0.Myb_SANT.0017	-0.4854020927984928	-2.8430904842408964	-2.0555034197117528	-1.9964279395829516	0.0	0.0	0.0	0.3403628197480613
GM.5.0.Mixed.0061	1.2663029113873836	1.746863235267106	-0.21009161876254956	0.021441405633020858	0.0	0.0	0.0	0.23860486332853786
GM.5.0.Nuclear_receptor.0079	0.6070074077698808	0.5055299421523508	-0.6064908551251399	-0.7669744133490229	0.0	0.0	0.0	0.3228183445033159
GM.5.0.Paired_box.0002	-0.7167427197661175	0.8727318919937457	1.034522197498674	-0.2840778143604005	0.0	0.0	0.0	0.368433980139654
GM.5.0.MADS_box.0019	0.7861252711861298	0.4325685404286429	1.0169279930525112	0.26354769723715904	0.0	0.0	0.0	0.3158005544054177
GM.5.0.bZIP.0065	1.4320874058762496	1.6899719369491735	0.2508859418358453	-0.00725470009096472	0.0	0.0	0.0	0.35088950489490855
GM.5.0.bZIP.0067	1.3865902599271118	0.2279055538488284	-0.05638279340516502	0.11984252647093768	0.0	0.0	0.0	0.3403628197480613
GM.5.0.C2H2_ZF.0036	1.5516407495578615	0.8853038745155447	-0.16449070807868932	-0.6153186844009048	0.0	0.0	0.0	0.2631671286711814
GM.5.0.Unknown.0060	-2.0489059953810633	-0.32925990786460924	0.47009212424609204	-1.4839260731694306	0.0	0.0	0.0	0.27018491876907963
GM.5.0.Unknown.0036	-0.4499873670895465	-3.162366020781669	-0.2635974624749619	-1.6164315656755712	0.0	0.0	0.0	0.284220498964876
GM.5.0.Rel.0019	0.4545808772736144	-1.5664432559005923	-0.35720980645389927	-0.6753229509134182	0.0	0.0	0.0	0.4000140355801958
GM.5.0.Mixed.0056	0.15137808806011627	1.2131853759923095	1.3796627893694342	-0.6980742679876355	0.0	0.0	0.0	0.3298361346012141
GM.5.0.C2H2_ZF.0200	1.0515806606594773	2.1025550354342264	1.2960146345012884	0.15668401160466347	0.0	0.0	0.0	0.24913154847538507
GM.5.0.C2H2_ZF.0131	0.6291708362864972	0.7163663606323217	-1.5579171886834209	-1.3723763275123362	0.0	0.0	0.0	0.26667602372013055
GM.5.0.Homeodomain_POU.0025	-1.6943054559314186	-1.5857882988834446	0.5191493324381178	-0.973397222243221	0.0	0.0	0.0	0.410540720727043
GM.5.0.Unknown.0180	-2.081858722880106	-2.828956231822799	-0.07638899199290958	0.11281796456897261	0.0	0.0	0.0	0.16842696234955615
GM.5.0.THAP_finger.0004	0.6630785966958702	1.0264878202582923	-0.8344734990085267	-1.4020720387859684	0.0	0.0	0.0	0.284220498964876
GM.5.0.Unknown.0082	-1.408718915629417	0.6687701666489894	0.3781003312897529	-1.0135803373126897	0.0	0.0	0.0	0.3298361346012141
GM.5.0.TEA.0004	1.6477769021755444	1.3385723088745631	-0.6760952578488926	-0.21793592316470736	0.0	0.0	0.0	0.2736938138180287
GM.5.0.Mixed.0013	0.5618892816027514	-1.3413660039988267	-0.6245582948690691	-1.0462269245085225	0.0	0.0	0.0	0.25965823362223234
GM.5.0.Unknown.0108	-2.033254541215664	-1.8530875850400077	0.38372875296793363	0.8526761063394496	0.0	0.0	0.0	0.2947471841117232
GM.5.0.Homeodomain.0187	-0.04076922181199238	1.1834525895109242	-0.7670488125343345	-0.6400597679606614	0.0	0.0	0.0	0.25614933857328326
GM.5.0.C2H2_ZF.0077	1.0440526778903612	0.7586057808636931	-0.23332177679117266	-1.442573806034193	0.0	0.0	0.0	0.19298922769219973
GM.5.0.DP_E2F.0001	1.658634557233946	-1.4391951200281383	-1.473879667618828	-2.0123221273422733	0.0	0.0	0.0	0.24913154847538507
GM.5.0.Unknown.0009	2.3223837658986293	0.30313045422958357	0.29172702229244407	0.33821175031450135	0.0	0.0	0.0	0.3052738692585705
GM.5.0.Paired_box.0022	1.3301243288908988	-0.6295044735645349	-0.6815779849795528	-0.8948441342270123	0.0	0.0	0.0	0.20702480788799604
GM.5.0.bZIP.0027	0.6247541448037932	-0.6925918265151657	1.455427202736552	-1.0226413325339734	0.0	0.0	0.0	0.2280781781816906
GM.5.0.Homeodomain.0082	1.7740843756558937	1.0269724464892753	0.6386776117621311	-0.2878735711314507	0.0	0.0	0.0	0.25614933857328326
GM.5.0.C2H2_ZF.0195	-0.6449019914154772	0.482345311417488	0.7350981463116348	-0.6620607237895262	0.0	0.0	0.0	0.3158005544054177
GM.5.0.Rel.0024	0.3508019885123918	2.2102452169442586	2.2017892108552943	0.2925334747024016	0.0	0.0	0.0	0.4596652514123303
GM.5.0.bHLH.0019	-1.360811502307208	1.6196133599586342	1.439270860015924	1.871060358467658	0.0	0.0	0.0	0.3368539246991123
GM.5.0.SAND.0007	0.5454068990662764	0.44771287262895265	-1.6590804649616597	0.4335923937229805	0.0	0.0	0.0	0.2947471841117232
GM.5.0.Homeodomain_POU.0026	1.224796570553211	0.14411547907133584	1.182118556135938	-0.8293976914009029	0.0	0.0	0.0	0.2175514930348433
GM.5.0.C2H2_ZF.0134	-1.050392159824984	0.0691263684298423	-0.7050013947677971	-2.231966350524724	0.0	0.0	0.0	0.28071160391592687
GM.5.0.C2H2_ZF.0260	0.4513378143641378	0.913018169005119	0.014510208820155458	1.1232490372205544	0.0	0.0	0.0	0.5368609424892101
GM.5.0.MADS_box.0018	-0.7450158003923404	1.5222020777558567	1.2033630325932048	1.5507161299568204	0.0	0.0	0.0	0.449138566265483
GM.5.0.p53.0004	-0.5393205603566461	-0.6931869168044674	1.3946317602977338	1.847249960289695	0.0	0.0	0.0	0.5894943682234464
GM.5.0.Ets.0021	2.38187942665154	-0.3377209346394584	0.05905797247115067	-0.6023526820983423	0.0	0.0	0.0	0.2245692831327415
GM.5.0.T-box.0002	-1.5641576279342575	-0.01801405315502106	0.747334844292815	1.0657058285445424	0.0	0.0	0.0	0.30878276430751955
GM.5.0.Unknown.0055	-3.0911099786259992	-0.022343681044853462	-0.03256353349093868	1.312733195288335	0.0	0.0	0.0	0.3754517702375522
GM.5.0.Unknown.0100	0.9038406472599735	0.6127465762916682	0.13797651021636184	-0.18561757382406804	0.0	0.0	0.0	0.3543983999438577
GM.5.0.C2H2_ZF.0140	1.538397406753008	0.5394690878625309	0.08597881408604476	-0.9018691943703298	0.0	0.0	0.0	0.0
GM.5.0.Mixed.0072	-1.623926504064443	0.04685773704814299	0.8976355998451278	-2.0403441517349936	0.0	0.0	0.0	0.18948033264325065
GM.5.0.C2H2_ZF.0032	0.34063881322392203	0.036356942495615975	-1.8162671944783289	-0.898343691071407	0.0	0.0	0.0	0.26667602372013055
GM.5.0.Unknown.0043	-2.8122710253651317	-1.8078740797267574	0.4561878379239368	0.05569361719338599	0.0	0.0	0.0	0.0
GM.5.0.Nuclear_receptor.0001	-1.9344810649059234	0.09921739320443702	-1.2486669456555652	1.0626441346016346	0.0	0.0	0.0	0.25965823362223234
GM.5.0.C2H2_ZF.0108	-0.6292375394574475	0.8257587128011985	0.8141091628006052	0.6070175023633769	0.0	0.0	0.0	0.35088950489490855
GM.5.0.Mixed.0076	0.2859996645491104	-1.279438524799821	1.0542388184157283	0.38535639918294456	0.0	0.0	0.0	0.30878276430751955
GM.5.0.AT_hook.0006	2.005274897060453	1.06945010209626	-0.006445092165252046	-0.8314720303522783	0.0	0.0	0.0	0.1719358573985052
GM.5.0.STAT.0014	-0.8899091191961296	-0.2969880390336962	-0.7995151615304928	-1.575876686908623	0.0	0.0	0.0	0.2736938138180287
GM.5.0.Mixed.0063	-0.4805676919277027	0.4615368777578121	1.5020483212407914	-0.6315183176978496	0.0	0.0	0.0	0.30878276430751955
GM.5.0.Unknown.0084	0.7123548745288822	0.7543396435884229	-1.7750997608116925	-0.8158503240962134	0.0	0.0	0.0	0.37194287518860314
GM.5.0.Mixed.0058	-2.0214443659677093	-1.137987286841221	-0.2150678589312553	0.0821364641525383	0.0	0.0	0.0	0.0
GM.5.0.C2H2_ZF.0230	-2.7173398335150694	-0.3020216416688311	0.6313067762743402	-1.9086018411614245	0.0	0.0	0.0	0.23860486332853786
GM.5.0.TEA.0008	-0.27726872493707255	-0.501893860244791	1.5633719742956886	0.1231632994190239	0.0	0.0	0.0	0.3017649742096214
GM.5.0.Paired_box.0015	0.2962435468997126	1.5702799397161082	-0.813186879967803	-0.8498163838234901	0.0	0.0	0.0	0.284220498964876
GM.5.0.Homeodomain.0113	0.6279304303508526	2.1772591723886054	1.6702480930792127	0.9422316503577675	0.0	0.0	0.0	0.3017649742096214
GM.5.0.C2H2_ZF.0078	0.7408924017383544	-0.12716614965177955	1.06947336894645	-0.8510789353184428	0.0	0.0	0.0	0.18246254254535246
GM.5.0.Homeodomain.0003	1.243971343692628	1.1757911723317214	1.6793871307257562	-0.7811509496319942	0.0	0.0	0.0	0.29825607916067226
GM.5.0.Mixed.0041	1.0356440157902682	0.8220927199237066	1.2378868011481199	-0.5045029174131712	0.0	0.0	0.0	0.49124530685287204
GM.5.0.Forkhead.0031	-0.7287323271078092	-0.02754777426198356	-0.9282399807670518	0.058377801473376525	0.0	0.0	0.0	0.3438717147970104
GM.5.0.Mixed.0073	-0.4987370004282863	0.5081190762067984	1.1913775482258573	-0.562927069364891	0.0	0.0	0.0	0.3052738692585705
GM.5.0.Ets.0019	1.0108919406079278	-1.7369345026932848	-2.1745165465214575	-1.2634101660766996	0.0	0.0	0.0	0.28071160391592687
GM.5.0.GATA.0001	-1.0740195831696284	0.6006088629766699	0.26674509416623066	0.7705493452064944	0.0	0.0	0.0	0.31930944945436684
GM.5.0.C2H2_ZF.0252	-0.6009096018092329	-0.09822323914967795	-2.5148024230331942	-2.4443813480188794	0.0	0.0	0.0	0.24211375837748694
GM.5.0.Sox.0036	1.2265241813323395	1.04327098412197	0.2592848592017727	-0.10991937779718618	0.0	0.0	0.0	0.3017649742096214
GM.5.0.IRF.0003	2.2210594428810584	0.27654775810424975	0.31970680135084345	-0.7746723995346237	0.0	0.0	0.0	0.0
GM.5.0.C2H2_ZF.0049	0.14753609624968786	2.8413672485962813	2.971726919645041	1.1471405652227156	0.0	0.0	0.0	0.37194287518860314
GM.5.0.Myb_SANT.0001	1.0731709517889896	-0.8709550676263825	-1.298751051195108	-0.8276055588199326	0.0	0.0	0.0	0.36141619004175585
GM.5.0.bZIP.0034	1.6416466227191742	-0.7722025628572301	-0.35209628062925646	-0.6314037700200531	0.0	0.0	0.0	0.3543983999438577
GM.5.0.Nuclear_receptor.0054	-0.6766443074790321	-0.897592696638752	2.343184120805326	-1.29115875153618	0.0	0.0	0.0	0.0
GM.5.0.Nuclear_receptor.0094	0.04066616055000388	2.3258673177199474	1.3518318965520624	-0.33264659754060005	0.0	0.0	0.0	0.35088950489490855
GM.5.0.Homeodomain_POU.0024	0.6514830169187957	0.16093950823062766	0.3578405764641615	-1.5152701246331735	0.0	0.0	0.0	0.25614933857328326
GM.5.0.GATA.0020	-1.1309327623240677	0.9456749104371212	1.0831348191816856	1.627738508973197	0.0	0.0	0.0	0.3789606652865013
GM.5.0.C2H2_ZF.0267	-2.256154565832757	-0.03303495671398373	0.9107517767815343	1.4791993775301742	0.0	0.0	0.0	0.3789606652865013
GM.5.0.HSF.0007	1.8391778986008118	-0.26950472236307543	0.38019785234567444	-0.3156298280546151	0.0	0.0	0.0	0.3824695603354504
GM.5.0.C2H2_ZF.0098	-2.3067245673497747	0.5163064530931833	0.5531057397883158	1.813257790265864	0.0	0.0	0.0	0.4175585108249412
GM.5.0.bHLH.0024	0.35412887656641506	-1.2504761239611366	-2.891724227150472	-2.5707720456129532	0.0	0.0	0.0	0.2877293940138251
GM.5.0.Unknown.0003	-0.3434485719531224	-1.8690829820886894	-1.524950118329345	-0.9751215229933751	0.0	0.0	0.0	0.0
GM.5.0.C2H2_ZF.0265	0.7614264622290294	1.705900224554033	-0.7098855122352257	-1.0302887981209365	0.0	0.0	0.0	0.16842696234955615
GM.5.0.Homeodomain.0170	0.6357140491786952	0.4008380450887074	0.16173267918442458	1.0852219058429446	0.0	0.0	0.0	0.4140496157759921
GM.5.0.C2H2_ZF.0011	0.34877272082023636	2.0339457083940666	0.27661858040283027	1.2672638002997805	0.0	0.0	0.0	0.38597845538439945
GM.5.0.Unknown.0046	0.4140297666150188	-0.13944337988255046	-1.9935650023622735	-0.8649807837172593	0.0	0.0	0.0	0.3052738692585705
GM.5.0.Homeodomain_POU.0022	0.7920999171649666	0.1697001991799047	-1.7293417278310659	-1.1332373012156753	0.0	0.0	0.0	0.2736938138180287
GM.5.0.Paired_box.0012	-2.674039662383788	-0.5955356734648926	0.23644493462185728	1.4517439628720017	0.0	0.0	0.0	0.36141619004175585
GM.5.0.Unknown.0038	1.7116016068879434	0.42320336789493945	0.1390085200253198	0.7353292354686997	0.0	0.0	0.0	0.6982701147408681
GM.5.0.bZIP.0089	1.431215447626662	-0.9565363414187107	-1.2635431218106388	-1.5932470595765773	0.0	0.0	0.0	0.17544475244745428
GM.5.0.Homeodomain.0046	0.16594660363182417	0.878745474062684	-0.13805642344288085	1.8193078207304019	0.0	0.0	0.0	0.5368609424892101
GM.5.0.Sox.0016	1.2009237624526654	0.66223840035383	-1.263469097758759	-0.8240516737864864	0.0	0.0	0.0	0.284220498964876
GM.5.0.Unknown.0206	0.07265773921457276	-1.1616859981458407	-1.1988466865701213	0.8849041137961111	0.0	0.0	0.0	0.26667602372013055
GM.5.0.STAT.0017	-0.19585244654359607	0.9513788765272175	0.30539023313531155	0.6598752592875746	0.0	0.0	0.0	0.4596652514123303
GM.5.0.Homeodomain.0150	-0.34007527563362744	-2.115049404370497	-2.141001780108773	-0.6973190898138288	0.0	0.0	0.0	0.38597845538439945
GM.5.0.Unknown.0102	0.5208513809856289	-0.8675946183573817	0.921083813262266	0.2332081572957946	0.0	0.0	0.0	0.3228183445033159
GM.5.0.bZIP.0092	-1.1790049650365888	-0.5685161420049893	0.4543420753256886	0.24181397631993307	0.0	0.0	0.0	0.326327239552265
GM.5.0.Unknown.0119	0.0534927298924311	-2.2231396953086144	-0.3460794523979108	-1.1157268559101776	0.0	0.0	0.0	0.28071160391592687
GM.5.0.Forkhead.0050	-0.4178103993675216	2.4477852987846602	-0.44232739036258106	0.8547953174620493	0.0	0.0	0.0	0.40703182567809404
GM.5.0.Unknown.0181	-1.2563631111403726	0.8883758329616651	1.6789420182353885	1.5734891468256773	0.0	0.0	0.0	0.529843152391312
GM.5.0.C2H2_ZF.0034	2.169467262289914	-0.35118073337053723	-0.31377338204509536	-1.4937843874766885	0.0	0.0	0.0	0.25965823362223234
GM.5.0.E2F.0020	2.237560541322879	2.6871000590353016	0.545576447161727	-0.7246484222699795	0.0	0.0	0.0	0.4561563563633812
GM.5.0.Unknown.0024	0.1862002098663786	0.07985187970963832	-0.24420076588897782	-1.101304079790177	0.0	0.0	0.0	0.0
GM.5.0.Mixed.0108	-1.6404538962834265	-0.10572778939901531	0.146647437755916	-0.4967311562550598	0.0	0.0	0.0	0.47720972665707573
GM.5.0.Mixed.0037	1.7208154195392191	-0.2554983932044219	-0.6601291670548065	-0.852832519775088	0.0	0.0	0.0	0.3789606652865013
GM.5.0.C2H2_ZF.0168	0.3270470966054299	-0.21663447114015144	0.8508722221500227	0.9680361673845793	0.0	0.0	0.0	0.7754658058177479
GM.5.0.C2H2_ZF.0232	1.5361371825453376	-1.090185900357739	-1.3994100290094855	-1.637392009363771	0.0	0.0	0.0	0.20702480788799604
GM.5.0.Homeodomain.0143	0.6978914571370061	-1.377716700124434	0.512229675395117	-1.5594776038800129	0.0	0.0	0.0	0.2947471841117232
GM.5.0.Unknown.0093	-0.9887759439375231	0.7739250328106521	2.8597118620533335	1.9686826153367782	0.0	0.0	0.0	0.6316011088108354
GM.5.0.Unknown.0124	1.916675892430297	-0.0791079922116835	-0.039575812461293096	-1.009871407903265	0.0	0.0	0.0	0.0
GM.5.0.C2H2_ZF.0285	0.8022210218094042	-0.9197585524091689	1.0260519990972201	-0.2706895865728371	0.0	0.0	0.0	0.2736938138180287
GM.5.0.Mixed.0087	-0.6590605154494522	1.0128305659680783	0.6541037363404691	1.066465586198445	0.0	0.0	0.0	0.30878276430751955
GM.5.0.Homeodomain.0042	0.30034159689992296	0.22874123457239257	0.4979523969442759	-1.6510432647141686	0.0	0.0	0.0	0.26667602372013055
GM.5.0.Homeodomain.0080	0.2354892893864031	-0.4936720241038412	-1.557198577077991	-1.3000840544199257	0.0	0.0	0.0	0.326327239552265
GM.5.0.IRF.0005	1.0979079977924255	0.08981070994753723	-1.4678167289359505	-1.7481895741425817	0.0	0.0	0.0	0.25965823362223234
GM.5.0.Homeodomain.0136	0.15135187427818758	1.1191762077053766	0.6260476076660878	1.776633929783145	0.0	0.0	0.0	0.5824765781255483
GM.5.0.C2H2_ZF.0112	0.37648157675312854	1.0912346800534372	-0.7977229965645541	-0.49124591788551936	0.0	0.0	0.0	0.4000140355801958
GM.5.0.Ets.0031	1.5430607778865755	-0.36885226335036936	0.20037773133624018	-0.675804426054291	0.0	0.0	0.0	0.4561563563633812
GM.5.0.Mixed.0075	-1.6954415768200164	-0.3597227483437237	0.4259726126422363	0.33333951048883576	0.0	0.0	0.0	0.284220498964876
GM.5.0.Mixed.0030	1.2017660996666777	-1.870061945802137	-2.7653565112624827	-2.07622567652659	0.0	0.0	0.0	0.28071160391592687
GM.5.0.MADS_box.0015	-1.4030374785836999	0.8010074831392411	0.1564668855142099	0.8362699750852707	0.0	0.0	0.0	0.46668304151022844
GM.5.0.Unknown.0133	-0.525545680366993	1.1671241768155132	1.5133434557799914	-0.15921369409990146	0.0	0.0	0.0	0.3403628197480613
GM.5.0.Unknown.0085	-0.2275890962762129	2.299519474501861	1.1575086866447735	1.0172305368543826	0.0	0.0	0.0	0.410540720727043
GM.5.0.CENPB.0001	2.5396777057268616	-0.002116106207544008	0.02819829547364068	-0.8960566029726024	0.0	0.0	0.0	0.23860486332853786
GM.5.0.Unknown.0176	2.275759505539259	-1.4362984588541194	-3.103832149062176	-3.6788786983886945	0.0	0.0	0.0	0.0
GM.5.0.Forkhead.0004	-0.49594977100822074	0.39633085970056003	-1.4215902565205585	-0.5975009600393548	0.0	0.0	0.0	0.25614933857328326
GM.5.0.GATA.0012	-0.9251011961787194	-0.5319792848480723	-0.5347408690299268	-0.6096314847183584	0.0	0.0	0.0	0.0
GM.5.0.Homeodomain.0201	-1.315984121269169	-0.26882766714568224	1.452149027846173	0.9505798637596641	0.0	0.0	0.0	0.3473806098459595
GM.5.0.Unknown.0121	-0.9029633356391057	-2.1025104004921866	-0.09302617496952142	4.81915179382621	0.0	0.0	0.0	1.7439208393276957
GM.5.0.bZIP.0043	0.9540325617943322	0.05651938562592351	-1.094970620165542	-0.2895181578587918	0.0	0.0	0.0	0.3824695603354504
GM.5.0.Unknown.0175	0.43369555831074763	0.31783689126311904	0.9587561253740309	0.6617585262043182	0.0	0.0	0.0	0.449138566265483
GM.5.0.C2H2_ZF.0162	-0.5512404753925976	1.4290039581761496	1.8775818421096735	1.5638720209351415	0.0	0.0	0.0	0.410540720727043
GM.5.0.Homeodomain.0037	1.9483831506996019	0.8852528166020405	-1.2584245138433074	-1.2404718150367495	0.0	0.0	0.0	0.2280781781816906
GM.5.0.Unknown.0196	0.47347132757261784	-3.323511958251206	-2.003532591392439	-1.587289422481756	0.0	0.0	0.0	0.2772027088669778
GM.5.0.Sox.0031	1.496049923537914	1.6823993702173157	0.5314960032107677	-0.7256746466144424	0.0	0.0	0.0	0.0
GM.5.0.Unknown.0078	0.09140694936709863	0.5113891603648911	-1.6095514217437124	-0.08921398531205593	0.0	0.0	0.0	0.31229165935646863
GM.5.0.E2F.0008	1.6365062313438905	0.879573208983816	0.006412379448168527	-0.7978340042332116	0.0	0.0	0.0	0.284220498964876
GM.5.0.Unknown.0183	-1.358112748711469	0.46935661420591396	0.9038838104850409	-0.3102780748121027	0.0	0.0	0.0	0.28071160391592687
GM.5.0.C2H2_ZF.0150	-0.3723904715980492	1.7739280831722346	-0.5087803947579933	-0.6061929033170143	0.0	0.0	0.0	0.31229165935646863
GM.5.0.Homeodomain.0030	2.2430665646969765	0.3139489950929948	-0.4616523833628624	-0.18223194038810794	0.0	0.0	0.0	0.4245763009228394
GM.5.0.Unknown.0173	2.354412331999693	0.8943350208159833	-0.12881058725233913	-1.472619123235857	0.0	0.0	0.0	0.23509596827958876
GM.5.0.bZIP.0068	-1.863504788724235	-2.9726915714171387	-0.07233867853064797	1.4095732432167174	0.0	0.0	0.0	0.326327239552265
GM.5.0.Nuclear_receptor.0128	-0.8225761699371351	1.7084398708926782	0.5499633995359763	1.0457306838697795	0.0	0.0	0.0	0.36141619004175585
GM.5.0.bHLH.0112	0.1897269436867552	0.5279307560760386	1.3206252462960963	0.05706027475221206	0.0	0.0	0.0	0.4245763009228394
GM.5.0.IRF.0019	-0.7726451873819782	0.07592652234079872	1.8338982217151119	1.3532897021216679	0.0	0.0	0.0	0.4000140355801958
GM.5.0.Sox.0012	-0.5763951173559845	-2.4431180595550317	-0.3232253995945304	-0.3591479376774371	0.0	0.0	0.0	0.3158005544054177
GM.5.0.bHLH.0051	1.276035641527619	-0.17714492682323435	0.08268367432449635	0.25969561133656943	0.0	0.0	0.0	0.3824695603354504
GM.5.0.HSF.0004	0.5951063356509696	-0.6834956810827285	0.7214494294791717	0.3324962853324278	0.0	0.0	0.0	0.33334502965016316
GM.5.0.T-box.0016	-0.3684512716817752	0.7610124769528467	0.5852056179159244	-0.24383454932267662	0.0	0.0	0.0	0.6631811642513773
GM.5.0.bHLH.0057	-0.5100648171420447	-1.0485958617548885	-0.13435698273829574	0.8702704246135285	0.0	0.0	0.0	0.4456296712165339
GM.5.0.C2H2_ZF.0271	-0.7247123771592401	0.8375014440584664	1.5236151814924301	-0.09915810074005342	0.0	0.0	0.0	0.31930944945436684
GM.5.0.Nuclear_receptor.0144	-0.9355505295368716	0.49294213351754484	1.1719534942428724	1.0098882044145148	0.0	0.0	0.0	0.33334502965016316
GM.5.0.Unknown.0122	-1.3733252175070398	-1.695542605521948	0.1723657315182695	0.9919381297008552	0.0	0.0	0.0	0.4210674058738903
GM.5.0.Grainyhead.0005	-0.7604037986376587	-0.3435369230601663	0.08863694156147663	-0.8493129065734409	0.0	0.0	0.0	0.0
GM.5.0.Unknown.0147	2.5318036338003065	0.8904294258714734	0.7399588242573558	-0.23235967499859644	0.0	0.0	0.0	0.29825607916067226
GM.5.0.SAND.0008	1.5345476933472293	-1.1692696257377355	-1.2516055488123958	-0.9658914256650282	0.0	0.0	0.0	0.37194287518860314
GM.5.0.STAT.0007	1.2211310991706779	-1.1410509668617614	-1.166791994846717	-1.180028316050943	0.0	0.0	0.0	0.27018491876907963
GM.5.0.C2H2_ZF.0088	-1.3689038412913688	0.10315744256814259	0.9187764370895874	-0.45299795509883783	0.0	0.0	0.0	0.3403628197480613
GM.5.0.Homeodomain.0010	-0.9170151360561994	0.6107506001644821	0.31323921660937576	0.4666779148996507	0.0	0.0	0.0	0.5122986771465665
GM.5.0.C2H2_ZF.0179	-1.1866875020119072	1.8405187932396292	1.279616120568569	1.6334877150513325	0.0	0.0	0.0	0.42808519597178846
GM.5.0.Unknown.0109	1.409011009629113	3.9075605080645395	1.273822357491267	-0.45796211315654123	0.0	0.0	0.0	0.26667602372013055
GM.5.0.Unknown.0057	-0.11824552246026492	1.533491071105681	1.2756033108207494	0.08015995043818647	0.0	0.0	0.0	0.3824695603354504
GM.5.0.C2H2_ZF.0105	0.858734527198633	-0.9952438705095742	-1.1220688714656122	-0.7219621518786649	0.0	0.0	0.0	0.19649812274114883
GM.5.0.MADS_box.0017	-0.050969032214377034	1.2402098338265986	0.5466622169426764	-0.39044644437186954	0.0	0.0	0.0	0.0
GM.5.0.GATA.0030	-0.6108617036899081	1.205673295360569	1.3275462449105495	0.6374248756914314	0.0	0.0	0.0	0.29825607916067226
GM.5.0.STAT.0019	0.7159799088118362	0.01956244161202903	1.4262552489196836	-0.5597595508283277	0.0	0.0	0.0	0.3052738692585705
GM.5.0.bHLH.0119	-0.3619428726325368	2.0025765797831694	-0.2571266945034056	-0.6728757079200438	0.0	0.0	0.0	0.2631671286711814
GM.5.0.bHLH.0126	-0.6547929074327515	1.306619723818791	0.7818188728933535	0.23763662545271455	0.0	0.0	0.0	0.3403628197480613
GM.5.0.Nuclear_receptor.0122	0.539562431534683	-0.73537088972298	0.09276099479412907	-0.09095486310737853	0.0	0.0	0.0	0.4245763009228394
GM.5.0.Unknown.0182	-1.5484574141441796	0.5733218681018529	0.3555019392667212	1.3515389188547828	0.0	0.0	0.0	0.4210674058738903
GM.5.0.CSL.0003	-2.263583020008751	-2.2267798444751126	-0.38406885864256424	-0.21219632869498936	0.0	0.0	0.0	0.4245763009228394
GM.5.0.C2H2_ZF.0303	0.7356898891728458	-2.678483159966959	-2.5773391750936043	-1.3254030873495788	0.0	0.0	0.0	0.3789606652865013
GM.5.0.bHLH.0037	-1.522480557574648	-0.9572257013014829	0.601769049350191	1.233886273051868	0.0	0.0	0.0	0.571949892978701
GM.5.0.bZIP.0020	0.49488448178605204	-1.8187612835608675	-1.5053099622946085	-0.6428339011074805	0.0	0.0	0.0	0.3824695603354504
GM.5.0.Ets.0024	1.054246363982151	-1.2597778149775916	0.2711615003404086	-1.0505504466198183	0.0	0.0	0.0	0.28071160391592687
GM.5.0.C2H2_ZF.0229	-2.189997173585092	0.278546524560651	0.7632808572305513	0.36303796970041496	0.0	0.0	0.0	0.2877293940138251
GM.5.0.bHLH.0083	1.0020872662715707	1.91351123573734	-0.9999086718575184	-0.2558213265008968	0.0	0.0	0.0	0.3368539246991123
GM.5.0.Homeodomain.0112	0.09026898353572109	-2.3874895387725537	-2.046466754312455	-0.03070549786238078	0.0	0.0	0.0	0.2947471841117232
GM.5.0.Unknown.0079	-0.1270237911771175	0.04710300749275026	-0.2385409228770597	0.7980414748343992	0.0	0.0	0.0	0.0
GM.5.0.C2H2_ZF.0052	1.5909301016493382	-0.3486898126567043	-0.3725584053768589	-0.3523980694432677	0.0	0.0	0.0	0.38597845538439945
GM.5.0.Sox.0023	1.3911506913303533	1.8924654878121185	0.15280054004178917	0.5273673408267836	0.0	0.0	0.0	0.43159409102073754
GM.5.0.C2H2_ZF.0094	-0.7983170320403836	-0.7294717435901448	0.17892519979113644	1.2553302454529538	0.0	0.0	0.0	0.6316011088108354
GM.5.0.Mixed.0096	1.298850037705615	1.395608372153546	0.8401318425864515	-0.8471879921078631	0.0	0.0	0.0	0.35790729499280677
GM.5.0.Homeodomain.0038	1.1255177339610016	0.21787155870253422	-0.2406731109687257	-1.1096647515680835	0.0	0.0	0.0	0.0
GM.5.0.Homeodomain.0079	2.0989037097746257	0.7710078936568998	-0.32159755213590735	-1.1947019070158291	0.0	0.0	0.0	0.0
GM.5.0.MADS_box.0004	-1.8378124389398254	2.282336452619008	1.0856350983010383	1.4809406208880775	0.0	0.0	0.0	0.47720972665707573
GM.5.0.SMAD.0014	-1.3299611041783894	1.0225826156115287	0.9378751981788308	-0.4921361151121949	0.0	0.0	0.0	0.4701919365591775
GM.5.0.C2H2_ZF.0003	0.3949564339718199	1.0476352713401906	1.300948096786761	1.0327482775135786	0.0	0.0	0.0	0.29825607916067226
GM.5.0.Forkhead.0047	-0.9191381948210072	-0.2185434745817391	0.7109952057073725	-0.3104065492481366	0.0	0.0	0.0	0.4351029860696866
GM.5.0.C2H2_ZF.0173	0.006748914985843712	1.7335837056421755	1.7562528587594892	1.080818871967607	0.0	0.0	0.0	0.3298361346012141
GM.5.0.T-box.0004	-2.1612213132759988	0.9492998664266887	1.2030741047581435	1.3826896161268671	0.0	0.0	0.0	0.410540720727043
GM.5.0.Unknown.0148	-2.2487027431005533	-0.3742478193965227	-2.210355410635116	1.0389037005835746	0.0	0.0	0.0	0.3473806098459595
GM.5.0.C2H2_ZF.0170	0.8415954594821674	0.8103030509151133	-0.650683987426888	-1.3210208222615565	0.0	0.0	0.0	0.2526404435243342
GM.5.0.Unknown.0073	1.8127773031843104	-0.6007973865945843	-1.1853009393177063	-0.8603375119399447	0.0	0.0	0.0	0.4035229306291449
GM.5.0.C2H2_ZF.0266	0.4933324545713298	1.9998999143420346	2.3715549018459603	1.1630541316483052	0.0	0.0	0.0	0.38948735043334853
GM.5.0.Unknown.0056	-1.3295627788764008	-1.3889575238139378	0.43372196953156017	-2.039382812676816	0.0	0.0	0.0	0.0
GM.5.0.C2H2_ZF.0046	1.97315049177129	-0.601696805654845	-0.4479344193795967	-0.20817625291686934	0.0	0.0	0.0	0.45264746131443206
GM.5.0.E2F.0007	1.038366636565004	-0.7757519698326243	0.49446082970618266	-0.2528276665593542	0.0	0.0	0.0	0.4210674058738903
GM.5.0.Unknown.0011	0.618586560881817	0.6458195330513571	-1.4609512181170963	-0.02092134034622573	0.0	0.0	0.0	0.4807186217060248
GM.5.0.C2H2_ZF.0183	1.9306196133919242	-0.38835289172551807	-0.23817779630517144	-0.7710703372144683	0.0	0.0	0.0	0.3017649742096214
GM.5.0.Homeodomain.0130	-0.07806415703050619	-0.4331657841517684	-1.3032535769104678	0.49828423792689336	0.0	0.0	0.0	0.3403628197480613
GM.5.0.C2H2_ZF.0143	-0.19387667139204975	1.0857133442889484	2.4514696667362292	0.5662540017496606	0.0	0.0	0.0	0.35790729499280677
GM.5.0.Homeodomain.0050	-2.0372367626994556	-0.018381193679258098	0.31763626739393946	-0.16947219358000712	0.0	0.0	0.0	0.6666900593003263
GM.5.0.C2H2_ZF.0316	-0.5617839338095546	1.8860326945961543	0.7768290431514908	-0.8592008267391172	0.0	0.0	0.0	0.3017649742096214
GM.5.0.Homeodomain.0160	-0.6175254748472296	-1.551839497851077	0.01319079415533234	-1.0173643951314801	0.0	0.0	0.0	0.30878276430751955
GM.5.0.Unknown.0139	1.4151396799556752	1.2247703452807368	0.03796693066926111	0.21444169866517318	0.0	0.0	0.0	0.4245763009228394
GM.5.0.C2H2_ZF.0043	0.9847646321511687	-1.95494354374959	-1.2714727137742197	-0.6143534296503491	0.0	0.0	0.0	0.3368539246991123
GM.5.0.Homeodomain.0138	1.922550178092551	1.223616626293317	0.12131060044751803	-1.169678051458008	0.0	0.0	0.0	0.0
GM.5.0.Unknown.0014	-0.7439296396413521	1.2004431610750605	1.9359788264050948	0.9191077756660286	0.0	0.0	0.0	0.2947471841117232
GM.5.0.bZIP.0016	1.5574541776829551	0.061872160188239565	0.7180296984466593	0.3719095592895622	0.0	0.0	0.0	0.3649250850907049
GM.5.0.Homeodomain.0180	0.7357456747262207	0.8446213377046503	0.8548200461512141	-0.45601533524725835	0.0	0.0	0.0	0.3543983999438577
GM.5.0.C2H2_ZF.0136	1.413423893463047	-1.8835737666348344	-1.7978053617954441	-1.2603883827997415	0.0	0.0	0.0	0.2772027088669778
GM.5.0.C2H2_ZF.0208	-0.4391784879878461	0.4925891426227084	0.6472010682709004	1.689028784291168	0.0	0.0	0.0	0.5508965226850066
GM.5.0.C2H2_ZF.0060	2.4320323641941153	-0.3806297363416013	-0.7718378362812971	-1.033820501613727	0.0	0.0	0.0	0.2245692831327415
GM.5.0.Myb_SANT.0006	1.4724389768284067	-0.41347759579278526	-1.0466287935920704	-0.05543727731689958	0.0	0.0	0.0	0.3649250850907049
GM.5.0.Unknown.0208	-1.3043778717052392	-0.08805177905535021	2.5658779649663623	2.351767534847382	0.0	0.0	0.0	0.568440997929752
GM.5.0.Forkhead.0045	0.31979023180641175	1.3035863332301254	-1.929768140047841	-0.5901326093895498	0.0	0.0	0.0	0.3403628197480613
GM.5.0.Homeodomain.0077	-1.9801490872126841	-2.1387428924707237	-1.0881443342093675	1.6412799190396605	0.0	0.0	0.0	0.5403698375381593
GM.5.0.C2H2_ZF.0228	1.6072885908764967	-0.8730684438028633	-1.6544687722060454	-1.213740618455706	0.0	0.0	0.0	0.2877293940138251
GM.5.0.C2H2_ZF.0018	0.9682957876641752	1.9536931269025917	2.0588444377901736	1.2022470730010268	0.0	0.0	0.0	0.37194287518860314
GM.5.0.Mixed.0049	1.2272951008839863	0.2197245276668556	0.1567410663422083	0.08274981450121549	0.0	0.0	0.0	0.36141619004175585
GM.5.0.GATA.0009	-0.6769071507647522	1.2428365154015626	1.3214094100291425	0.7555137208556196	0.0	0.0	0.0	0.449138566265483
GM.5.0.C2H2_ZF.0063	-0.5971310343337097	0.7004658572819459	0.3956869760206832	-0.20311443222013847	0.0	0.0	0.0	0.4351029860696866
GM.5.0.Unknown.0140	2.4530596624253738	-0.24753314977444224	-0.6183810247756386	-0.4085175137932644	0.0	0.0	0.0	0.3298361346012141
GM.5.0.Mixed.0053	-0.8475687385943274	-0.7054338432642633	1.0882620769313198	1.5285006337298384	0.0	0.0	0.0	0.8456437067967297
GM.5.0.Homeodomain.0151	-0.43585851583406365	-1.8055189519698114	-0.07064804610238919	0.39158817894468334	0.0	0.0	0.0	0.4807186217060248
GM.5.0.Forkhead.0044	1.1453052615038428	2.426217509268075	0.5498116798524236	1.1518547382494873	0.0	0.0	0.0	0.571949892978701
GM.5.0.Forkhead.0015	-0.06595215321271598	1.877939998457905	-1.0730747920121173	1.1529493767834817	0.0	0.0	0.0	0.410540720727043
GM.5.0.Nuclear_receptor.0086	-1.4482056762464803	-1.57494359029418	0.5794554845942419	2.059291846855667	0.0	0.0	0.0	0.3543983999438577
GM.5.0.Homeodomain.0054	0.158500261343277	-2.391283762438278	-1.8968538580489458	0.7877424912847845	0.0	0.0	0.0	0.39650514053124675
GM.5.0.Ets.0035	1.6515980742401035	-1.7573313753982973	-1.978210046142706	-1.6965967673428493	0.0	0.0	0.0	0.3298361346012141
GM.5.0.Homeodomain.0169	-0.0409828969042097	-0.8132373079583191	-1.0400986008523285	-1.4744402971216926	0.0	0.0	0.0	0.5965121583213445
GM.5.0.Nuclear_receptor.0025	0.2683099406546367	0.28875069611086307	2.709854658936234	1.1265024972193725	0.0	0.0	0.0	0.4035229306291449
GM.5.0.bHLH.0076	-0.004413924700265457	-0.30262513775953415	1.8531834344636704	2.0250143816522668	0.0	0.0	0.0	0.48773641180392296
GM.5.0.Homeodomain.0181	0.49187317236371264	0.06262980583122162	-1.3561047746100714	-0.6554133961558427	0.0	0.0	0.0	0.46317414646127936
GM.5.0.bHLH.0085	-1.4494737661664745	0.9070493988072408	2.0437323690258307	1.8917575335258505	0.0	0.0	0.0	0.4596652514123303
GM.5.0.Homeodomain.0188	-0.9186824000734232	0.3189902819396319	1.5748449385226189	1.7450966729006303	0.0	0.0	0.0	0.4561563563633812
GM.5.0.bZIP.0096	-1.1422765862518476	-1.1509311121035732	-0.12275462225263811	1.058528185967404	0.0	0.0	0.0	0.6456366890066318
GM.5.0.MADS_box.0012	1.9798022629437757	1.2003252884126283	-0.11678779725281695	-0.6676883128864727	0.0	0.0	0.0	0.3473806098459595
GM.5.0.Homeodomain.0052	-0.7080289875263684	0.6521840595493009	1.5826435024562309	1.1892382821497378	0.0	0.0	0.0	0.4245763009228394
GM.5.0.Forkhead.0013	-1.3289088890932115	1.4840993437002636	-2.0743560528579397	1.496855718686824	0.0	0.0	0.0	0.30878276430751955
GM.5.0.Forkhead.0037	-0.05712858316013057	2.3050054878408055	-0.5946224629618447	1.4808702923579389	0.0	0.0	0.0	0.6982701147408681
GM.5.0.AT_hook.0001	0.9137733109012438	-0.2774019651062887	-2.0334707814682673	-3.227021951420883	0.0	0.0	0.0	0.0
GM.5.0.RFX.0009	-0.3541203240042832	1.6745263606951435	0.918764168268387	1.7339759991797774	0.0	0.0	0.0	0.5122986771465665
GM.5.0.Sox.0025	1.1920527477097416	0.6001141917743805	-0.1771674902430496	-0.640635666735146	0.0	0.0	0.0	0.0
GM.5.0.bHLH.0094	3.5604075848932384	1.9229489587429769	0.64246510127633	-1.19697783181177	0.0	0.0	0.0	0.28071160391592687
GM.5.0.Rel.0020	1.8392999921016628	1.7559757315206306	0.5821462097895501	0.02401920128489137	0.0	0.0	0.0	0.7263412751324608
GM.5.0.SAND.0005	2.4470513813733143	-1.490968782647959	-0.71545537411923	-1.500016442504693	0.0	0.0	0.0	0.3403628197480613
GM.5.0.bZIP.0006	0.6599992978096371	-1.650417312548711	-1.728874580339743	-1.3268837125639035	0.0	0.0	0.0	0.21053370293694515
GM.5.0.Mixed.0024	0.6284907588668444	1.1199175515929318	0.8573177006312661	0.0858310054700338	0.0	0.0	0.0	0.449138566265483
GM.5.0.RFX.0011	1.2424582365198031	0.9841068496014771	0.42162307469510063	0.43842380200620584	0.0	0.0	0.0	0.5368609424892101
GM.5.0.bZIP.0041	-1.6871223421058474	-0.09078932191286945	0.2273982434125047	-0.7775080424193874	0.0	0.0	0.0	0.6456366890066318
GM.5.0.Unknown.0008	0.7539420641520065	1.7851270441577531	-1.2646745480910628	-0.030827284171938116	0.0	0.0	0.0	0.43861188111863575
GM.5.0.bZIP.0073	3.120353778031587	0.6946188942086216	1.9261818759111613	-2.1084479782843153	0.0	0.0	0.0	0.0
GM.5.0.Unknown.0004	-1.7313425355855667	1.6227809606967012	2.202375919476234	0.3068743158288856	0.0	0.0	0.0	0.9684550335099478
GM.5.0.C2H2_ZF.0243	1.163863815756727	1.6311413287124512	0.20218878866045378	0.16929299176920667	0.0	0.0	0.0	0.49826309695077015
GM.5.0.SMAD.0005	-0.6367466851909896	2.62159705977513	1.4321142118120187	2.0738805934093016	0.0	0.0	0.0	0.4596652514123303
GM.5.0.E2F.0017	1.7406718064647262	-2.1937239231211603	-2.2677798341550885	-2.0975380758516815	0.0	0.0	0.0	0.3052738692585705
GM.5.0.bZIP.0080	2.780338021789504	0.054988205549828306	-0.22890584954368037	0.109511668353024	0.0	0.0	0.0	0.36141619004175585
GM.5.0.Forkhead.0007	0.2668719768192705	3.2777753201132143	-0.09666766982913223	-0.9721405857766137	0.0	0.0	0.0	0.0
GM.5.0.Paired_box.0003	1.801784394710365	-0.4779805867057292	-0.7709278824596196	0.5028276843923596	0.0	0.0	0.0	0.49826309695077015
GM.5.0.MADS_box.0023	1.0267672807656267	-0.630393204073125	0.4172433577143868	0.30115521030229353	0.0	0.0	0.0	0.449138566265483
GM.5.0.GATA.0031	-1.6743268749501357	3.203559253379429	2.9567084929078735	3.3405997851762668	0.0	0.0	0.0	0.8737148671883225
GM.5.0.Mixed.0010	1.4239741347273311	-0.5623669094763557	0.23630345363948532	-0.35133851009967293	0.0	0.0	0.0	0.2947471841117232
GM.5.0.Unknown.0110	-1.741143247344948	1.0806185735061706	2.4439572530436404	2.2032445527456166	0.0	0.0	0.0	0.4737008316081266
GM.5.0.SMAD.0002	-2.131970716228284	0.42913088142710776	0.31558804007391617	-1.5704273011265093	0.0	0.0	0.0	0.0
GM.5.0.Homeodomain.0183	-0.2752402626775166	-1.440130098682816	-0.69773331853574	-0.24547439296926343	0.0	0.0	0.0	0.43861188111863575
GM.5.0.MBD.0001	2.214087958054433	-1.1329114565378726	-1.2525599231085343	-2.037752673814215	0.0	0.0	0.0	0.38597845538439945
GM.5.0.Unknown.0080	-1.6021577711627397	1.2707691807195218	2.2156210934456015	1.5720066666266177	0.0	0.0	0.0	0.47720972665707573
GM.5.0.Mixed.0034	0.42661303213470264	-1.9885964086673704	-2.4226114482419527	-0.8568309944460536	0.0	0.0	0.0	0.3473806098459595
GM.5.0.SMAD.0012	1.1527655333337092	-2.4704365081695387	-2.570095473582323	-1.5828005069727435	0.0	0.0	0.0	0.3158005544054177
GM.5.0.Unknown.0050	-0.5535839603778511	0.7957024151169877	2.115690349346558	-0.11557762506156237	0.0	0.0	0.0	0.44212077616758483
GM.5.0.C2H2_ZF.0221	-0.6279904725461762	1.8794621481264617	1.936221399798551	3.0254061409448174	0.0	0.0	0.0	0.694761219691919
GM.5.0.Unknown.0198	-1.2297546567494395	3.0362229740877553	-0.045456926173722344	-0.20526056146421734	0.0	0.0	0.0	0.61405663356609
GM.5.0.Homeodomain.0129	0.40877008528646613	0.3160145641971431	1.1355786071921177	-0.08074253586918698	0.0	0.0	0.0	0.568440997929752
GM.5.0.bHLH.0001	2.0247755229279063	0.1523322273767775	0.8470403746096488	-1.7185860272963567	0.0	0.0	0.0	0.0
GM.5.0.Homeodomain.0056	-1.0810407794946724	1.4853578622474433	2.544906254396757	2.795382747440762	0.0	0.0	0.0	0.6351100038597846
GM.5.0.Forkhead.0028	2.0711505483644546	-1.8101412538739525	-2.2721489343477357	-2.303887073585613	0.0	0.0	0.0	0.25614933857328326
GM.5.0.bHLH.0032	-1.724063789425382	1.3083762259916742	2.61431888425676	2.3782723510243065	0.0	0.0	0.0	0.8421348117477806
GM.5.0.RFX.0002	-1.652857891051649	2.3719627171895117	0.7625911698571308	0.19418492638261167	0.0	0.0	0.0	0.6035299484192428
GM.5.0.Nuclear_receptor.0121	-1.975944150339723	-1.3344107328178616	1.3502891045824692	1.8391883566851563	0.0	0.0	0.0	0.7824835959156461
GM.5.0.Unknown.0064	2.9846593494941325	-0.8083885418948448	-0.8354054675832417	-1.5105348390336106	0.0	0.0	0.0	0.7895013860135444
GM.5.0.Mixed.0002	0.6048431612563414	1.523329989474991	1.763403983565483	-0.12989235792127402	0.0	0.0	0.0	0.7087967998877154
GM.5.0.bZIP.0003	-0.3064563762023984	0.4370114401916893	3.799757152534507	2.3687890384805526	0.0	0.0	0.0	0.6456366890066318
GM.5.0.RFX.0003	-1.651530895468088	0.9709290518440238	-2.18714522775588	-0.2529777268795972	0.0	0.0	0.0	0.5614232078318537
GM.5.0.C2H2_ZF.0064	-0.4694885573535002	2.5405574860378177	1.1635699185939647	2.503328254244542	0.0	0.0	0.0	0.7263412751324608
GM.5.0.bZIP.0013	-3.349450693571541	-2.667247912038258	1.725754479964789	2.9767557089224685	0.0	0.0	0.0	1.1789887364468927
GM.5.0.bHLH.0137	-0.9190173899645162	3.6140909148215394	4.20785214836425	4.67144027061152	0.0	0.0	0.0	1.186006526544791
GM.5.0.bHLH.0006	-4.069164081873975	1.7885430317620403	2.40585109392711	3.6299211286715543	0.0	0.0	0.0	1.4035580195796342
GM.5.0.RFX.0018	-0.5024683512977226	2.3142716818683535	1.1975998509500638	1.6151986896359305	0.0	0.0	0.0	1.473735920558616
GM.5.0.Forkhead.0043	3.109710848155414	1.6845894634939222	-2.5234408598736637	-3.3628366891903787	0.0	0.0	0.0	0.0
