	z-score ATAC_gain	z-score ATAC_loss	ATAC_gain % with motif	ATAC_loss % with motif
GM.5.0.C2H2_ZF_Homeodomain.0001	-0.5055682709045471	-1.0249293780781796	0.0	0.0
GM.5.0.bHLH.0088	1.2193472017469715	0.34528739199913716	1.3043478260869565	0.0
GM.5.0.p53.0007	0.5221089260080783	1.240800322575383	0.43478260869565216	0.7092198581560284
GM.5.0.Zinc_cluster.0001	0.029737886122112762	1.1661773330887468	0.43478260869565216	1.0638297872340425
GM.5.0.C2H2_ZF.0196	-1.1597169070755808	1.7909933606632258	0.43478260869565216	2.127659574468085
GM.5.0.DM.0004	-0.15940844349504987	-1.1827161238506512	0.43478260869565216	0.0
GM.5.0.Unknown.0084	-1.2962780781259877	-0.5825008416611629	0.8695652173913043	0.7092198581560284
GM.5.0.Unknown.0128	-1.1619685716608266	1.0278840759706473	0.8695652173913043	0.3546099290780142
GM.5.0.C2H2_ZF.0283	0.4741035749224756	0.2629320235599944	0.43478260869565216	0.7092198581560284
GM.5.0.Mixed.0044	-2.1643090256602475	-1.2547216289092178	1.7391304347826086	0.3546099290780142
GM.5.0.Unknown.0092	-1.01279189782721	1.6536125795716017	0.43478260869565216	1.4184397163120568
GM.5.0.Nuclear_receptor.0070	-1.9599185062730204	-0.6078670436812398	0.0	1.0638297872340425
GM.5.0.Forkhead.0050	-1.2131781776927741	0.37446369989438816	1.3043478260869565	1.773049645390071
GM.5.0.bHLH.0086	-1.2553376374495755	-1.4556070981342921	0.0	0.0
GM.5.0.C2H2_ZF.0129	0.36771993478273673	0.5182536823652585	0.43478260869565216	0.7092198581560284
GM.5.0.GATA.0025	-2.212251139829958	0.7024100707008925	0.0	0.0
GM.5.0.Rel.0020	1.196111477542357	0.21670585822516883	3.4782608695652173	0.3546099290780142
GM.5.0.Unknown.0057	0.6858013198555419	1.2377479363906125	2.608695652173913	0.3546099290780142
GM.5.0.Grainyhead.0008	-0.12906584252356101	1.3091488476134165	0.0	1.0638297872340425
GM.5.0.Unknown.0161	-1.6925014267641363	1.4637946713999463	19.565217391304348	20.921985815602838
GM.5.0.T-box.0018	-2.0334228188843677	-0.5886861697459811	1.3043478260869565	0.7092198581560284
GM.5.0.SMAD.0007	-0.43621098040032374	-0.9813330919821964	1.7391304347826086	1.0638297872340425
GM.5.0.Homeodomain.0166	0.7611666107150552	-1.0232327667507626	3.0434782608695654	1.0638297872340425
GM.5.0.Unknown.0119	-0.07790563161898982	0.0794268899399291	0.0	0.3546099290780142
GM.5.0.C2H2_ZF.0012	0.12676809975834413	-2.26264838702249	0.8695652173913043	1.4184397163120568
GM.5.0.Homeodomain.0053	0.6123509228403727	0.18061209210529888	0.43478260869565216	1.0638297872340425
GM.5.0.C2H2_ZF.0123	-1.6279304214497115	-0.3178806439838751	1.3043478260869565	1.0638297872340425
GM.5.0.Unknown.0085	0.3965744856446145	0.05638615765452732	0.8695652173913043	0.7092198581560284
GM.5.0.Forkhead.0057	-0.936624355489502	1.2309153066758094	0.43478260869565216	0.7092198581560284
GM.5.0.GATA.0018	-0.5413398639937639	1.046825372672365	0.0	2.127659574468085
GM.5.0.Unknown.0121	1.257434641816739	-1.6263798128452052	11.304347826086957	11.347517730496454
GM.5.0.C2HC_ZF.0001	-1.5297599363293761	-0.1499964831047042	0.0	0.0
GM.5.0.Forkhead.0041	2.3696805030577117	-0.6652164001591119	3.0434782608695654	0.3546099290780142
GM.5.0.Homeodomain.0162	-1.384113617096094	-1.5410501260161098	0.8695652173913043	0.7092198581560284
GM.5.0.Myb_SANT.0009	1.0348490937399901	-1.4325222525543042	1.3043478260869565	0.3546099290780142
GM.5.0.C2H2_ZF.0219	-1.314613189172794	0.4303550227103193	2.1739130434782608	1.4184397163120568
GM.5.0.Ets.0038	-2.5995985904294803	0.3436789484854627	1.3043478260869565	1.773049645390071
GM.5.0.C2H2_ZF.0047	2.2762078346370815	-2.0512937624944563	2.1739130434782608	0.7092198581560284
GM.5.0.CUT_Homeodomain.0012	-0.7093184063859772	-0.9057070272057897	0.8695652173913043	1.0638297872340425
GM.5.0.Unknown.0157	0.3135641591591983	2.061954479847275	0.0	1.4184397163120568
GM.5.0.Mixed.0074	0.9986535323417046	-0.7245770602283298	0.0	1.0638297872340425
GM.5.0.C2H2_ZF.0307	-1.1114426732954892	-0.8002192647819573	1.3043478260869565	1.773049645390071
GM.5.0.GCM.0004	0.660329141137776	-2.316244146174243	2.608695652173913	1.4184397163120568
GM.5.0.C2H2_ZF.0134	0.2660228418099221	0.6856737431545522	1.7391304347826086	0.3546099290780142
GM.5.0.Nuclear_receptor.0104	2.0291622275133183	-1.961714605991927	2.1739130434782608	1.0638297872340425
GM.5.0.bHLH.0119	-0.2836943418326229	0.40074679901839094	1.3043478260869565	0.7092198581560284
GM.5.0.Homeodomain.0155	3.8255978076520414	-1.4450655595424016	6.086956521739131	0.0
GM.5.0.C2H2_ZF.0004	1.3569350274456318	-0.007998693958397286	0.0	1.0638297872340425
GM.5.0.C2H2_ZF.0132	0.6629989196237315	-2.278081748341059	0.8695652173913043	0.3546099290780142
GM.5.0.Unknown.0138	-0.1646897656283719	-0.33147700820555437	0.43478260869565216	1.0638297872340425
GM.5.0.Nuclear_receptor.0111	-0.22090993329949307	2.04632854282689	0.0	2.127659574468085
GM.5.0.RFX.0009	1.3425130613743315	0.15188079001377142	1.7391304347826086	0.0
GM.5.0.Mixed.0078	-1.885544054324957	0.9353122657192632	0.8695652173913043	1.4184397163120568
GM.5.0.C2H2_ZF.0110	-0.3807850612437064	-0.9991738518094083	1.3043478260869565	0.3546099290780142
GM.5.0.C2H2_ZF.0305	-1.92902855901125	-0.7475423584221849	0.8695652173913043	1.773049645390071
GM.5.0.Mixed.0035	2.5017546015958456	-1.9626107594601894	3.4782608695652173	0.3546099290780142
GM.5.0.C2H2_ZF.0089	-0.26406176496398226	2.0883639232367983	0.0	1.0638297872340425
GM.5.0.Unknown.0193	0.7200456871694796	1.5637602652075273	0.8695652173913043	1.0638297872340425
GM.5.0.Homeodomain.0120	1.2435246874055197	-0.6666933468767107	1.3043478260869565	1.0638297872340425
GM.5.0.C2H2_ZF.0076	-1.5869536557506556	-0.780063578661474	2.1739130434782608	1.0638297872340425
GM.5.0.Mixed.0033	2.006812672038395	-1.0286569134276482	3.0434782608695654	0.7092198581560284
GM.5.0.p53.0002	-0.33023587927939657	-0.10646620352626472	2.608695652173913	0.7092198581560284
GM.5.0.Paired_box.0012	-0.051479134758787216	0.5252613674290265	1.3043478260869565	0.3546099290780142
GM.5.0.Unknown.0117	0.6759017835314902	0.3700810973690112	1.3043478260869565	0.0
GM.5.0.Unknown.0202	0.3630526800531915	1.0487330777510924	0.43478260869565216	2.127659574468085
GM.5.0.GATA.0021	0.3717216532064161	-0.11289154758489044	0.43478260869565216	0.0
GM.5.0.bHLH.0120	0.3284699945516503	-0.8240980886735884	1.3043478260869565	2.127659574468085
GM.5.0.C2H2_ZF.0106	0.9602283093480842	-0.4126320532804584	6.521739130434782	4.25531914893617
GM.5.0.GCM.0003	0.8234650777527917	0.6761216953634973	1.7391304347826086	0.7092198581560284
GM.5.0.Homeodomain.0153	-0.13626613874663956	0.4983817945921499	1.3043478260869565	1.773049645390071
GM.5.0.SAND.0009	0.4601638995301666	1.0445270352169633	1.3043478260869565	1.4184397163120568
GM.5.0.bHLH.0083	0.616735326344117	-1.6035868856306417	5.217391304347826	1.773049645390071
GM.5.0.Prospero.0001	-1.0893955221866072	-0.6749905179123491	1.7391304347826086	3.546099290780142
GM.5.0.bZIP.0033	1.7483347845289183	-0.3392218390876585	0.0	0.0
GM.5.0.Paired_box.0010	-1.0697184451369606	0.47747849809328147	1.7391304347826086	0.3546099290780142
GM.5.0.Rel.0024	-1.9641385819232813	-0.8416727696813671	0.8695652173913043	2.4822695035460995
GM.5.0.Unknown.0099	1.6648660163814706	-0.7887422854666001	0.0	0.0
GM.5.0.Unknown.0034	0.10629398615576387	0.5355694030793142	0.43478260869565216	1.4184397163120568
GM.5.0.Unknown.0042	-1.3951329978290667	2.5031572413423224	0.0	2.127659574468085
GM.5.0.ARID_BRIGHT.0001	1.1020097107355176	-2.283085235409796	0.0	0.0
GM.5.0.Homeodomain.0108	-0.7162703660479006	0.05649038610598146	1.7391304347826086	1.773049645390071
GM.5.0.Nuclear_receptor.0083	-1.5307060100440066	1.966228498487357	0.8695652173913043	1.4184397163120568
GM.5.0.Nuclear_receptor.0142	-2.0088555841915925	0.7900132807867475	0.43478260869565216	1.4184397163120568
GM.5.0.C2H2_ZF.0143	1.1544522760815186	1.154951788948167	0.43478260869565216	2.4822695035460995
GM.5.0.Forkhead.0026	0.47150799622946443	1.0250363551953101	0.8695652173913043	0.7092198581560284
GM.5.0.C2H2_ZF.0301	1.6530669620485687	-1.4575491336930109	1.7391304347826086	0.3546099290780142
GM.5.0.Homeodomain.0189	0.4250304868975007	-0.14119179532570444	0.8695652173913043	2.127659574468085
GM.5.0.C2H2_ZF.0165	0.799841821773927	-0.3003186892146086	0.43478260869565216	1.4184397163120568
GM.5.0.Sox.0010	2.136697381111158	-1.5145655850641075	0.0	0.0
GM.5.0.C2H2_ZF.0172	-0.4072169186010822	0.03150100157910878	1.3043478260869565	0.3546099290780142
GM.5.0.Myb_SANT.0010	-0.8685771865495059	-0.44442337486307715	0.0	0.0
GM.5.0.Homeodomain.0118	-0.1720176448477741	-1.9155688902683028	0.0	0.0
GM.5.0.C2H2_ZF.0286	0.07830283888023115	0.13456102534073752	5.217391304347826	4.25531914893617
GM.5.0.Nuclear_receptor.0063	-0.8937274536938776	-0.09843570169048516	0.8695652173913043	1.773049645390071
GM.5.0.C2H2_ZF.0038	-1.4528223693707045	0.7708112950290563	1.3043478260869565	1.0638297872340425
GM.5.0.bHLH.0075	2.0604569912096165	-3.1752474508807906	3.0434782608695654	1.0638297872340425
GM.5.0.bHLH.0051	0.7416609232803755	0.925418307438804	1.7391304347826086	0.7092198581560284
GM.5.0.Forkhead.0048	-1.0059337640437238	1.882702034272918	2.1739130434782608	0.7092198581560284
GM.5.0.Homeodomain.0199	1.9165213812230155	-0.16754099822013466	3.0434782608695654	0.7092198581560284
GM.5.0.Forkhead.0042	1.2296568259106992	-0.2984074528804369	0.0	0.0
GM.5.0.C2H2_ZF.0277	0.9013223362859587	0.2176150446051112	2.608695652173913	0.0
GM.5.0.Nuclear_receptor.0065	-0.19315162215604828	1.1499086503709144	0.0	2.127659574468085
GM.5.0.TBP.0003	-1.6702512439601058	-0.4080429673925279	0.0	0.0
GM.5.0.C2H2_ZF.0208	-0.07561480523492811	1.4889547736782007	0.43478260869565216	0.3546099290780142
GM.5.0.Homeodomain.0017	1.0553976179405435	-1.752973636853395	2.1739130434782608	0.7092198581560284
GM.5.0.C2H2_ZF_Homeodomain.0002	1.4359567085179215	-2.1494554763261005	0.0	0.0
GM.5.0.bHLH.0054	1.0236409030295386	0.8158566903330202	0.8695652173913043	1.773049645390071
GM.5.0.Nuclear_receptor.0134	-2.1517500353114607	0.47241719498865287	1.3043478260869565	2.127659574468085
GM.5.0.bZIP.0076	-0.030362249322143757	-0.5108949160074824	0.43478260869565216	0.7092198581560284
GM.5.0.C2H2_ZF.0236	1.7337182733036927	-0.6250842659510386	3.91304347826087	1.4184397163120568
GM.5.0.C2H2_ZF.0257	-0.17780995907008315	1.5519294483241184	0.43478260869565216	2.127659574468085
GM.5.0.Unknown.0001	1.2349831672128746	0.6512509890474183	1.7391304347826086	2.127659574468085
GM.5.0.Homeodomain_POU.0019	0.06767008248326689	-0.35563261890691744	1.3043478260869565	1.4184397163120568
GM.5.0.Nuclear_receptor.0044	-0.2786037677248956	3.2051787514056738	0.0	1.0638297872340425
GM.5.0.Homeodomain.0187	2.6929735456232273	-2.879864116436689	3.0434782608695654	0.7092198581560284
GM.5.0.Homeodomain.0145	2.1398482420620053	-1.3333402454140448	3.4782608695652173	0.7092198581560284
GM.5.0.Mixed.0061	0.5306324431487397	0.41902443920602606	0.8695652173913043	0.3546099290780142
GM.5.0.C2H2_ZF.0293	-0.7822051352963506	0.5119108332310498	0.8695652173913043	0.7092198581560284
GM.5.0.ARID_BRIGHT.0003	0.2509846084466618	0.7365951197468393	3.4782608695652173	2.127659574468085
GM.5.0.Homeodomain.0091	1.9018976868222042	-1.2368153287008692	1.7391304347826086	0.3546099290780142
GM.5.0.Unknown.0110	-1.0189787485686483	-0.7200244410241093	0.43478260869565216	0.7092198581560284
GM.5.0.C2H2_ZF.0268	-0.7036259597772803	0.5888699421898228	0.43478260869565216	2.8368794326241136
GM.5.0.Forkhead.0018	0.2588365082904607	-0.7378655373822837	0.8695652173913043	1.4184397163120568
GM.5.0.Nuclear_receptor.0137	0.48069742902026874	2.000477264799495	0.8695652173913043	2.127659574468085
GM.5.0.GATA.0020	0.11554211369293363	-0.6358384038223754	1.3043478260869565	1.0638297872340425
GM.5.0.Homeodomain.0135	0.7043961808730608	-1.5817053119205187	2.1739130434782608	0.3546099290780142
GM.5.0.STAT.0021	1.221982048972952	0.8737809374657172	0.0	0.0
GM.5.0.C2H2_ZF.0075	-0.5708792244374135	0.1176209117654778	0.0	0.0
GM.5.0.C2H2_ZF.0152	-1.3265650102056095	0.9225984934692474	0.8695652173913043	1.0638297872340425
GM.5.0.Unknown.0143	0.8727896013646375	0.11554123805789258	0.0	0.0
GM.5.0.Grainyhead.0006	2.19781201558623	-1.258298896715499	3.91304347826087	1.0638297872340425
GM.5.0.C2H2_ZF.0238	-0.0401061097145419	-0.17327691448200874	1.7391304347826086	1.0638297872340425
GM.5.0.C2H2_ZF.0178	-0.9586200507806782	1.2587544726129882	2.1739130434782608	2.127659574468085
GM.5.0.bHLH.0003	-0.3353616370246513	1.6367147788986607	2.1739130434782608	2.127659574468085
GM.5.0.C2H2_ZF.0069	-1.365313818895883	0.16272879086592265	1.7391304347826086	1.0638297872340425
GM.5.0.T-box.0021	0.9229729896241186	0.2510264297573475	0.43478260869565216	2.4822695035460995
GM.5.0.C2H2_ZF.0114	-1.0669200311646825	1.3373031961563937	1.7391304347826086	2.127659574468085
GM.5.0.C2H2_ZF.0080	-1.051568456822077	1.5840440499964334	1.3043478260869565	1.4184397163120568
GM.5.0.Nuclear_receptor.0119	-0.9496220444753275	2.762219696759677	0.0	1.4184397163120568
GM.5.0.Homeodomain.0068	2.195746396765658	-1.3888664877672443	0.0	0.0
GM.5.0.STAT.0025	0.19452877069931615	0.9380341780016325	0.8695652173913043	0.7092198581560284
GM.5.0.Paired_box.0013	-0.5052574943501695	1.6951272179219443	0.0	0.0
GM.5.0.C2H2_ZF.0115	-3.1713376989069424	1.5462782188441515	0.43478260869565216	2.8368794326241136
GM.5.0.Nuclear_receptor.0082	-1.7934020056560493	2.233500459276483	0.0	0.0
GM.5.0.Homeodomain.0132	-1.490513532447291	-0.9902252629096435	2.1739130434782608	1.773049645390071
GM.5.0.bHLH.0085	-0.05207444080897643	-0.4366309049336444	0.8695652173913043	1.773049645390071
GM.5.0.Unknown.0006	2.4622176262912916	-0.8072547308094351	1.3043478260869565	0.7092198581560284
GM.5.0.GATA.0024	1.284272994043847	-2.1809735075600556	2.1739130434782608	3.546099290780142
GM.5.0.bZIP.0032	-1.3374580679951018	0.20490935419768572	0.43478260869565216	1.773049645390071
GM.5.0.T-box.0002	1.4507096787559455	-0.8085032386320139	2.1739130434782608	1.0638297872340425
GM.5.0.MADS_box.0015	-1.192864750334028	-0.4608388642836246	2.1739130434782608	1.0638297872340425
GM.5.0.C2H2_ZF.0011	-0.630475989173595	0.7422143125942052	0.43478260869565216	1.4184397163120568
GM.5.0.Unknown.0144	-0.39140644117403595	-1.3201021095411978	2.1739130434782608	2.8368794326241136
GM.5.0.C2H2_ZF.0007	-0.24785292024830763	1.2531220436035122	0.43478260869565216	1.4184397163120568
GM.5.0.Unknown.0054	0.5535221039267738	1.1856596557399486	0.0	1.773049645390071
GM.5.0.Unknown.0025	-2.3619647019871515	0.10055806958094883	0.0	0.0
GM.5.0.Mixed.0087	-0.7058100131731935	0.36989304976328347	0.8695652173913043	1.4184397163120568
GM.5.0.Unknown.0133	-1.6636688940687945	2.7919605546765736	0.0	1.773049645390071
GM.5.0.Unknown.0190	0.9275438311767822	0.7918413468826704	0.0	0.7092198581560284
GM.5.0.MADS_box.0004	-1.5576036999252816	-1.2507715526012975	2.1739130434782608	3.1914893617021276
GM.5.0.Unknown.0086	-1.996758202728123	-2.0564768207219015	1.3043478260869565	1.0638297872340425
GM.5.0.C2H2_ZF.0186	1.5141098619211266	-1.4450024221123794	0.0	0.0
GM.5.0.C2H2_ZF.0256	-1.073570223456557	-0.8252356943828709	1.3043478260869565	0.7092198581560284
GM.5.0.HSF.0010	-0.04801120988445867	0.1282330882362253	1.3043478260869565	1.773049645390071
GM.5.0.C2H2_ZF.0235	-1.165753010540723	1.227545434161758	0.43478260869565216	2.127659574468085
GM.5.0.SMAD.0015	-0.5843933642986107	-0.3583398014128761	1.3043478260869565	2.8368794326241136
GM.5.0.Homeodomain.0185	1.814558327674604	-1.867560786308182	3.0434782608695654	1.773049645390071
GM.5.0.bZIP.0004	2.246286857236329	-1.7513598756230297	3.91304347826087	1.0638297872340425
GM.5.0.Homeodomain.0165	3.5670556005281275	-1.0652134836898777	6.521739130434782	0.0
GM.5.0.Mixed.0063	0.06359999094940458	0.6829359110312958	1.7391304347826086	1.773049645390071
GM.5.0.Homeodomain.0136	-1.0298497393183978	-0.7004995677221872	2.608695652173913	1.4184397163120568
GM.5.0.Unknown.0205	-1.1572193848872703	0.6548738567095231	0.0	1.4184397163120568
GM.5.0.Homeodomain.0142	-0.3605507441618466	-0.9235047698608511	0.0	0.0
GM.5.0.bHLH.0039	-1.5814861103139324	-0.8274330867960893	1.7391304347826086	2.8368794326241136
GM.5.0.C2H2_ZF.0285	-0.8910171462826427	1.492623033552366	2.1739130434782608	1.4184397163120568
GM.5.0.C2H2_ZF.0222	-1.892575033701715	1.47394845958462	0.43478260869565216	1.4184397163120568
GM.5.0.Pipsqueak.0001	0.7030992175459992	0.5061555556309889	0.0	0.0
GM.5.0.bHLH.0058	-0.06046628233906125	-3.036191086697151	3.4782608695652173	2.4822695035460995
GM.5.0.Unknown.0189	-2.0762712914920716	-2.3785784768911933	3.0434782608695654	1.4184397163120568
GM.5.0.Paired_box.0016	-2.231823549084598	-0.5712618331741937	0.43478260869565216	1.773049645390071
GM.5.0.Unknown.0046	2.055142349394871	-0.30398362485421104	4.3478260869565215	0.7092198581560284
GM.5.0.Mixed.0073	0.947218513210029	-1.9340228274861913	1.7391304347826086	1.0638297872340425
GM.5.0.C2H2_ZF.0254	0.5126802178882701	-0.5440409503000042	2.1739130434782608	2.4822695035460995
GM.5.0.C2H2_ZF.0003	0.764586294760204	-0.08510424180431758	0.43478260869565216	1.4184397163120568
GM.5.0.STAT.0015	0.3404741577409655	0.0006790348139810001	2.608695652173913	1.0638297872340425
GM.5.0.Grainyhead.0007	-0.19798846369026749	0.6752060615506755	0.8695652173913043	2.127659574468085
GM.5.0.Unknown.0036	0.9288297993755937	-0.359190818132819	1.7391304347826086	0.7092198581560284
GM.5.0.Homeodomain.0192	2.2560868221760995	-1.1627123939811428	4.782608695652174	0.7092198581560284
GM.5.0.Nuclear_receptor.0086	-1.364456864286787	-0.44709239118839494	0.0	0.3546099290780142
GM.5.0.Grainyhead.0011	-0.9432299537130325	-0.7290437709784986	3.4782608695652173	3.900709219858156
GM.5.0.Sox.0028	-1.0006874308859925	1.2821525499642965	2.1739130434782608	1.4184397163120568
GM.5.0.C2H2_ZF.0170	0.6565428801519189	-1.152908608541916	1.7391304347826086	0.3546099290780142
GM.5.0.bZIP.0102	-2.9957733928662615	2.8081112885939565	1.7391304347826086	4.964539007092199
GM.5.0.C2H2_ZF.0104	0.771498965355643	0.6060217997826977	2.1739130434782608	0.3546099290780142
GM.5.0.HSF.0006	-0.17875527942078803	-0.047636746695924895	0.43478260869565216	1.4184397163120568
GM.5.0.Unknown.0181	0.13605546893228435	-0.2726789189442614	0.8695652173913043	2.4822695035460995
GM.5.0.Homeodomain_POU.0025	2.3270975207557543	-2.5625098857344684	3.4782608695652173	1.0638297872340425
GM.5.0.Homeodomain.0098	2.5844118550162913	-0.9615177027786725	6.956521739130435	1.0638297872340425
GM.5.0.C2H2_ZF.0255	0.9307934980542772	-0.5163762021070906	2.1739130434782608	2.127659574468085
GM.5.0.C2H2_ZF.0249	-0.7407590411575633	1.1374336351846133	0.8695652173913043	1.4184397163120568
GM.5.0.Paired_box.0022	-2.7029796739513388	-1.167829231373338	1.3043478260869565	0.7092198581560284
GM.5.0.AT_hook.0006	-2.456295676195748	-0.2942173023964441	1.7391304347826086	0.3546099290780142
GM.5.0.bHLH.0056	0.019888899757793753	-1.581545647440885	0.0	0.0
GM.5.0.C2H2_ZF.0189	0.12107364190738266	-0.22876217909158375	1.7391304347826086	1.4184397163120568
GM.5.0.Homeodomain.0030	-1.4921479261974677	-1.8495599458599494	1.7391304347826086	0.7092198581560284
GM.5.0.Homeodomain.0076	1.8537053275001785	-0.5414301211812328	2.1739130434782608	1.4184397163120568
GM.5.0.CUT_Homeodomain.0006	0.7680337882964398	-0.6135706980001361	1.3043478260869565	0.7092198581560284
GM.5.0.Unknown.0173	-0.08285178356779906	-0.34534571320760193	1.7391304347826086	1.4184397163120568
GM.5.0.bZIP.0006	1.0799539117240706	0.1830936989043737	1.3043478260869565	1.0638297872340425
GM.5.0.C2H2_ZF.0039	-0.256775673167169	0.5216508168902294	0.43478260869565216	0.3546099290780142
GM.5.0.C2H2_ZF.0112	-0.4571825008501357	0.08247063264003097	1.7391304347826086	1.4184397163120568
GM.5.0.GATA.0030	0.7586988545287149	-0.9199164939095078	1.3043478260869565	1.773049645390071
GM.5.0.C2H2_ZF.0230	0.14811398085408656	-1.036135468012533	2.1739130434782608	2.127659574468085
GM.5.0.Mixed.0050	0.30036358332132157	1.2437848759850831	2.1739130434782608	1.4184397163120568
GM.5.0.Mixed.0042	0.30511198872389766	1.6634647245810097	0.43478260869565216	1.773049645390071
GM.5.0.Unknown.0098	0.39302690190319767	0.3509899040106434	0.8695652173913043	0.7092198581560284
GM.5.0.Unknown.0185	0.15535682814173807	-0.3468865466339851	2.608695652173913	0.3546099290780142
GM.5.0.bZIP.0026	-0.500706978309797	-0.013014434673961963	2.1739130434782608	3.900709219858156
GM.5.0.CxxC.0001	-0.39193925838606775	-3.9697481440807265	3.91304347826087	1.773049645390071
GM.5.0.Homeodomain.0151	1.4861925315144655	-0.6819817613326613	3.4782608695652173	0.7092198581560284
GM.5.0.Unknown.0011	2.08597774680859	-2.7900795130706215	5.6521739130434785	1.4184397163120568
GM.5.0.Mixed.0056	-1.8805668353678229	0.5642995593274858	0.43478260869565216	0.3546099290780142
GM.5.0.Mixed.0105	0.5649629616484545	0.16122662590971476	2.608695652173913	2.127659574468085
GM.5.0.Unknown.0009	2.30935536128134	-2.9086645517168335	2.608695652173913	0.7092198581560284
GM.5.0.Nuclear_receptor.0140	1.0049664302819568	0.7302176481402878	0.0	0.0
GM.5.0.Unknown.0109	0.7139479055681258	1.2225638947996211	0.8695652173913043	1.773049645390071
GM.5.0.MADS_box.0008	-0.03208457376364493	-0.9570971588529741	0.8695652173913043	1.773049645390071
GM.5.0.Forkhead.0020	-1.6789713349916322	0.2222994838755072	0.0	0.0
GM.5.0.Unknown.0077	-0.7152599519894741	0.10307228457367387	0.0	0.0
GM.5.0.T-box.0007	-0.984842416408332	-0.4623744546129256	3.0434782608695654	2.127659574468085
GM.5.0.Homeodomain.0086	1.9837792679119859	-0.09020841161850376	3.91304347826087	1.773049645390071
GM.5.0.bHLH.0100	-0.3821732680297488	-0.29728941895888744	1.3043478260869565	2.127659574468085
GM.5.0.bZIP.0021	-2.394593972451852	0.4662720659033679	2.1739130434782608	2.8368794326241136
GM.5.0.C2H2_ZF.0209	-0.012310162744357452	1.2321787856045265	0.8695652173913043	1.773049645390071
GM.5.0.Unknown.0103	0.6269063238505885	-1.2136475766500114	1.7391304347826086	1.773049645390071
GM.5.0.DM.0009	0.4736148242440412	-0.6827949182213323	2.1739130434782608	1.4184397163120568
GM.5.0.C2H2_ZF.0298	-3.4725148328085744	0.5609276475277171	0.0	1.4184397163120568
GM.5.0.Unknown.0198	0.0931850856760706	-1.224634207706959	3.0434782608695654	2.127659574468085
GM.5.0.Unknown.0183	-0.3183331742351576	1.9612299720930406	0.0	2.4822695035460995
GM.5.0.Runt.0005	-0.3473543600954918	1.038708979188857	0.0	0.0
GM.5.0.E2F.0005	1.8460517245363477	-2.14368838921696	3.91304347826087	0.7092198581560284
GM.5.0.Nuclear_receptor.0149	-0.9744018847524235	0.12948993012234372	0.8695652173913043	0.3546099290780142
GM.5.0.C2H2_ZF.0162	0.9061797929530119	-4.2547660871875514	2.608695652173913	1.4184397163120568
GM.5.0.STAT.0019	-0.005147471226081795	1.115026279724603	0.8695652173913043	1.0638297872340425
GM.5.0.Sox.0027	1.4757304302014544	-0.5498239301179425	0.8695652173913043	0.3546099290780142
GM.5.0.Nuclear_receptor.0056	-1.2735645625906389	0.9066257622895917	0.8695652173913043	1.4184397163120568
GM.5.0.Unknown.0114	-1.3016318697415856	-1.5333598086784799	3.4782608695652173	2.127659574468085
GM.5.0.Paired_box.0009	-0.07000789704913417	0.9232191320647369	1.3043478260869565	2.4822695035460995
GM.5.0.Nuclear_receptor.0128	-0.13181878648065729	0.13173714881394413	2.1739130434782608	3.1914893617021276
GM.5.0.C2H2_ZF.0034	0.45476279503188893	-1.7924079308143241	2.1739130434782608	2.4822695035460995
GM.5.0.IRF.0017	-0.5731362761269063	2.4976066582433667	0.0	1.773049645390071
GM.5.0.C2H2_ZF.0108	0.3794502681025973	-0.010501856676875436	1.7391304347826086	1.0638297872340425
GM.5.0.Forkhead.0037	1.1411308692164495	-1.416045924488881	5.217391304347826	2.127659574468085
GM.5.0.C2H2_ZF.0092	1.2944381671416798	0.07283265675481991	1.7391304347826086	2.127659574468085
GM.5.0.HSF.0003	0.10190963824902598	0.09246912100445326	2.608695652173913	1.4184397163120568
GM.5.0.C2H2_ZF.0251	0.588912813467151	0.46969426586527563	1.7391304347826086	1.4184397163120568
GM.5.0.Nuclear_receptor.0118	-0.6651406493110669	2.3354979528617075	0.8695652173913043	2.127659574468085
GM.5.0.C2H2_ZF.0154	-0.24734710454806333	0.29692798110310525	1.3043478260869565	1.0638297872340425
GM.5.0.C2H2_ZF.0173	-2.1686049775750944	1.590606055221886	0.0	2.8368794326241136
GM.5.0.Unknown.0150	-0.5220190848410907	2.2745966450059667	1.3043478260869565	2.127659574468085
GM.5.0.E2F.0012	2.0230710572071966	-1.2130088743063798	2.608695652173913	0.7092198581560284
GM.5.0.bZIP.0073	-2.392504546158639	-1.3837773542263265	3.0434782608695654	1.773049645390071
GM.5.0.Unknown.0014	-0.3901558816058082	1.4471084381713457	0.8695652173913043	2.127659574468085
GM.5.0.Nuclear_receptor.0109	-1.0030351068630128	1.4915969296433387	0.43478260869565216	2.4822695035460995
GM.5.0.Homeodomain.0004	-1.3706010155635517	-1.3100939660928448	0.0	0.0
GM.5.0.bZIP.0071	2.3033483667113432	-1.1633194858780802	0.0	0.0
GM.5.0.Unknown.0021	-0.15996930083511873	-0.7574193816369901	0.43478260869565216	1.773049645390071
GM.5.0.Unknown.0118	-0.8170126102296287	1.5627242583577987	0.43478260869565216	2.4822695035460995
GM.5.0.C2H2_ZF.0296	0.4488640554423331	0.5075678945035665	0.0	0.0
GM.5.0.bHLH.0024	3.333042198700832	-1.4249942609092627	7.82608695652174	0.7092198581560284
GM.5.0.Unknown.0075	0.6201212519848734	0.7126973225074049	2.608695652173913	0.7092198581560284
GM.5.0.Paired_box.0005	0.2907643904947914	0.849233378458013	1.7391304347826086	1.0638297872340425
GM.5.0.RFX.0012	-0.9550040231905975	0.05888681736330933	1.7391304347826086	1.0638297872340425
GM.5.0.Unknown.0043	0.05467928302700779	-2.423388999201419	0.0	0.0
GM.5.0.C2H2_ZF.0150	-1.546543282942314	-1.1263128558988762	2.608695652173913	1.4184397163120568
GM.5.0.EIN3.0002	0.6817993920849127	-1.6445294920180176	4.3478260869565215	1.773049645390071
GM.5.0.Homeodomain.0148	-0.32110509466887316	0.6514045283288985	3.4782608695652173	3.1914893617021276
GM.5.0.C2H2_ZF.0070	-0.1626410518268886	2.0679441867565806	0.43478260869565216	2.8368794326241136
GM.5.0.bZIP.0043	1.1750263062963828	-0.3385707740138255	0.8695652173913043	1.773049645390071
GM.5.0.Sox.0009	-0.0867333723096949	0.5526872541123651	2.1739130434782608	2.127659574468085
GM.5.0.bHLH.0015	-0.16630680297989472	-0.38882834135727457	3.4782608695652173	3.546099290780142
GM.5.0.Paired_box.0018	-1.100220414323954	1.9348824443384678	0.8695652173913043	4.25531914893617
GM.5.0.Unknown.0079	-1.0119970332201635	2.2534927389680526	0.0	0.0
GM.5.0.C2H2_ZF.0053	0.57018277699124	-2.052530510391269	5.217391304347826	1.0638297872340425
GM.5.0.Homeodomain.0122	1.3641730399655054	-3.15173865170375	6.956521739130435	2.4822695035460995
GM.5.0.Homeodomain.0066	0.21246580575650884	-0.791573130635401	2.608695652173913	1.4184397163120568
GM.5.0.Unknown.0094	-1.4980983437127402	0.6910938444267933	1.3043478260869565	2.8368794326241136
GM.5.0.C2H2_ZF.0084	-3.4335559998006833	0.6473107971006477	0.43478260869565216	1.4184397163120568
GM.5.0.Ets.0028	-0.5302812439468393	1.8613397916320036	0.8695652173913043	3.546099290780142
GM.5.0.C2H2_ZF.0060	-0.046365229862524844	-0.1756092082806455	3.0434782608695654	0.7092198581560284
GM.5.0.Nuclear_receptor.0114	-0.38094399658861744	2.5990526724676104	0.8695652173913043	2.4822695035460995
GM.5.0.Forkhead.0024	-1.3430591686966047	0.489865524963829	1.3043478260869565	2.8368794326241136
GM.5.0.Rel.0010	-0.02418067056738219	0.5237145067675144	4.3478260869565215	3.546099290780142
GM.5.0.Forkhead.0031	-0.2417830075357746	-0.399338433442398	1.3043478260869565	3.900709219858156
GM.5.0.Homeodomain.0203	-0.2703477984499857	0.18577393404312795	3.0434782608695654	2.127659574468085
GM.5.0.C2H2_ZF.0193	-2.6343320462230984	0.0420171184055546	0.8695652173913043	2.4822695035460995
GM.5.0.RFX.0007	-3.1316851809259627	1.1860387038720044	0.0	2.8368794326241136
GM.5.0.SMAD.0002	1.5517107887600126	-1.03098287322022	0.0	0.0
GM.5.0.Unknown.0023	0.2480897083686729	-1.1689487094740938	5.217391304347826	1.0638297872340425
GM.5.0.C2H2_ZF.0043	-1.2574871172803461	0.34600198542133864	1.3043478260869565	2.4822695035460995
GM.5.0.Sox.0020	-0.0960817961856191	0.4398951546361347	1.7391304347826086	1.4184397163120568
GM.5.0.Unknown.0196	-0.5744020908063228	-0.31174526949958803	0.8695652173913043	0.7092198581560284
GM.5.0.GATA.0023	2.6592365896995043	-1.7778349567250311	4.782608695652174	1.773049645390071
GM.5.0.MADS_box.0001	-0.710301408242951	1.2070795793192182	3.0434782608695654	2.4822695035460995
GM.5.0.bHLH.0126	0.3838794034328154	1.0034646182688538	1.3043478260869565	1.773049645390071
GM.5.0.Homeodomain.0079	1.007820311996733	0.35261178295104684	0.0	0.0
GM.5.0.MADS_box.0019	-1.1009023370466302	2.784649700980394	0.8695652173913043	3.546099290780142
GM.5.0.C2H2_ZF.0226	1.7216949851611059	-1.7543946179656829	2.1739130434782608	2.4822695035460995
GM.5.0.C2H2_ZF.0088	0.019731458888404992	-1.0002703923261298	1.7391304347826086	1.4184397163120568
GM.5.0.THAP_finger.0005	-1.497110301021859	0.04370338602239345	1.7391304347826086	1.4184397163120568
GM.5.0.Unknown.0050	-0.5868789275840767	-0.21728400110306134	1.7391304347826086	2.8368794326241136
GM.5.0.C2H2_ZF.0252	0.6755904576404549	1.2110357282443887	2.1739130434782608	1.0638297872340425
GM.5.0.E2F.0017	1.4846987881856424	-0.4839152054697166	2.1739130434782608	0.3546099290780142
GM.5.0.Unknown.0148	0.7647235600773243	-0.1838413980751387	3.0434782608695654	1.4184397163120568
GM.5.0.bZIP.0084	0.545535020363361	1.011747089064682	0.8695652173913043	2.4822695035460995
GM.5.0.RFX.0017	-0.3735924527662449	0.306906623717167	2.1739130434782608	3.1914893617021276
GM.5.0.Ets.0036	0.2636071871436377	-0.6041768243383786	3.0434782608695654	1.773049645390071
GM.5.0.Ets.0011	-1.0089555330449047	3.1560138205225403	0.43478260869565216	2.8368794326241136
GM.5.0.TEA.0007	-2.188562307863403	2.179097726331065	2.608695652173913	6.028368794326241
GM.5.0.Mixed.0034	0.20039705851193243	-0.4645281376772422	0.8695652173913043	2.8368794326241136
GM.5.0.Unknown.0206	-0.47251920233732314	-0.026973221307801155	1.7391304347826086	1.0638297872340425
GM.5.0.THAP_finger.0006	-1.0133327287993352	0.02598989095808977	3.4782608695652173	1.773049645390071
GM.5.0.Mixed.0080	-0.08866441636922845	3.1296699914078836	0.0	0.0
GM.5.0.IRF.0021	-0.04192694270640737	-0.4042295983171751	2.608695652173913	1.4184397163120568
GM.5.0.Unknown.0032	-0.2830666793413645	0.5305168928270696	3.4782608695652173	3.1914893617021276
GM.5.0.bHLH.0104	0.3140626644757528	1.0723653312653327	2.608695652173913	1.4184397163120568
GM.5.0.GATA.0004	1.5444257080873796	-0.40009370769642655	0.0	0.0
GM.5.0.E2F.0008	-0.45937475066064354	-0.6451617784222243	1.7391304347826086	1.4184397163120568
GM.5.0.bHLH.0010	3.159616697704909	-2.3344691601278513	8.26086956521739	0.3546099290780142
GM.5.0.C2H2_ZF.0019	0.47886431164582965	-0.052302937289868054	0.0	0.0
GM.5.0.Forkhead.0047	0.17395496025314083	-0.1130568607011397	3.0434782608695654	2.8368794326241136
GM.5.0.Homeodomain.0200	1.5827864393763578	-0.7184618400413164	3.91304347826087	1.773049645390071
GM.5.0.C2H2_ZF.0036	-0.3744682122326502	1.6730795602630124	0.8695652173913043	2.8368794326241136
GM.5.0.bZIP.0065	0.799293570146012	0.02082286424802549	5.6521739130434785	1.773049645390071
GM.5.0.Mixed.0084	2.9480772095255765	-1.1723725904742153	2.1739130434782608	1.4184397163120568
GM.5.0.Mixed.0017	-1.3457046800656773	-0.3107204736215517	0.8695652173913043	2.127659574468085
GM.5.0.Rel.0017	-1.0991506787086147	0.07848649116162258	0.8695652173913043	1.0638297872340425
GM.5.0.SMAD.0012	0.8958278117240602	-1.4570871707170423	2.1739130434782608	1.0638297872340425
GM.5.0.bZIP.0092	-1.2978233501498255	0.5454208908407951	2.1739130434782608	2.8368794326241136
GM.5.0.Mixed.0011	2.7689588044948774	-1.3786867942031558	0.0	0.0
GM.5.0.STAT.0017	1.4504055545261283	-0.14449601021348596	3.91304347826087	3.900709219858156
GM.5.0.Mixed.0079	0.6364446701474983	-1.5759809243202472	3.0434782608695654	2.127659574468085
GM.5.0.Nuclear_receptor.0009	-1.6037140639575045	3.606962414497479	1.3043478260869565	3.1914893617021276
GM.5.0.Mixed.0072	0.678710957391937	0.378882792632146	1.7391304347826086	1.0638297872340425
GM.5.0.C2H2_ZF.0210	-0.21233394850472942	1.491320449640872	0.0	0.0
GM.5.0.MBD.0002	0.4552418902085969	-0.03547698199406872	0.0	0.0
GM.5.0.C2H2_ZF.0272	0.2738059566672172	-0.7371336881412449	5.6521739130434785	3.1914893617021276
GM.5.0.C2H2_ZF.0054	-1.2674680225185944	-0.013101949157459773	2.608695652173913	1.773049645390071
GM.5.0.MADS_box.0017	-0.8992490229017307	0.23473976917559525	3.0434782608695654	1.4184397163120568
GM.5.0.Homeodomain.0050	2.7589311385354325	-2.6343063169508856	13.91304347826087	1.4184397163120568
GM.5.0.MADS_box.0003	-0.7402727606687709	-0.36874950848425014	2.608695652173913	5.319148936170213
GM.5.0.Unknown.0182	0.35422230224755974	-0.8414148713031615	2.608695652173913	3.900709219858156
GM.5.0.Sox.0003	-1.3012462261367144	0.49317318240683117	1.3043478260869565	3.1914893617021276
GM.5.0.C2H2_ZF.0027	1.4146455123229773	-1.5969552137804621	0.0	0.0
GM.5.0.C2H2_ZF.0195	0.9391991411068594	-0.08642103603953703	0.8695652173913043	1.0638297872340425
GM.5.0.Nuclear_receptor.0048	-0.49460123363131114	-0.3016403122531903	2.608695652173913	3.1914893617021276
GM.5.0.Nuclear_receptor.0079	0.8500494860403094	0.3986602807706872	3.4782608695652173	3.546099290780142
GM.5.0.Unknown.0178	-1.144059278394757	-0.7549468458083496	1.3043478260869565	1.4184397163120568
GM.5.0.Sox.0014	0.0456979467922941	1.3854780495547263	5.217391304347826	2.4822695035460995
GM.5.0.Homeodomain.0129	3.78440254609933	-2.43024523466748	8.26086956521739	2.4822695035460995
GM.5.0.C2H2_ZF.0316	-0.3715592548957982	2.4958079643437903	0.43478260869565216	6.028368794326241
GM.5.0.Ets.0024	-1.2725626205902845	0.5493548265049083	3.4782608695652173	2.4822695035460995
GM.5.0.STAT.0007	-2.582544816000468	2.9783713330959087	2.1739130434782608	8.51063829787234
GM.5.0.Unknown.0004	-0.9070476251322629	2.5121935675022407	2.608695652173913	20.212765957446805
GM.5.0.C2H2_ZF.0136	0.22609085270005247	0.06314087958984567	2.1739130434782608	1.0638297872340425
GM.5.0.RFX.0003	0.5608258356316363	1.3249523176322988	3.91304347826087	3.900709219858156
GM.5.0.Unknown.0017	-1.2226754573174368	1.2508194592054296	1.3043478260869565	3.1914893617021276
GM.5.0.bHLH.0006	1.5210605145427354	-1.8974934666613186	5.6521739130434785	5.673758865248227
GM.5.0.C2H2_ZF.0243	2.0807640289385203	-0.7777663197016075	4.3478260869565215	2.127659574468085
GM.5.0.Ets.0046	2.0223728961043173	0.24152471249405646	0.0	0.0
GM.5.0.bZIP.0096	-1.8453678816598418	-1.1081574338685503	5.217391304347826	8.51063829787234
GM.5.0.Rel.0006	-2.1988627848625764	3.24980085810428	1.3043478260869565	14.184397163120568
GM.5.0.bZIP.0003	-1.291096590181923	4.554706215254282	0.43478260869565216	17.375886524822697
GM.5.0.Homeodomain.0178	2.668401995546314	-1.7132623332564176	0.0	0.0
GM.5.0.bZIP.0013	-2.1385526888699564	5.091381591215978	2.1739130434782608	46.45390070921986
GM.5.0.SAND.0004	3.251167118884941	-1.9123692498873561	0.0	0.0
GM.5.0.RFX.0018	0.2955494903387575	-1.4645385263869726	12.173913043478262	15.602836879432624
GM.5.0.Unknown.0124	-0.8056321234736719	0.4953334603736091	0.0	0.0
GM.5.0.GATA.0013	-0.33082993858856463	3.024370815776071	0.0	0.0
GM.5.0.Forkhead.0043	-0.5876527741755861	3.370610978396782	0.0	0.0
