	z-score cluster_1	z-score cluster_2	z-score cluster_3	cluster_1 % with motif	cluster_2 % with motif	cluster_3 % with motif
GM.5.0.GATA.0013	0.20579350875726743	3.020540137641794	0.756074309687277	0.0	0.0	0.0
GM.5.0.Forkhead.0043	0.2846107180756716	0.356735924524383	-0.16357047499083704	0.0	0.0	0.0
GM.5.0.Unknown.0159	-0.06428738130480759	0.08861627859472035	1.649844603169389	0.0691085003455425	0.0	0.0390625
GM.5.0.Homeodomain.0142	1.9939581672027227	0.43934941567466174	0.3854270305832656	0.0	0.0	0.0
GM.5.0.C2H2_ZF.0188	1.150860029042751	1.2660326578176924	0.6355206624993786	0.0691085003455425	0.0	0.3515625
GM.5.0.Unknown.0113	-0.37460317786328695	-1.825007039597926	-1.9051396492195516	0.27643400138217	0.0	0.390625
GM.5.0.Unknown.0171	-1.1074422526187082	1.3236597754384392	-0.3772687464285499	0.0	0.0	0.0
GM.5.0.Homeodomain.0049	-0.7402856850632752	1.9157414584047978	0.3651935907579759	0.55286800276434	0.3115264797507788	0.3515625
GM.5.0.bHLH.0098	0.6073436762120064	-0.6175443300245093	2.225279576071475	0.6219765031098825	1.2461059190031152	1.3671875
GM.5.0.C2H2_ZF.0076	-1.8318071699817762	0.9612868581558931	-1.7969250850209053	0.0	0.0	0.0
GM.5.0.RFX.0016	1.3606248091887843	-0.361348348216889	-0.6684867211923701	0.0	0.0	0.0
GM.5.0.Unknown.0027	-2.650324227327492	-0.7104662201682523	0.9521890405055432	0.691085003455425	3.115264797507788	0.9765625
GM.5.0.Nuclear_receptor.0104	0.3992406542984125	-1.1271528703097007	2.860862410571455	1.1748445058742225	0.9345794392523363	0.8984374999999999
GM.5.0.Unknown.0128	-1.5821303878771065	-1.888323676322432	-0.14139689034453118	0.27643400138217	0.0	0.42968750000000006
GM.5.0.Mixed.0104	-0.32372352328675597	1.3293618301679917	1.1418580043906688	0.414651002073255	0.6230529595015576	0.3515625
GM.5.0.bHLH.0063	-0.2624374598053635	-0.9958035868994264	3.2028375842587113	3.1789910158949555	3.115264797507788	3.8671875
GM.5.0.C2H2_ZF_Homeodomain.0003	1.7467633282788841	1.013441643291374	0.8428856463785029	0.0	0.0	0.0
GM.5.0.GATA.0016	-0.4242792941270604	1.6992912566520768	1.3323224919362893	1.4512785072563925	1.8691588785046727	1.484375
GM.5.0.Nuclear_receptor.0139	0.9148880752142209	-1.2002738075535553	0.6232205322596927	0.27643400138217	1.2461059190031152	1.171875
GM.5.0.Unknown.0099	0.3775596509768633	0.38940064543856173	0.3577345512405908	0.0	0.0	0.0
GM.5.0.C2H2_ZF.0250	-1.1153497963549464	1.140643885874023	0.22865282516047994	0.2073255010366275	0.3115264797507788	0.1171875
GM.5.0.Nuclear_receptor.0072	-1.4205594045973853	-0.2110639987846327	3.3911718010121246	1.0366275051831375	0.6230529595015576	0.625
GM.5.0.Unknown.0052	2.4631646765305266	-2.110338238302547	-1.7146643947344906	3.3863165169315828	1.557632398753894	2.1875
GM.5.0.Homeodomain.0047	-1.1541149467587064	2.17551054672798	-1.0989542798429748	0.8984105044920525	0.6230529595015576	1.09375
GM.5.0.C2H2_ZF.0131	2.6780314040895186	-1.02477342546008	-0.9041873387049721	0.8984105044920525	0.6230529595015576	0.2734375
GM.5.0.C2H2_ZF.0119	1.4607912354390935	-0.4164783360442275	1.2308887127050336	0.414651002073255	0.3115264797507788	0.9375
GM.5.0.Nuclear_receptor.0084	-1.1266871642451184	2.342542781330952	0.20613888412120382	0.414651002073255	2.1806853582554515	0.5078125
GM.5.0.C2H2_ZF.0280	0.09716149831653062	-1.509131634955905	-0.2582193181497421	0.691085003455425	1.2461059190031152	0.6640625
GM.5.0.Myb_SANT.0012	1.3365512629421734	0.28003686535309014	-0.6924400685795363	1.1748445058742225	0.3115264797507788	0.703125
GM.5.0.C2H2_ZF.0152	-0.766558831424841	1.9312905163735357	0.9414372939620779	0.48375950241879756	2.4922118380062304	0.6640625
GM.5.0.C2H2_ZF.0095	-1.2821661165827363	1.864154485145976	1.1579989798810193	0.414651002073255	1.2461059190031152	0.5859375
GM.5.0.Nuclear_receptor.0042	-1.6705789911750095	3.4402389493920396	-1.4483425789975242	0.8984105044920525	4.049844236760125	0.9375
GM.5.0.Nuclear_receptor.0061	-0.07840926051031376	-0.06802417379782578	1.994402342406799	1.38217000691085	0.0	0.703125
GM.5.0.Mixed.0007	-1.0639559665271623	1.3034163825110423	-0.4044844562558459	0.0	0.0	0.0
GM.5.0.bHLH.0083	-0.2889892180589789	1.0046719290903259	-0.283532855735822	0.7601935038009675	2.4922118380062304	1.2109375
GM.5.0.Ets.0044	0.02944349965869014	-1.960584792795681	-0.658770726801948	1.0366275051831375	1.2461059190031152	1.5625
GM.5.0.Nuclear_receptor.0103	2.1297349612550716	-1.3000543463370828	-1.555804108048534	0.8984105044920525	0.3115264797507788	0.3125
GM.5.0.bZIP.0075	0.988684900508588	-0.8929502270390601	2.685432895640377	1.3130615065653075	0.9345794392523363	1.875
GM.5.0.Nuclear_receptor.0017	-1.083899503962767	0.19040770987066083	2.4625225726564484	0.6219765031098825	1.2461059190031152	0.5078125
GM.5.0.CSD.0001	0.30109447008836293	2.599022281219189	0.10451422816286833	0.6219765031098825	1.557632398753894	0.9375
GM.5.0.C2H2_ZF.0243	0.09570772545435359	-1.206147281748871	-0.985020590916095	0.8984105044920525	0.3115264797507788	0.78125
GM.5.0.Mixed.0100	-1.4961907312587586	-0.19842915485695686	-2.2139463770844086	0.7601935038009675	0.9345794392523363	0.546875
GM.5.0.Unknown.0206	0.7688522804880755	-1.3614037143418134	-0.13258603879583822	0.55286800276434	0.0	0.8984374999999999
GM.5.0.Mixed.0091	-0.8043886662919232	-2.077841397518734	-1.2730954724514008	0.0	0.0	0.0
GM.5.0.Rel.0008	0.291474748586505	0.07245341318609297	-0.14287222835258118	0.0	0.0	0.0
GM.5.0.bZIP.0080	2.2085878004945885	-1.0976756161183312	-1.592007613979449	1.10573600552868	0.6230529595015576	0.46875
GM.5.0.C2H2_ZF.0161	-0.8750627893263597	0.28996216397458896	2.020170994213069	0.7601935038009675	0.6230529595015576	0.9765625
GM.5.0.C2H2_ZF.0101	0.20198606635262148	0.3131916326780076	1.0202820239529453	0.0	0.0	0.0
GM.5.0.Unknown.0072	-0.04359354841896394	-1.574988033307767	-1.6597248777064033	0.0	0.0	0.0
GM.5.0.Unknown.0158	-0.16622057038824004	-0.6692201998330519	1.4517136224462952	1.5894955079474777	2.4922118380062304	2.34375
GM.5.0.Mixed.0052	-1.529920242448029	-0.3025570307536972	0.05810780517391939	1.0366275051831375	2.4922118380062304	1.25
GM.5.0.Unknown.0066	0.8243918164640603	-0.41036066929098197	1.2041976163479748	0.691085003455425	0.6230529595015576	0.6640625
GM.5.0.Grainyhead.0006	-0.7158490612688261	0.6071261785329625	-0.12414070576550311	0.8984105044920525	0.9345794392523363	0.8984374999999999
GM.5.0.Unknown.0141	-0.6572554372408884	-0.3540333342761989	1.017883810494498	0.0	0.0	0.0
GM.5.0.DM.0004	0.10873604699741643	-1.8601481571422875	-1.9017027079895883	0.7601935038009675	0.0	0.8984374999999999
GM.5.0.Nuclear_receptor.0021	-2.7969416182011697	-1.3671862721433061	1.8288380114419582	0.3455425017277125	1.2461059190031152	0.703125
GM.5.0.Nuclear_receptor.0101	-0.14850036058841368	1.8715341417554194	2.2743374272878505	0.3455425017277125	1.557632398753894	0.9375
GM.5.0.T-box.0012	-1.6785651460350017	-1.2138506434480267	-0.5761029206223436	0.6219765031098825	0.3115264797507788	0.8593750000000001
GM.5.0.C2H2_ZF.0276	0.72320487571492	3.1306050017286142	0.0981773802886151	0.82930200414651	2.1806853582554515	0.8203125
GM.5.0.Mixed.0043	-1.1367524567953546	0.47604341442317716	0.06214498556059139	0.27643400138217	3.115264797507788	0.7421875
GM.5.0.Unknown.0061	0.08319133488121225	0.7879972216039883	0.6491354004059859	0.9675190048375951	3.115264797507788	1.5625
GM.5.0.bHLH.0120	0.04326308215648961	-0.41781163928062554	1.577842005876015	1.7277125086385625	3.7383177570093453	3.4765625
GM.5.0.Nuclear_receptor.0137	-0.7489649761724259	-0.7787809366504282	1.2085038260281815	0.82930200414651	0.9345794392523363	0.9375
GM.5.0.Paired_box.0015	0.38113931415922514	0.5353153290893449	-1.538025567098803	0.7601935038009675	1.2461059190031152	0.703125
GM.5.0.Unknown.0155	-1.5386914822003046	-2.011881181936056	0.6059713517037927	0.7601935038009675	0.9345794392523363	0.7421875
GM.5.0.Unknown.0107	1.057019155973944	-0.27116760354597047	-0.0036630785098180924	0.82930200414651	1.557632398753894	1.2109375
GM.5.0.STAT.0016	-0.6328605322934646	-1.131193647370369	-0.08131549187847796	0.691085003455425	0.0	0.6640625
GM.5.0.bZIP.0031	-0.2298794112703632	0.2662712654135553	1.457687483012488	0.27643400138217	0.3115264797507788	0.625
GM.5.0.C2H2_ZF.0277	1.0997541565499396	0.33775434560577816	1.5706093970274138	0.55286800276434	0.3115264797507788	0.9765625
GM.5.0.Nuclear_receptor.0148	-1.5249314147872395	1.8443501709734709	1.3513585235676686	0.0	0.0	0.0
GM.5.0.Homeodomain.0172	0.2890915637921485	-2.0834055589796083	1.7059907313884861	0.6219765031098825	0.9345794392523363	1.0546875
GM.5.0.Forkhead.0040	-0.5111783501488477	0.6764710976530042	0.38559692434862536	0.0	0.0	0.0
GM.5.0.HSF.0006	0.08215688892518748	0.809404551902496	-1.2829793588082339	0.691085003455425	1.557632398753894	0.78125
GM.5.0.C2H2_ZF.0107	-0.06963637899887987	-0.2636829757894713	2.464559094561382	0.138217000691085	0.6230529595015576	0.7421875
GM.5.0.C2H2_ZF.0254	-3.0393029240316145	-0.8403996589295527	0.7657748180147175	1.243953006219765	0.9345794392523363	0.8984374999999999
GM.5.0.Homeodomain.0196	0.3878899779420161	-1.084130690151647	-0.8433012109399924	0.0	0.0	0.0
GM.5.0.Nuclear_receptor.0041	-1.0053468448112997	0.20606384000805822	1.816624891351442	0.3455425017277125	1.557632398753894	0.78125
GM.5.0.Nuclear_receptor.0125	-0.5728633406130305	1.685855626924618	0.18521981192494036	0.414651002073255	0.3115264797507788	0.546875
GM.5.0.Homeodomain_POU.0011	-0.9407016063329722	-0.13318388818446233	-0.11036520060089196	1.5894955079474777	0.9345794392523363	1.09375
GM.5.0.Mixed.0015	-0.11914928879189662	-1.75376057727494	-1.927707987508121	1.0366275051831375	1.2461059190031152	0.7421875
GM.5.0.Nuclear_receptor.0088	-1.8627918305338473	-1.1529595935964048	2.4154473912770076	0.2073255010366275	0.3115264797507788	0.5859375
GM.5.0.bHLH.0084	0.4663806261201782	0.10937964864108332	-0.2302681667024545	0.7601935038009675	1.8691588785046727	0.7421875
GM.5.0.bHLH.0075	-0.046011995389624284	1.4263117460461867	-1.6112077302131638	1.5894955079474777	3.7383177570093453	1.6796875
GM.5.0.Mixed.0032	-0.5490343414251981	1.116840378385801	1.4984588127944696	0.48375950241879756	0.6230529595015576	0.8593750000000001
GM.5.0.C2H2_ZF.0012	1.2322051416549806	0.30849586716112215	-1.1427605975699504	2.1423635107118177	2.4922118380062304	1.9140625000000002
GM.5.0.SMAD.0018	1.626092669429013	-0.33859666580200887	-2.6374943775754356	1.65860400829302	1.557632398753894	1.2890625
GM.5.0.C2H2_ZF.0233	-0.4605593388000335	-0.20769303489625976	1.30150910585702	0.6219765031098825	1.2461059190031152	0.5078125
GM.5.0.C2H2_ZF.0281	-0.5926566328182291	0.16170105749065214	2.853458292085451	0.82930200414651	0.0	0.6640625
GM.5.0.Mixed.0065	0.6557845975530883	0.23041086485393628	0.8857077587371717	0.27643400138217	0.3115264797507788	0.6640625
GM.5.0.C2H2_ZF.0293	-0.841394966448859	0.4113861032851652	1.2537502050933835	0.48375950241879756	0.3115264797507788	0.8203125
GM.5.0.Unknown.0157	-0.7755542832846342	2.3702342242376546	0.3085212705259384	0.414651002073255	2.1806853582554515	0.78125
GM.5.0.C2H2_ZF.0114	-2.960581475038547	2.8578517690088576	-0.7241582108858237	0.6219765031098825	2.1806853582554515	0.6640625
GM.5.0.TEA.0002	0.4697901112202016	-0.18808070395546037	-0.4323129730082	1.4512785072563925	1.2461059190031152	1.2109375
GM.5.0.Unknown.0086	-1.27298846281574	-1.1644997796050383	0.5138578705842811	1.0366275051831375	1.557632398753894	1.2109375
GM.5.0.C2H2_ZF.0158	-0.41593613929996665	0.8389929950191464	0.007444712526593045	0.414651002073255	1.2461059190031152	0.9765625
GM.5.0.Homeodomain.0149	-1.2371204008331518	3.1301174919752044	-0.8257559105546729	0.8984105044920525	3.4267912772585665	1.0546875
GM.5.0.Unknown.0047	-0.3234556776031928	0.2885928370027342	1.779118002751109	0.6219765031098825	0.0	0.9765625
GM.5.0.C2H2_ZF.0132	1.1055156487009368	1.1231795480915456	-0.5717643939096158	1.243953006219765	1.2461059190031152	0.6640625
GM.5.0.STAT.0025	1.8332453592875022	-0.018177768012224694	0.5614654265635619	1.3130615065653075	0.3115264797507788	0.703125
GM.5.0.C2H2_ZF.0246	0.7366555973643104	-0.14104203665812626	1.0362652182356598	1.10573600552868	2.4922118380062304	1.3671875
GM.5.0.Mixed.0022	1.0578600831069327	0.9950106324070608	-1.6347069697580712	0.691085003455425	2.4922118380062304	1.7968749999999998
GM.5.0.Unknown.0054	-0.48835161948942907	0.6017125150716887	-0.09935507583313137	0.0	0.0	0.0
GM.5.0.T-box.0020	-1.0273202578595642	-1.340102374442099	0.03391454314525082	0.55286800276434	0.6230529595015576	0.46875
GM.5.0.Mixed.0060	-1.4456723040460506	0.30277964161559245	2.069022267651307	0.0	0.0	0.0
GM.5.0.Forkhead.0055	3.2838750560759093	-1.086206401810035	-0.3566361413518562	1.65860400829302	0.3115264797507788	0.8203125
GM.5.0.T-box.0022	-0.920571984211999	-1.4805455108006786	0.19313924443496674	0.691085003455425	0.6230529595015576	0.46875
GM.5.0.Unknown.0005	0.32974544098835534	1.4529872547406248	1.2511723071314012	0.414651002073255	0.6230529595015576	0.5859375
GM.5.0.C2H2_ZF.0226	2.278250024040664	-1.655561223292634	-1.8263440905820145	1.9350380096751902	0.9345794392523363	0.78125
GM.5.0.Runt.0006	1.0023132799058263	0.36272156277281853	-0.2943870432753726	1.10573600552868	0.6230529595015576	0.78125
GM.5.0.Nuclear_receptor.0120	-0.6060541729100102	0.18966903818261396	2.1150948428554193	0.691085003455425	0.6230529595015576	0.703125
GM.5.0.Unknown.0092	-0.72811149978856	-0.6712398532821199	1.00801853504655	0.55286800276434	0.3115264797507788	0.8203125
GM.5.0.Forkhead.0058	0.1308116638645442	1.1297105260112221	0.14032042804553319	0.691085003455425	0.9345794392523363	0.7421875
GM.5.0.C2H2_ZF.0171	-0.278356286994576	0.14444727110228145	0.43257770192403683	0.0	0.0	0.0
GM.5.0.C2H2_ZF.0159	2.1140272714538515	0.35581627509057506	-0.4601146954921595	0.0	0.0	0.0
GM.5.0.Unknown.0165	-0.7335745098163047	-2.0077681480012894	2.5409710885777077	2.1423635107118177	1.557632398753894	2.96875
GM.5.0.Unknown.0120	-0.5834623667727115	-1.005379912723373	0.6387146515588711	1.1748445058742225	0.6230529595015576	1.2890625
GM.5.0.C2H2_ZF.0235	-0.3819479358651778	1.5925822523595088	-0.7617425634865075	0.414651002073255	2.4922118380062304	1.1328125
GM.5.0.Unknown.0121	3.218019104819494	-1.3581952432561295	-0.18387885089806996	12.992398064961991	11.838006230529595	11.796875
GM.5.0.Unknown.0126	0.08502614737519983	-1.3608132346621646	-1.1552143613212702	1.3130615065653075	1.8691588785046727	1.484375
GM.5.0.Homeodomain_Paired_box.0004	-1.5214798400239828	-1.2669335913219768	-0.29141272649504985	0.0	0.0	0.0
GM.5.0.C2H2_ZF.0081	-0.568108815042852	0.1341372358734085	-1.1404549147133014	0.0	0.0	0.0
GM.5.0.Nuclear_receptor.0114	-2.0173955656130595	-1.0974217088316502	1.8187640851817388	0.691085003455425	0.9345794392523363	0.7421875
GM.5.0.Ets.0032	-2.006347741915819	-1.771213641094576	0.41572964928687517	1.243953006219765	0.6230529595015576	1.0546875
GM.5.0.TEA.0006	0.6007072371965435	0.951029389293304	0.3075743434970712	1.0366275051831375	0.3115264797507788	0.9375
GM.5.0.Homeodomain.0161	-1.1196705735941541	-1.053453171588416	-1.2439106139094296	1.3130615065653075	0.6230529595015576	1.328125
GM.5.0.bHLH.0093	1.1920449472276597	-1.098907530483073	1.4243389847041206	1.0366275051831375	0.9345794392523363	0.390625
GM.5.0.Unknown.0115	-1.6963919717748521	1.2364038410353402	1.8828176623823463	0.0	0.0	0.0
GM.5.0.p53.0002	-0.1554306025502254	0.8423257152554149	-1.1613060573757867	1.10573600552868	0.9345794392523363	0.78125
GM.5.0.RFX.0012	1.216249667164841	-0.5503751613634944	0.565643251293652	1.3130615065653075	0.3115264797507788	0.8203125
GM.5.0.Homeodomain_POU.0015	-0.5357426260402616	0.3448655332711888	1.1160356931702309	1.1748445058742225	0.3115264797507788	1.015625
GM.5.0.SMAD.0010	-0.6728734454166714	2.204975925029544	0.10030821282878827	0.9675190048375951	2.1806853582554515	1.4453125
GM.5.0.Nuclear_receptor.0100	-0.8092745628064684	-0.5508073530446345	-0.2383078614973473	0.55286800276434	2.1806853582554515	1.2109375
GM.5.0.Myb_SANT.0002	2.3357256059928186	-1.624273585840978	-2.7254332360208715	1.65860400829302	1.557632398753894	1.1328125
GM.5.0.Prospero.0001	-0.08699173499545242	-0.4471811419782529	1.687561002152441	1.10573600552868	0.0	0.9765625
GM.5.0.GATA.0025	-0.43939536702553744	-1.5301976507452997	-1.3186895538649306	0.0	0.0	0.0
GM.5.0.Ets.0037	0.9189368653624422	0.10185798001581259	1.1182830689504182	1.5894955079474777	0.9345794392523363	1.09375
GM.5.0.C2H2_ZF.0216	-0.6702643690590494	0.6654661579553772	1.1212853689411644	0.691085003455425	1.2461059190031152	0.8984374999999999
GM.5.0.GATA.0021	0.6093685272548485	0.05156517125808844	-0.0629462194615009	0.55286800276434	0.6230529595015576	0.8593750000000001
GM.5.0.C2H2_ZF.0047	-1.6463936179796526	4.171887795883134	-2.7652881698938896	0.9675190048375951	3.4267912772585665	0.8203125
GM.5.0.Homeodomain_POU.0014	1.1565324341917491	1.332213300834952	-0.25755956623533527	1.0366275051831375	0.0	0.9375
GM.5.0.Nuclear_receptor.0116	-0.9714517417534219	1.5451052591686436	0.24896622690069198	0.8984105044920525	1.557632398753894	0.9765625
GM.5.0.Homeodomain.0112	0.12086785662127056	0.05536576734897368	0.7541239571041082	0.7601935038009675	0.0	0.9375
GM.5.0.C2H2_ZF.0213	0.23470409348698063	0.08150120843309978	-0.7881859946061663	0.691085003455425	1.8691588785046727	1.015625
GM.5.0.Sox.0023	1.1558597844927416	-0.08675751783295282	-0.20344201919483187	0.6219765031098825	0.6230529595015576	0.703125
GM.5.0.C2H2_ZF.0240	1.740693363995823	0.4999041044763146	-0.7103522337498479	1.5894955079474777	0.3115264797507788	0.703125
GM.5.0.p53.0010	-1.1474409718185044	-0.30071721265520257	-0.7658746909559038	1.1748445058742225	0.9345794392523363	1.328125
GM.5.0.Unknown.0142	0.5700948448420233	2.063347195273056	-0.5533039212506399	2.8334485141672427	3.115264797507788	1.5625
GM.5.0.Grainyhead.0007	-1.390318323673228	3.6029620316737736	-0.1486224246398154	0.6219765031098825	3.4267912772585665	1.171875
GM.5.0.Nuclear_receptor.0087	-0.8973539119268732	-0.2183801052320271	0.9332750595787217	0.691085003455425	0.9345794392523363	1.328125
GM.5.0.STAT.0013	0.5405211680991922	0.7611922166394106	-0.5015789987142195	0.8984105044920525	1.557632398753894	0.546875
GM.5.0.STAT.0015	0.7066353695199614	-0.6993091645069727	-2.6597535334476166	1.65860400829302	0.9345794392523363	1.328125
GM.5.0.SAND.0006	-1.4923349238695152	-1.11706802375822	-3.5437126494698217	0.7601935038009675	0.3115264797507788	0.6640625
GM.5.0.C2H2_ZF.0196	-1.267917583195095	3.3980943674338513	-0.6110051580827868	0.82930200414651	3.115264797507788	1.0546875
GM.5.0.C2H2_ZF.0123	0.2678853306403545	3.00582847715746	-1.257348460089266	0.8984105044920525	3.7383177570093453	1.09375
GM.5.0.C2H2_ZF.0038	-0.886936966943641	0.43127868924538926	2.7318222862135615	0.3455425017277125	0.3115264797507788	0.8203125
GM.5.0.Unknown.0022	-1.2672001556376942	-0.6900650829551874	1.4075676648100954	0.55286800276434	0.6230529595015576	0.8984374999999999
GM.5.0.SMAD.0009	-2.1807313283585597	-0.19580724444661868	-0.13671325591258246	1.1748445058742225	1.8691588785046727	2.0703125
GM.5.0.Sox.0020	1.1499423898244086	0.8108576263712284	-1.4286776697962886	0.6219765031098825	0.6230529595015576	0.546875
GM.5.0.C2H2_ZF.0125	0.18463268345655703	1.3085148220664524	2.6269128506124164	1.520387007601935	1.8691588785046727	2.890625
GM.5.0.GATA.0028	-1.9792014604897594	-1.938599218880069	1.9179902430101645	0.9675190048375951	1.557632398753894	0.8984374999999999
GM.5.0.Unknown.0059	0.42641596622159533	-0.06967292650278126	0.25611592740066813	0.9675190048375951	0.9345794392523363	1.484375
GM.5.0.SAND.0002	1.6738874824254575	-0.6668996786118937	-2.5509358832809808	1.7277125086385625	0.6230529595015576	1.171875
GM.5.0.Unknown.0023	0.05646026642143967	-1.5995511115285186	-1.7365125667920611	0.8984105044920525	0.6230529595015576	1.2109375
GM.5.0.bZIP.0021	0.17937395192860112	-0.19234694305006764	0.8724172230437229	0.9675190048375951	0.3115264797507788	0.9765625
GM.5.0.C2H2_ZF.0310	-2.507592637813987	-0.2417108119056731	1.3407120711666174	0.55286800276434	0.3115264797507788	0.8984374999999999
GM.5.0.CxxC.0001	2.337627342004755	1.6116377195772758	-1.5933719134843862	1.520387007601935	2.4922118380062304	1.4453125
GM.5.0.bHLH.0096	-0.1921805216318573	-0.1629170609205661	-1.774739547988104	0.82930200414651	1.2461059190031152	1.25
GM.5.0.C2H2_ZF.0034	-0.5476985291631017	-1.442672233798494	-3.2684337727701385	0.7601935038009675	2.1806853582554515	0.9765625
GM.5.0.C2H2_ZF.0150	0.5583122197385414	-0.653113617204807	-0.18776030722443618	1.3130615065653075	0.9345794392523363	1.015625
GM.5.0.Zinc_cluster.0001	0.22090751519880622	-2.5663594787109036	-2.5530992255678484	1.10573600552868	0.9345794392523363	0.78125
GM.5.0.Mixed.0078	-1.9172598951129642	-0.9744327724475307	2.5959502598259974	1.243953006219765	0.3115264797507788	1.6015624999999998
GM.5.0.Unknown.0173	2.304042639420172	-2.2431842103369664	-2.186889784002965	1.0366275051831375	0.9345794392523363	0.625
GM.5.0.Mixed.0056	0.24415335233251323	-1.4763965099972653	-0.6301631319425781	0.8984105044920525	1.2461059190031152	0.8593750000000001
GM.5.0.bHLH.0088	1.0171778498204216	1.1410076032033056	-0.4565772337397428	0.7601935038009675	1.8691588785046727	1.171875
GM.5.0.Nuclear_receptor.0083	-1.779399841899436	0.4495919305349776	0.41726801565709454	0.3455425017277125	0.6230529595015576	0.7421875
GM.5.0.Nuclear_receptor.0090	0.17546105253528246	-0.7839037514846023	-0.022955262635506107	0.0	0.0	0.0
GM.5.0.MADS_box.0016	0.29997104094401567	2.4223824928153226	0.014317177346215992	0.8984105044920525	0.3115264797507788	0.78125
GM.5.0.C2H2_ZF.0160	0.41714863335439234	-1.2164079856968548	-1.669764979239945	0.8984105044920525	0.9345794392523363	0.8593750000000001
GM.5.0.Ets.0029	-2.875909550664277	-1.7912353171557989	0.6437786482306194	1.38217000691085	2.1806853582554515	1.7187500000000002
GM.5.0.Forkhead.0031	-0.40241171773709866	-0.9088821168156145	-0.234467062363561	0.6219765031098825	0.9345794392523363	0.5859375
GM.5.0.Unknown.0138	-0.42084351081503896	1.2892055176150665	1.171441525762153	0.9675190048375951	1.2461059190031152	0.8203125
GM.5.0.C2H2_ZF.0197	1.7840188215788924	0.20867989448021992	-1.6657484313918667	1.4512785072563925	1.557632398753894	0.703125
GM.5.0.Unknown.0162	1.8323644089801336	-1.8618939680344102	-3.1252361305349403	0.0	0.0	0.0
GM.5.0.Mixed.0035	-1.087984500235253	-1.293381262669952	-1.657732620633797	0.0	0.0	0.0
GM.5.0.STAT.0018	-1.1410018297870828	-1.8304224891136414	1.9682586196192546	0.55286800276434	1.2461059190031152	1.015625
GM.5.0.Forkhead.0057	-2.182320427363737	-0.8777486346056862	0.22467193862325946	0.7601935038009675	0.0	0.9375
GM.5.0.bHLH.0105	0.6576610446933551	0.5902949121134338	0.9664276024495504	0.82930200414651	0.9345794392523363	1.3671875
GM.5.0.Nuclear_receptor.0115	0.45657561708796984	-1.0326396774815603	0.6916036218718419	0.7601935038009675	0.3115264797507788	0.703125
GM.5.0.C2H2_ZF.0147	-2.236925400521651	-3.56351893247894	-1.3526100060158224	0.691085003455425	0.6230529595015576	0.6640625
GM.5.0.IRF.0003	0.23398856061531767	-0.15486229550994135	-0.37608364026554575	0.0	0.0	0.0
GM.5.0.Paired_box.0020	0.2217550332894142	1.4087967035909303	-1.115742933830268	2.4187975120939877	4.672897196261682	1.9921874999999998
GM.5.0.CUT_Homeodomain.0006	0.9214043430541159	0.7473932804053188	-1.1740568836422962	1.0366275051831375	0.6230529595015576	0.9375
GM.5.0.RFX.0014	-1.1855279232747513	-0.2487189395412627	1.311027072829505	1.5894955079474777	0.9345794392523363	2.1484375
GM.5.0.Unknown.0082	1.081815910056758	-0.055611055090374145	0.4839854484849108	0.8984105044920525	1.557632398753894	1.7187500000000002
GM.5.0.Unknown.0127	2.6911078617685997	-0.9366655309632826	0.0356504882954064	1.796821008984105	0.3115264797507788	0.8203125
GM.5.0.C2H2_ZF.0282	-2.6774394176797425	-0.09972992321809224	0.2378275838925135	0.6219765031098825	1.2461059190031152	0.8203125
GM.5.0.bHLH.0079	0.5935283318822447	-0.8690733251264755	-0.31488874751803103	0.8984105044920525	0.9345794392523363	1.5234375
GM.5.0.bHLH.0111	0.8476457748107105	1.1136394207112157	-0.36015827613146983	1.243953006219765	0.9345794392523363	1.5234375
GM.5.0.Unknown.0077	0.8435578507334233	2.2960153052076597	0.0575102855847251	0.0	0.0	0.0
GM.5.0.C2H2_ZF.0219	0.7177814391788184	0.9200377065897849	-1.0242923951634426	0.9675190048375951	1.2461059190031152	0.8593750000000001
GM.5.0.C2H2_ZF.0203	-1.1551443630072145	-1.434635452829095	0.055236488768856125	0.0	0.0	0.0
GM.5.0.bZIP.0077	-0.23803856269723822	-0.918253211199572	1.3541467213217955	1.10573600552868	0.3115264797507788	0.7421875
GM.5.0.Unknown.0105	-1.7548165425481232	-0.8058258673888206	0.02836178194455054	0.7601935038009675	1.2461059190031152	0.8593750000000001
GM.5.0.C2H2_ZF.0238	1.447042982269831	-1.0542290896058801	-1.937411172442684	1.4512785072563925	1.2461059190031152	0.8203125
GM.5.0.Unknown.0183	-1.167822155808692	0.47984862236285847	0.9806064977330465	0.55286800276434	0.6230529595015576	0.703125
GM.5.0.C2H2_ZF.0192	0.17488995514632352	-1.2785198506106394	-0.5805927035908374	0.27643400138217	0.3115264797507788	0.5078125
GM.5.0.Pipsqueak.0001	0.7439868459742586	0.09216118440620509	0.03393895136862516	0.0	0.0	0.0
GM.5.0.Unknown.0193	-0.735246724323686	1.809254665254943	0.21795944668320968	0.82930200414651	1.557632398753894	0.7421875
GM.5.0.C2H2_ZF.0274	0.5590056826749569	2.326961042945653	-0.06900456433553005	1.243953006219765	3.115264797507788	1.6796875
GM.5.0.Nuclear_receptor.0085	-1.2315994510035013	-3.5705903861735577	0.12839082444029035	1.4512785072563925	1.2461059190031152	0.8593750000000001
GM.5.0.GATA.0018	-1.7810813303100894	0.14636361466570832	0.10620264463866294	0.691085003455425	0.6230529595015576	0.8593750000000001
GM.5.0.C2H2_ZF.0225	0.5673481979874816	-0.8447892154646662	0.6423974146233847	1.10573600552868	1.2461059190031152	0.703125
GM.5.0.E2F.0012	3.155942386838396	1.5191968984760822	-2.857781481797921	1.4512785072563925	1.8691588785046727	0.8984374999999999
GM.5.0.Ets.0023	-0.034068811830306356	0.6221955600617222	1.7255394123122074	0.48375950241879756	1.557632398753894	1.2109375
GM.5.0.Mixed.0055	0.2637970211037525	0.6703523940846805	1.8054631893911137	0.55286800276434	1.8691588785046727	1.328125
GM.5.0.CUT_Homeodomain.0010	-0.40437546028778776	0.9090251628758771	0.7647868443955594	1.1748445058742225	1.557632398753894	0.8984374999999999
GM.5.0.Ets.0028	-0.9808943735440326	3.1496799090141883	0.5849861768321768	2.5570145127850727	4.672897196261682	1.7578125
GM.5.0.C2H2_ZF.0283	-1.372651813571582	-1.6978272385259345	0.3224015162783457	1.3130615065653075	1.557632398753894	0.8984374999999999
GM.5.0.Mixed.0062	0.7256265285140149	-0.6542342819672993	-0.5339492522506715	1.4512785072563925	0.6230529595015576	1.328125
GM.5.0.bHLH.0055	0.6914156029016885	0.1848680349799821	-0.5634701167345988	0.8984105044920525	2.1806853582554515	1.015625
GM.5.0.C2H2_ZF.0209	0.7829376543701929	-0.8600634193992686	1.0787871732283627	0.9675190048375951	0.3115264797507788	1.25
GM.5.0.bHLH.0115	1.299578330827789	-2.370015715834022	-2.672629629026256	4.561161022805805	3.115264797507788	3.4375000000000004
GM.5.0.Nuclear_receptor.0066	-0.08114274443640568	2.453720402779079	-0.26596804581280226	0.691085003455425	2.1806853582554515	0.8984374999999999
GM.5.0.Rel.0021	0.5338526662322142	-0.445356248396898	-0.39518394515224625	1.9350380096751902	1.557632398753894	1.8359375
GM.5.0.Nuclear_receptor.0092	1.1192726514134193	0.1803647934204042	0.0959679350949461	0.55286800276434	1.2461059190031152	0.8203125
GM.5.0.Unknown.0012	0.4384961712511791	-0.6308519628665488	1.3238880825178392	0.8984105044920525	2.1806853582554515	1.484375
GM.5.0.p53.0009	-3.376173401943477	-2.846496187219337	1.5609480193647434	0.82930200414651	0.6230529595015576	1.3671875
GM.5.0.Nuclear_receptor.0135	-1.5136303586420519	-1.5002019865077016	-0.038123931997440345	0.55286800276434	0.9345794392523363	0.9375
GM.5.0.C2H2_ZF.0177	-0.8568071093071234	0.10030189779201298	0.878763942575381	0.9675190048375951	5.919003115264798	1.875
GM.5.0.C2H2_ZF.0126	-1.5972272634267215	0.31097635912548377	-1.3906712505469696	0.414651002073255	1.2461059190031152	0.5859375
GM.5.0.Nuclear_receptor.0081	-2.040531351958289	-2.091722916309132	2.049923932070333	0.48375950241879756	1.557632398753894	1.0546875
GM.5.0.C2H2_ZF.0056	1.8885409588439823	1.9005833567334434	-1.518911645701518	4.69937802349689	4.984423676012461	2.6953125
GM.5.0.C2H2_ZF.0080	-0.15491162318411517	-1.2000604812746023	-0.48896461961889015	1.1748445058742225	0.6230529595015576	1.5234375
GM.5.0.Myb_SANT.0010	0.15648137073934537	0.6395719918848067	-0.3369599369384962	0.0	0.0	0.0
GM.5.0.Nuclear_receptor.0049	-2.1006228480661093	0.8340231111117898	1.5795805813453236	1.4512785072563925	2.803738317757009	1.484375
GM.5.0.Sox.0018	2.7950060304450615	-0.7880864753192939	-1.0872519933431588	1.38217000691085	0.9345794392523363	0.5859375
GM.5.0.bZIP.0067	0.9621745191731117	-1.8536454859871176	-1.7035334708753038	1.4512785072563925	1.2461059190031152	1.015625
GM.5.0.Mixed.0072	-0.23708123472224016	-0.8071894103159295	-1.269405460311382	1.0366275051831375	0.3115264797507788	1.2109375
GM.5.0.bHLH.0119	0.8319797069348962	0.9369026531826333	-0.6298014064384005	1.0366275051831375	1.557632398753894	0.8593750000000001
GM.5.0.C2H2_ZF.0016	-1.1423667523278154	-0.1337368139799522	-2.071523623912357	0.0	0.0	0.0
GM.5.0.T-box.0011	-2.8721735125883594	-0.06854908563055483	-0.593499859559018	1.243953006219765	1.2461059190031152	1.3671875
GM.5.0.Unknown.0129	-0.11194327522544137	0.2342358178819812	0.7508995122901371	1.3130615065653075	1.2461059190031152	1.1328125
GM.5.0.C2H2_ZF.0084	-1.762404007722792	1.9242149151881534	-0.19122425781581992	0.7601935038009675	2.4922118380062304	1.4453125
GM.5.0.C2H2_ZF.0140	-0.465299573021095	-0.9093032669238965	-0.05306556936581735	0.0	0.0	0.0
GM.5.0.Homeodomain.0082	1.794070198759214	-0.3460200880945273	0.2068777852255632	0.82930200414651	1.2461059190031152	0.8203125
GM.5.0.bHLH.0054	0.9697410517532327	0.6664577571038618	-1.7910816272367276	1.3130615065653075	0.0	0.8984374999999999
GM.5.0.Nuclear_receptor.0016	-2.5170788557298978	-1.3213057465537086	3.308224729304884	0.82930200414651	0.9345794392523363	1.25
GM.5.0.Mixed.0073	0.4749758638354586	1.8088657120785687	-0.16707899390960057	1.0366275051831375	0.9345794392523363	0.8984374999999999
GM.5.0.C2H2_ZF.0165	0.46391298038249157	-0.08975922779712929	-0.9175522154817414	1.1748445058742225	0.3115264797507788	1.2109375
GM.5.0.T-box.0019	0.011771725421427641	-1.7352662569033555	0.07903403801700559	1.10573600552868	1.2461059190031152	1.25
GM.5.0.AT_hook.0003	-1.0933110944832851	-1.9363316511502942	-2.063367006866133	0.0	0.0	0.0
GM.5.0.C2H2_ZF.0092	0.7396466346072545	2.5143861846970066	-0.9474142926318733	1.10573600552868	3.4267912772585665	1.328125
GM.5.0.bZIP.0060	-1.6848551753340868	0.8073028163236864	-1.1950907291938113	0.691085003455425	1.2461059190031152	0.8203125
GM.5.0.T-box.0010	0.19105317491844184	0.030234950927956417	2.511813535180615	0.48375950241879756	0.9345794392523363	1.015625
GM.5.0.Mixed.0103	0.2912676927742033	-1.5737843853577658	-1.6425840435877896	1.3130615065653075	0.3115264797507788	1.015625
GM.5.0.Unknown.0148	-0.049685874801120695	1.1993496788982938	-0.5343662428230499	0.9675190048375951	0.3115264797507788	0.9375
GM.5.0.C2H2_ZF.0256	0.3014376260917117	0.6311683648174615	-0.5619924037278241	1.243953006219765	1.557632398753894	0.8593750000000001
GM.5.0.C2H2_ZF.0146	-0.07372863686721004	0.679120284263216	0.2638741079120192	0.6219765031098825	0.0	0.5859375
GM.5.0.C2H2_ZF.0255	2.3402398176570274	-0.32995586122287646	-1.0343637504698917	1.8659295093296473	1.8691588785046727	1.171875
GM.5.0.C2H2_ZF.0200	-0.1405452465084381	0.8499595516648095	1.3014990957129051	1.3130615065653075	0.9345794392523363	1.2109375
GM.5.0.Forkhead.0042	0.4134082059511843	-1.1368744998713585	-1.375813455689369	0.0	0.0	0.0
GM.5.0.Unknown.0169	0.35377294064202797	0.6233073146893519	-1.122371493452133	1.1748445058742225	1.2461059190031152	1.09375
GM.5.0.C2H2_ZF.0046	-0.24823618411343842	1.1670535593848324	1.4317905096616703	1.0366275051831375	0.9345794392523363	1.0546875
GM.5.0.Nuclear_receptor.0056	-1.1662745231666038	1.2640934174083907	1.7040015281737562	0.3455425017277125	1.2461059190031152	1.0546875
GM.5.0.GATA.0015	-0.978354876854791	-0.7483629426090208	1.451864480517384	1.1748445058742225	0.6230529595015576	1.5234375
GM.5.0.STAT.0014	1.690581541316923	0.1207290089781549	0.018143329100371308	1.4512785072563925	0.6230529595015576	1.484375
GM.5.0.Ets.0049	-0.5732830216648652	-0.9645852811085035	-0.009234458991648499	0.9675190048375951	0.3115264797507788	1.1328125
GM.5.0.Sox.0004	-0.6139264238110687	-0.1969287864607896	-3.569396270070292	0.0	0.0	0.0
GM.5.0.Nuclear_receptor.0046	-1.2912350669124177	0.30722043328548815	0.6891562382860258	0.9675190048375951	0.6230529595015576	1.015625
GM.5.0.Unknown.0103	-0.7715227933723798	-0.16085610040369144	0.313785080791562	0.9675190048375951	2.1806853582554515	1.1328125
GM.5.0.bZIP.0034	-0.7504550842802061	-1.8383828717491164	1.025446255866884	1.0366275051831375	0.9345794392523363	1.2890625
GM.5.0.Unknown.0018	-0.10263470796598864	0.6920390336138198	1.3706525361971447	0.691085003455425	2.4922118380062304	1.09375
GM.5.0.C2H2_ZF.0124	-2.827473700036138	-1.1916810564151237	-0.5428290448624431	0.691085003455425	0.3115264797507788	0.6640625
GM.5.0.Paired_box.0002	0.22641572206257604	-0.0844645421799038	-1.38203987263009	0.82930200414651	1.2461059190031152	1.09375
GM.5.0.C2H2_ZF.0060	-0.029755353969934728	-0.32939646459115807	-0.8732192601240442	0.7601935038009675	1.8691588785046727	1.0546875
GM.5.0.C2H2_ZF.0303	0.27406253213035897	-1.0924682163553547	-0.17074024518888645	0.691085003455425	0.9345794392523363	1.0546875
GM.5.0.RFX.0007	-1.0974559512524773	0.6016059660845638	0.39241711080308084	0.7601935038009675	0.9345794392523363	1.3671875
GM.5.0.Nuclear_receptor.0143	-1.5160239758714316	0.12277859728550009	2.0724633442845426	0.27643400138217	0.6230529595015576	0.46875
GM.5.0.Unknown.0122	0.61020738322253	0.39496425316476713	0.5530243949380225	2.073255010366275	1.8691588785046727	2.578125
GM.5.0.Unknown.0089	-0.25990489064444416	1.3777296417858182	-1.2577021771438421	2.626123013130615	11.214953271028037	3.9843749999999996
GM.5.0.Homeodomain.0195	-2.0418862707167493	-2.1294396007055156	-0.01893735776014032	1.38217000691085	0.9345794392523363	1.2890625
GM.5.0.Mixed.0108	-0.39663766637263476	-0.741511630342702	1.448828305883388	0.7601935038009675	0.6230529595015576	1.1328125
GM.5.0.C2H2_ZF.0134	-0.6997650210058113	-0.6790120652515858	1.4903368672959585	1.4512785072563925	1.2461059190031152	0.8984374999999999
GM.5.0.Paired_box.0010	-0.8299025108157462	-3.0993187405121287	-0.609130467844944	1.38217000691085	0.0	1.40625
GM.5.0.Unknown.0190	0.7651810353807582	-0.8786441067251897	-0.0537549383852385	1.3130615065653075	0.3115264797507788	1.2109375
GM.5.0.Nuclear_receptor.0065	-2.4751307308411516	-0.7112341091601062	2.8285579705734687	0.82930200414651	1.557632398753894	1.953125
GM.5.0.Mixed.0031	0.9109742632532022	-0.786034008951194	-0.632286948503057	0.82930200414651	0.9345794392523363	0.6640625
GM.5.0.Unknown.0182	-0.9875871024119836	2.534994844673668	-0.8365760587278616	0.6219765031098825	0.9345794392523363	0.8593750000000001
GM.5.0.Paired_box.0016	-0.9100635504742897	1.10728325192296	1.0308685092018772	0.82930200414651	1.2461059190031152	1.171875
GM.5.0.Homeodomain_POU.0022	0.09044512391308161	-2.3357701304443106	-2.411623984687487	0.8984105044920525	1.2461059190031152	1.0546875
GM.5.0.TBP.0003	0.6353058116385931	1.0379935547253225	0.4336555965371376	0.0	0.0	0.0
GM.5.0.C2H2_ZF.0307	-0.337264563349733	0.3319006797778299	0.6986844509726458	1.3130615065653075	0.3115264797507788	1.6796875
GM.5.0.Homeodomain.0105	1.9556596087827334	-1.3416241418168486	-1.0618099912586763	2.0041465100207327	1.2461059190031152	1.2890625
GM.5.0.Unknown.0040	-0.6598109330119228	0.8747530600707812	0.6566084442310391	1.5894955079474777	1.557632398753894	1.9921874999999998
GM.5.0.C2H2_ZF.0260	-0.15714387230924276	2.191394066892711	-2.193282234051	1.1748445058742225	1.8691588785046727	0.9375
GM.5.0.bZIP.0032	0.04438267272473821	-0.7747358379165405	-0.40184729082715254	1.520387007601935	0.9345794392523363	1.328125
GM.5.0.bHLH.0019	0.31244826056695313	-0.8668443630204264	1.512036003610179	1.4512785072563925	2.1806853582554515	1.3671875
GM.5.0.C2H2_ZF.0252	-1.1405880451599462	-0.37787411487090977	0.9202819033549287	1.38217000691085	0.6230529595015576	1.015625
GM.5.0.Grainyhead.0008	0.9036984589127326	0.2013626956342325	-1.3006262723445103	0.48375950241879756	1.2461059190031152	0.8203125
GM.5.0.bHLH.0086	0.17348115139543827	-1.924753459083141	-1.783327466549041	0.0	0.0	0.0
GM.5.0.Forkhead.0048	1.266000029628119	-2.6726215614921154	0.13622802629155853	2.48790601243953	0.9345794392523363	1.4453125
GM.5.0.Unknown.0134	-0.6403796842368696	1.1706119267819175	1.2277578037199284	1.3130615065653075	1.2461059190031152	1.015625
GM.5.0.C2H2_ZF.0230	-0.1624076942176498	-0.22452462739020165	-0.24633995915718437	1.5894955079474777	1.2461059190031152	1.2890625
GM.5.0.SAND.0008	-0.5337995557067574	-0.7588226927828151	0.2976925651955018	0.48375950241879756	0.9345794392523363	0.6640625
GM.5.0.Rel.0024	2.100975855886798	0.2461766507474674	-0.06241744649104546	1.243953006219765	0.3115264797507788	0.8593750000000001
GM.5.0.Nuclear_receptor.0118	0.1644390226602232	0.0776285244696833	3.0838437628060755	0.48375950241879756	0.0	1.09375
GM.5.0.Mixed.0024	0.21603149245235817	1.2178442831531735	-1.5030685623925766	1.520387007601935	1.8691588785046727	1.171875
GM.5.0.GATA.0019	-1.124620489942128	-1.1304871216393564	-1.9893405145841179	1.10573600552868	0.3115264797507788	0.9375
GM.5.0.Nuclear_receptor.0145	2.61606076130611	-0.27588698231227715	-1.7201894722208575	2.902557014512785	1.557632398753894	2.1484375
GM.5.0.Nuclear_receptor.0050	-1.1872546393284853	-2.0273920748415195	2.823236474937796	0.6219765031098825	0.3115264797507788	0.9375
GM.5.0.Homeodomain.0097	-2.1852146737732387	1.4029089603163576	0.5243949704167618	1.1748445058742225	1.8691588785046727	0.9375
GM.5.0.Homeodomain.0192	0.4624447200651106	1.427872598046613	-0.7830197112163519	0.0	0.0	0.0
GM.5.0.Mixed.0020	-0.5580857002475751	0.41986233200155737	0.8525826473798565	0.0	0.0	0.0
GM.5.0.bHLH.0116	-2.7294112311764365	-0.6046445504427232	0.6108923499917254	3.6627505183137523	5.919003115264798	3.125
GM.5.0.Homeodomain.0108	-0.9968240083996105	2.8698765460106057	1.085678319218861	0.7601935038009675	2.1806853582554515	0.8984374999999999
GM.5.0.Nuclear_receptor.0117	-0.33249527674701795	1.703990966947763	1.0329970383291698	0.0	0.0	0.0
GM.5.0.C2H2_ZF.0315	0.2823110101374408	-0.006405298812856602	-1.2166763063281034	0.8984105044920525	0.3115264797507788	1.2890625
GM.5.0.Homeodomain.0132	-1.234102164353212	0.041430878113990634	0.6830894374258437	0.691085003455425	0.0	0.546875
GM.5.0.C2H2_ZF.0115	-2.1324650491444497	-2.5715828759327226	2.6533880524802544	1.243953006219765	1.2461059190031152	1.7968749999999998
GM.5.0.p53.0005	1.43404416170007	0.34313623158244083	-0.4867734854748602	1.1748445058742225	0.3115264797507788	0.78125
GM.5.0.bHLH.0078	-1.059015545567954	-1.2384835149792028	1.637037763890632	0.7601935038009675	0.3115264797507788	1.171875
GM.5.0.C2H2_ZF.0008	0.7048445396056422	-0.5233954263010567	0.870738396907177	0.0	0.0	0.0
GM.5.0.Homeodomain_POU.0001	2.3718321113621528	0.6597629015680812	0.4454833036071936	2.21147201105736	0.3115264797507788	1.0546875
GM.5.0.Mixed.0033	0.4553395340396742	1.2288108936488114	-0.008807764841791644	1.65860400829302	0.6230529595015576	1.6015624999999998
GM.5.0.Unknown.0043	1.2472793907796649	0.1858419785731761	-0.2923308013782643	0.0	0.0	0.0
GM.5.0.IRF.0017	-1.2678426655101545	-0.5042654208972013	1.8139486388316064	0.9675190048375951	2.1806853582554515	1.4453125
GM.5.0.Ets.0035	1.4330330915601865	-0.47555584590862704	-1.3861355789693326	1.0366275051831375	2.4922118380062304	1.09375
GM.5.0.C2H2_ZF.0248	1.2028587373428927	-1.1011434016176376	-0.8373670228794764	0.0	0.0	0.0
GM.5.0.HSF.0009	-2.0232565078703177	0.7735358546839255	-0.5250752579241276	0.82930200414651	1.557632398753894	1.015625
GM.5.0.Unknown.0044	-1.7023262350643709	1.9406003244385965	0.07544052045027472	1.243953006219765	2.4922118380062304	1.6015624999999998
GM.5.0.Mixed.0042	-0.8411350316509477	1.9343265974565331	0.4561336145730026	1.38217000691085	3.115264797507788	1.484375
GM.5.0.Unknown.0001	-2.4239026889934308	-2.2095559124890825	3.0389491668881616	0.82930200414651	1.2461059190031152	2.34375
GM.5.0.bHLH.0129	-0.9017388119075084	-0.6792950126010544	0.2940892864991542	1.4512785072563925	1.557632398753894	1.0546875
GM.5.0.Unknown.0062	0.7639313424177577	1.7152411737005222	-0.310765984939235	0.6219765031098825	1.557632398753894	0.42968750000000006
GM.5.0.Rel.0017	0.010586453216165756	-0.3081348167745385	0.7631471982657118	1.0366275051831375	0.3115264797507788	0.78125
GM.5.0.bHLH.0122	0.07276359112290877	-1.0291201400058394	0.13673110654578646	0.0	0.0	0.0
GM.5.0.Unknown.0180	-1.609292603385692	-0.18772739750462925	0.9214993680747415	1.0366275051831375	0.9345794392523363	1.09375
GM.5.0.bZIP.0065	0.01985992400294642	1.8632186418789294	-0.8740141124616814	1.38217000691085	1.8691588785046727	1.6796875
GM.5.0.Paired_box.0013	-0.2870072702834226	0.0699642754632502	0.41594901792664307	0.0	0.0	0.0
GM.5.0.Nuclear_receptor.0038	-0.5257661528443489	0.6623596684251651	2.805198883217997	0.55286800276434	0.6230529595015576	0.625
GM.5.0.TEA.0005	0.07477509493553232	0.08640326429876499	2.2953963102511614	2.0041465100207327	4.049844236760125	4.140625
GM.5.0.C2H2_ZF.0094	0.7233463317672507	0.015952488603158826	0.08166272383884676	1.38217000691085	1.2461059190031152	1.25
GM.5.0.Myb_SANT.0006	0.14767086940219926	1.1070530917228119	0.9273008763672825	0.8984105044920525	0.0	0.9375
GM.5.0.HSF.0002	-0.40104997701520834	-0.38844455452003296	1.6036824309538322	2.073255010366275	1.557632398753894	1.7578125
GM.5.0.Nuclear_receptor.0094	1.0814411586805734	-2.014680382220688	-1.399860075410382	2.0041465100207327	1.557632398753894	1.5625
GM.5.0.Nuclear_receptor.0002	-1.3566811273297188	-2.2113754140566058	-0.37397455060667467	0.7601935038009675	1.2461059190031152	1.171875
GM.5.0.Mixed.0063	-0.09010243203213393	0.8188088172494676	0.12316922285267448	1.38217000691085	0.9345794392523363	1.484375
GM.5.0.Nuclear_receptor.0063	-1.3765008083195722	-0.8008442044603907	0.2744422690424664	0.7601935038009675	0.9345794392523363	0.78125
GM.5.0.Sox.0017	-0.548103771463735	0.6441226216499628	-0.3491967639362894	3.1098825155494123	2.1806853582554515	1.875
GM.5.0.C2H2_ZF.0251	-1.9395395739883374	0.42669974195166577	-1.7814255599415485	0.55286800276434	0.9345794392523363	0.8593750000000001
GM.5.0.bZIP.0094	1.0203129291415238	-0.5027854089308464	0.566173250412353	1.1748445058742225	0.6230529595015576	1.4453125
GM.5.0.C2H2_ZF.0181	0.015144673782360797	-1.7034422392088855	0.6203400715143275	0.7601935038009675	0.6230529595015576	1.3671875
GM.5.0.C2H2_ZF.0194	-0.038882326613972146	-0.6875921726658251	-1.1650035949127164	0.8984105044920525	0.6230529595015576	0.7421875
GM.5.0.bHLH.0051	-0.6817222788431276	0.33543451673593333	0.41728083387064846	1.1748445058742225	0.6230529595015576	0.9765625
GM.5.0.Unknown.0139	0.7883095295215434	1.009259290934092	0.198313089227031	0.691085003455425	2.4922118380062304	1.09375
GM.5.0.Homeodomain.0200	0.17650973969032013	0.8783567655037489	-0.3887660002640813	1.65860400829302	1.8691588785046727	2.109375
GM.5.0.THAP_finger.0005	0.7238525401126812	-0.40827876823794385	0.3205498830728525	0.27643400138217	1.2461059190031152	0.8593750000000001
GM.5.0.Mixed.0047	-0.5591033640411113	0.5129919218850301	1.6048494039519423	0.0	0.0	0.0
GM.5.0.Unknown.0042	1.3658468261377172	0.8537554505111947	0.2773199585886869	0.8984105044920525	0.9345794392523363	1.0546875
GM.5.0.bZIP.0084	0.1919896683429956	0.12070481049285471	1.0642110082759701	1.1748445058742225	0.6230529595015576	1.2109375
GM.5.0.C2H2_ZF.0030	-0.7192655428516272	-0.12483437350144753	0.8275960526455993	1.3130615065653075	0.0	1.0546875
GM.5.0.GATA.0006	-0.5098562008871427	0.5935464626256248	0.6311799322009862	1.520387007601935	0.3115264797507788	1.484375
GM.5.0.Ets.0027	-1.5057461089299868	-0.10725618686094432	-1.3439637785393086	0.0	0.0	0.0
GM.5.0.Sox.0016	1.8366469523898665	-1.2040531785523332	-2.684095387955978	1.7277125086385625	0.3115264797507788	1.015625
GM.5.0.Mixed.0074	0.8100076674686082	-0.4400068010356728	1.2092650103221625	1.0366275051831375	0.3115264797507788	0.9375
GM.5.0.C2H2_ZF.0232	1.7280687664317516	0.4360132891185095	0.40830520971361745	1.243953006219765	0.6230529595015576	1.8359375
GM.5.0.Grainyhead.0001	-1.1775841248992045	1.498745367487705	0.30657870419335054	2.6952315134761573	3.4267912772585665	2.6953125
GM.5.0.Homeodomain.0037	0.7977397443557815	-0.4186015143113256	-1.2153023311220648	1.3130615065653075	1.2461059190031152	1.015625
GM.5.0.C2H2_ZF.0172	-0.9808749025036555	-0.3922766526075459	0.7830120453810289	1.10573600552868	1.2461059190031152	1.015625
GM.5.0.Mixed.0061	0.5432055631911717	-0.42623214659352016	1.1904355882355195	1.243953006219765	0.0	1.171875
GM.5.0.Homeodomain.0201	-1.9706994020738577	3.948399002675933	-0.5840779653430931	0.55286800276434	3.4267912772585665	0.8593750000000001
GM.5.0.GATA.0020	0.056405149803477224	-0.008774216203529804	2.304589216759495	1.3130615065653075	1.557632398753894	1.7187500000000002
GM.5.0.Homeodomain.0133	-0.4989639255983622	-0.2250598775608111	-2.7503616669367696	1.8659295093296473	0.6230529595015576	1.6015624999999998
GM.5.0.GATA.0022	-0.5802189931236723	0.8603524788850464	0.7687892822028921	0.55286800276434	0.3115264797507788	0.703125
GM.5.0.Unknown.0026	0.7439948585030298	-0.5906497757118431	-0.15750629340574013	0.0	0.0	0.0
GM.5.0.Unknown.0200	-0.06481996388353699	-1.3070300851642376	-2.1728084682017936	1.3130615065653075	2.4922118380062304	1.328125
GM.5.0.C2H2_ZF.0052	-2.780203069744424	-0.5967980431618793	-0.9154202967524601	1.7277125086385625	1.2461059190031152	1.3671875
GM.5.0.C2H2_ZF.0202	-0.04070848996498551	0.9108549406366067	1.1030383002609039	0.691085003455425	1.2461059190031152	1.2109375
GM.5.0.Mixed.0105	-1.35466300142201	-0.142513137207027	-0.15095744854359255	1.10573600552868	0.3115264797507788	1.328125
GM.5.0.C2H2_ZF.0083	-1.4009744604272014	0.17423547992922409	2.5066753533654027	0.9675190048375951	1.557632398753894	1.7578125
GM.5.0.Sox.0036	1.1058483105004369	-0.24985460619136873	-0.021051007841315462	0.9675190048375951	1.2461059190031152	1.09375
GM.5.0.Homeodomain_POU.0024	-0.35053088490117634	0.4396035981147704	-0.778379693227729	1.4512785072563925	1.2461059190031152	1.25
GM.5.0.C2H2_ZF.0266	0.8719539947337893	0.7899521123314086	0.6492500911353608	0.48375950241879756	1.557632398753894	1.1328125
GM.5.0.Nuclear_receptor.0109	-0.8150033036312081	2.131925429602124	1.225584336088416	0.9675190048375951	2.4922118380062304	1.4453125
GM.5.0.bHLH.0100	0.3683607324868934	-0.23987866035389915	1.2000047660426998	1.9350380096751902	0.6230529595015576	1.015625
GM.5.0.Homeodomain.0185	-0.119294301685354	1.2937632840094784	0.0570263523327051	1.1748445058742225	0.3115264797507788	1.0546875
GM.5.0.C2H2_ZF.0039	-0.6691066180252034	-0.7733831365778844	-2.320258081005465	1.0366275051831375	1.8691588785046727	1.0546875
GM.5.0.T-box.0018	-1.6311201267581033	-1.9558468026792641	0.256565249208777	1.1748445058742225	1.8691588785046727	1.640625
GM.5.0.Mixed.0030	0.7247491199062912	0.07551754090195197	-1.122048347265339	1.10573600552868	1.8691588785046727	2.109375
GM.5.0.C2H2_ZF.0173	-1.7951997502781893	0.8711407582165357	0.6501606471347303	1.3130615065653075	3.4267912772585665	1.7968749999999998
GM.5.0.Rel.0007	0.8757608818729256	-0.6381743855330866	-0.12249092761182497	1.3130615065653075	1.557632398753894	1.4453125
GM.5.0.Unknown.0015	0.6082346833953979	-0.7032781331432717	0.4446153328819194	0.9675190048375951	0.6230529595015576	1.015625
GM.5.0.MADS_box.0019	-1.5588393824573608	0.6409714211974342	-1.8689055603612708	0.0	0.0	0.0
GM.5.0.Unknown.0036	0.7663450120882369	0.7283044946269301	-0.14999367065585925	1.520387007601935	0.0	1.2890625
GM.5.0.bHLH.0065	1.4039387159482335	-1.0346222718301514	0.15114591780412162	3.1098825155494123	1.557632398753894	2.4609375
GM.5.0.Sox.0010	-0.09452150646726397	1.2854411239205334	0.08403143063521379	0.0	0.0	0.0
GM.5.0.bZIP.0083	0.535659997205528	-1.3747096552394082	-1.370432330437894	0.0	0.0	0.0
GM.5.0.Homeodomain.0155	-1.277721420739197	1.1748323806092595	-1.654936441233195	1.7277125086385625	0.3115264797507788	1.953125
GM.5.0.C2H2_ZF.0064	-0.851127664240457	-0.028552711773610788	2.0918009295300073	0.7601935038009675	2.1806853582554515	1.171875
GM.5.0.C2H2_ZF.0224	-1.5244116066554578	1.0961962995408634	-0.48064959245380384	1.1748445058742225	1.557632398753894	1.3671875
GM.5.0.IRF.0012	0.5311500434130577	-0.6357790748951264	-1.0114133406595658	0.6219765031098825	0.3115264797507788	0.7421875
GM.5.0.Unknown.0109	3.5749601270484237	-0.7079625483404594	-0.5707090854408822	1.7277125086385625	1.557632398753894	0.625
GM.5.0.Homeodomain.0143	-1.3488294242413266	-0.34989503462176735	0.16411849053509328	1.5894955079474777	0.6230529595015576	1.6015624999999998
GM.5.0.Homeodomain.0010	0.4516721316075307	0.4345012597546559	-0.781912350348638	0.0	0.0	0.0
GM.5.0.C2H2_ZF.0298	0.22902603399758795	-1.8055993623124937	-1.3518250744134623	0.9675190048375951	0.9345794392523363	1.09375
GM.5.0.C2H2_ZF.0086	0.97045064123331	-0.1470491517744075	0.4201589484265737	1.7277125086385625	0.9345794392523363	1.2109375
GM.5.0.C2H2_ZF.0185	0.2978387447922302	-0.7354587175761296	-0.9611582481904855	2.1423635107118177	1.8691588785046727	1.640625
GM.5.0.C2H2_ZF.0035	-0.2724879869923434	-0.05087390364029687	1.9749294159330526	1.65860400829302	1.2461059190031152	1.09375
GM.5.0.MADS_box.0018	-0.17603116351600198	1.07560131616015	-2.1215299766449243	1.243953006219765	2.4922118380062304	1.2890625
GM.5.0.bZIP.0020	-0.1560693343996762	-0.15423867821609974	1.6103421708080383	1.243953006219765	0.9345794392523363	1.2109375
GM.5.0.Forkhead.0034	3.0976843558625586	-0.476375370338679	-1.142674171995934	0.0	0.0	0.0
GM.5.0.Homeodomain.0159	1.1289886075865827	1.0397003796643385	0.44832300773791917	2.21147201105736	0.6230529595015576	1.40625
GM.5.0.Homeodomain.0085	0.2780494005672727	0.23755779071979877	0.511213505244396	1.3130615065653075	0.9345794392523363	1.5625
GM.5.0.Grainyhead.0010	-0.4117457365991464	0.7650096627617349	-0.2038795786191756	2.626123013130615	1.2461059190031152	2.34375
GM.5.0.Homeodomain.0125	0.39086150158226857	2.652217529252023	-0.8598796844646865	1.4512785072563925	2.1806853582554515	0.8203125
GM.5.0.C2H2_ZF.0273	-2.555360062203991	-2.202441776863969	0.06582057801189134	1.38217000691085	0.9345794392523363	1.328125
GM.5.0.Homeodomain.0181	-1.3348433217682	0.9027074620748269	-0.21027520131063115	0.8984105044920525	1.557632398753894	1.484375
GM.5.0.Nuclear_receptor.0079	-0.4807286635866585	1.4329463697953564	-1.1672945103832681	1.10573600552868	1.8691588785046727	1.25
GM.5.0.bHLH.0109	0.8379873543735556	0.41767407545215707	0.8754316239203557	0.3455425017277125	1.2461059190031152	0.9765625
GM.5.0.Homeodomain.0165	1.1793758739705014	0.16533353868141046	-0.015772804734231854	1.9350380096751902	0.9345794392523363	1.40625
GM.5.0.Unknown.0106	0.9313644285614106	0.11662407603493401	0.8607980909497114	1.4512785072563925	0.3115264797507788	0.6640625
GM.5.0.bZIP.0061	1.6069787074926647	-0.23803288572907683	-2.1290270877888156	2.073255010366275	0.9345794392523363	1.2890625
GM.5.0.Nuclear_receptor.0111	-0.6647884630404195	0.39760402647716775	3.152407658228927	1.243953006219765	0.9345794392523363	2.265625
GM.5.0.Unknown.0202	-0.5428905598052953	1.0419213633785567	1.097294862451863	1.3130615065653075	0.3115264797507788	1.7187500000000002
GM.5.0.GCM.0001	-0.2774386802049794	0.5332349094481094	1.623293440424707	1.65860400829302	2.1806853582554515	1.328125
GM.5.0.SAND.0003	0.48510693203241484	-0.8929118261130531	1.4373006319661374	0.7601935038009675	1.557632398753894	1.6796875
GM.5.0.T-box.0007	0.607485470125748	0.6867198165383335	-1.0094004116697457	0.7601935038009675	0.0	0.9375
GM.5.0.Unknown.0060	-0.8027486316843566	0.3930501817498344	-0.8711871958117376	1.796821008984105	1.2461059190031152	1.328125
GM.5.0.Myb_SANT.0016	0.9443036917965711	0.9367900714630233	-0.1459670335257505	1.243953006219765	1.557632398753894	1.5234375
GM.5.0.IRF.0013	2.9190963168350903	-1.339560412791607	-1.6569872189265795	2.21147201105736	1.557632398753894	1.171875
GM.5.0.C2H2_ZF.0170	1.9175635356238712	-0.1726519892909416	-2.0545708115244774	1.4512785072563925	0.0	0.703125
GM.5.0.SMAD.0007	0.9022865658174223	0.22995723358407907	-1.0317747467852794	1.38217000691085	0.9345794392523363	1.328125
GM.5.0.DP_E2F.0001	0.9184276123464761	0.027340780072768224	-0.38919066648309636	1.0366275051831375	2.803738317757009	1.015625
GM.5.0.RFX.0011	0.8851690742061007	-0.0690744738580151	0.004380128638182676	1.38217000691085	0.9345794392523363	1.5625
GM.5.0.C2H2_ZF.0098	0.6143612671480411	0.5705940736758169	-0.21802993281725883	1.1748445058742225	1.557632398753894	1.015625
GM.5.0.Ets.0019	-1.8183949779789677	-1.5275625479928674	1.2117576803059984	1.10573600552868	0.3115264797507788	1.09375
GM.5.0.Mixed.0017	-1.1212185328271702	-0.1980008148322761	1.3484900842357421	0.414651002073255	0.9345794392523363	0.9765625
GM.5.0.bZIP.0068	-0.10000713768316012	-3.005466276350122	0.5699911203187857	1.520387007601935	0.3115264797507788	0.9765625
GM.5.0.Ets.0031	0.08872582908370366	0.14044035360379303	2.8539121831984193	1.65860400829302	2.4922118380062304	1.5234375
GM.5.0.Homeodomain.0046	0.6595544894718464	-0.7623010208983115	-0.8665777896353487	0.0	0.0	0.0
GM.5.0.C2H2_ZF.0075	0.15579712622717995	0.20805176669484013	0.8421142790829665	0.0	0.0	0.0
GM.5.0.SAND.0007	0.11863309966979507	0.8312182726093192	0.42394655007880566	0.414651002073255	0.3115264797507788	0.46875
GM.5.0.Paired_box.0011	0.7169456688200371	-0.5938474201764058	-0.024142172601678693	1.3130615065653075	1.557632398753894	1.2109375
GM.5.0.bZIP.0091	1.4874243989606617	0.4994953441482102	-1.7997131771631847	1.10573600552868	0.6230529595015576	0.78125
GM.5.0.CUT_Homeodomain.0004	0.13727421012664087	1.3815259674717422	-1.3616997810276381	1.10573600552868	0.9345794392523363	1.3671875
GM.5.0.Unknown.0147	0.20366630008358744	-0.5192116221516307	0.01089973330968248	0.82930200414651	1.557632398753894	1.25
GM.5.0.Ets.0014	-0.6776982200748354	0.041483723034165164	0.28864043065186945	1.243953006219765	1.2461059190031152	1.171875
GM.5.0.Paired_box.0018	-0.9108997346929333	0.13002315168349413	0.3208223936721018	1.10573600552868	0.9345794392523363	1.2109375
GM.5.0.bZIP.0086	-0.6537052583791364	-0.6847610024659742	0.4879317411766438	0.7601935038009675	1.2461059190031152	0.8984374999999999
GM.5.0.C2H2_ZF.0069	2.967378201845575	-1.4000772770923975	-2.6751213031091217	1.38217000691085	0.0	0.8593750000000001
GM.5.0.STAT.0022	-1.4754371980713237	-1.1524872777227593	1.1576237442684103	0.7601935038009675	0.3115264797507788	0.703125
GM.5.0.Homeodomain.0146	0.809963311149044	0.87342379464507	1.4955425412523524	0.0	0.0	0.0
GM.5.0.Ets.0034	-1.128105657128991	-2.7410569418780693	-0.05306559461334969	1.4512785072563925	1.557632398753894	1.40625
GM.5.0.IRF.0016	2.8382125611108324	-0.7205771693862594	-1.228082187325333	1.8659295093296473	0.3115264797507788	1.2109375
GM.5.0.Ets.0038	-0.07380773292313336	-0.2546661016647409	1.7004203414644317	1.10573600552868	0.6230529595015576	1.5234375
GM.5.0.C2H2_ZF.0249	-2.1355003967436086	-1.142978626525889	2.8673327831489406	0.55286800276434	0.9345794392523363	1.6796875
GM.5.0.HSF.0003	0.33372507244950184	-0.8858791138339581	1.418547579829962	0.6219765031098825	1.557632398753894	1.3671875
GM.5.0.C2H2_ZF.0183	0.9963251972054741	0.050722928481926485	-1.1686536806100951	1.38217000691085	0.6230529595015576	0.8593750000000001
GM.5.0.Unknown.0181	-0.22862516619079595	-1.4282331725889135	1.9417121841681444	1.796821008984105	1.2461059190031152	2.5
GM.5.0.Nuclear_receptor.0001	-0.5121560717253889	0.8027779634563814	2.187782249346643	0.9675190048375951	2.4922118380062304	0.8984374999999999
GM.5.0.C2H2_ZF.0289	0.655836298700033	0.44037175132591616	0.8186748577963371	0.55286800276434	2.1806853582554515	1.2109375
GM.5.0.EIN3.0001	2.250445246129251	0.4233746562670097	-1.5935314250572326	0.0	0.0	0.0
GM.5.0.MADS_box.0008	-0.8270860487784581	1.7908987177593	-2.65677368874427	0.8984105044920525	1.8691588785046727	1.171875
GM.5.0.bHLH.0059	0.57396558529315	-0.5873553099958055	1.773833394146687	0.9675190048375951	0.6230529595015576	1.2890625
GM.5.0.C2H2_ZF.0287	0.20212928251098403	-0.7967507661269542	0.6671924933596485	0.0	0.0	0.0
GM.5.0.p53.0004	0.6577778322270833	0.4163363193835983	0.8382091958222093	0.7601935038009675	0.3115264797507788	1.6796875
GM.5.0.Rel.0013	-0.6058311069225721	-0.3053045245409912	0.2879396409463152	1.10573600552868	0.9345794392523363	1.015625
GM.5.0.Homeodomain.0092	0.774056821300123	1.4125895065873588	0.008282013501042254	1.10573600552868	0.9345794392523363	1.015625
GM.5.0.Nuclear_receptor.0082	-1.2009315550316837	0.8322191585976989	1.1989775146615878	0.0	0.0	0.0
GM.5.0.E2F.0008	3.6437476798117956	-1.0316389314246002	-2.237991457943256	2.4187975120939877	0.6230529595015576	1.1328125
GM.5.0.C2H2_ZF.0179	0.38832606304576556	0.8771836118878841	-0.810259743307787	1.5894955079474777	1.2461059190031152	1.1328125
GM.5.0.Unknown.0021	-0.12486662174581514	-0.26111318769640174	1.044629988231625	0.82930200414651	1.2461059190031152	0.8593750000000001
GM.5.0.Nuclear_receptor.0142	-0.2992381000531086	1.2303992911167818	0.6380362380157802	0.9675190048375951	1.557632398753894	1.09375
GM.5.0.Mixed.0096	1.0926511986196803	2.6195071810645087	-0.25433306649429716	0.8984105044920525	3.7383177570093453	1.25
GM.5.0.SMAD.0005	-0.8729356799961568	3.1347058772830874	0.41768334610690233	0.48375950241879756	3.4267912772585665	1.25
GM.5.0.Homeodomain.0028	0.6774935938384125	0.6808413089765935	0.32249875249877524	1.65860400829302	1.557632398753894	1.1328125
GM.5.0.Homeodomain_Paired_box.0002	0.07091670374275111	0.8378994141096713	-1.0214954244013663	0.8984105044920525	0.9345794392523363	0.6640625
GM.5.0.Nuclear_receptor.0009	-0.7407755907542422	-0.6967690802362881	2.5662809503079265	0.3455425017277125	1.557632398753894	0.9765625
GM.5.0.Sox.0024	2.522149804744261	0.967891516278649	-1.8120892484083169	1.65860400829302	0.3115264797507788	0.8984374999999999
GM.5.0.Unknown.0071	-0.2705557254992536	-1.5740459375644809	2.2977562491423256	0.691085003455425	1.8691588785046727	1.40625
GM.5.0.Homeodomain.0029	0.3746632782607421	1.3307774834221802	0.41872659678955415	2.073255010366275	2.4922118380062304	1.171875
GM.5.0.RFX.0003	1.4153836273869256	0.49144991829156076	-0.8466936428694399	1.520387007601935	2.4922118380062304	0.703125
GM.5.0.bHLH.0070	-0.8283371595928803	-0.27145076765800075	0.9036312251933887	1.38217000691085	1.2461059190031152	1.8359375
GM.5.0.bZIP.0053	-2.0817250334594637	-1.9214086775526182	0.1887005593684539	1.1748445058742225	0.3115264797507788	1.015625
GM.5.0.Homeodomain.0148	-0.9366148096249506	2.629146114034108	0.8036109062067097	0.0	0.0	0.0
GM.5.0.C2H2_ZF.0272	0.44491725690617184	1.0371619567716293	-0.8385431120420301	1.9350380096751902	1.8691588785046727	1.7187500000000002
GM.5.0.Mixed.0092	-0.4639681113859736	-0.9852533340425552	1.9261957907665166	0.0	0.0	0.0
GM.5.0.Rel.0020	1.7089567521887725	-0.6614679261493172	-1.1796363205948972	3.6627505183137523	1.8691588785046727	2.34375
GM.5.0.bZIP.0016	0.1752175723557354	-0.1351849495037386	0.7870211045119209	1.243953006219765	0.6230529595015576	0.78125
GM.5.0.C2H2_ZF.0059	0.009665956776324394	0.13571063719791493	1.5690288338078178	1.10573600552868	1.2461059190031152	1.484375
GM.5.0.Homeodomain.0187	-0.08544452995463274	2.1762450394969535	0.10978924663132729	1.7277125086385625	1.2461059190031152	1.2890625
GM.5.0.Unknown.0196	-0.18616589539429576	-0.49426009525776465	-0.7299754048944854	0.8984105044920525	0.0	0.78125
GM.5.0.C2H2_ZF.0195	-0.7694663143560799	1.8907309366570058	-1.4888443670872675	1.0366275051831375	2.803738317757009	1.2890625
GM.5.0.Unknown.0085	0.06172044963566222	2.695610613781815	1.4362101609539295	0.691085003455425	2.803738317757009	1.7968749999999998
GM.5.0.C2H2_ZF.0010	0.7760579415442977	-0.03438019518882557	1.22628812479282	1.4512785072563925	0.6230529595015576	1.7968749999999998
GM.5.0.Unknown.0046	1.8707917451797293	0.3589363284011448	-1.8164558280599719	1.5894955079474777	0.3115264797507788	1.09375
GM.5.0.Mixed.0038	-0.0371377434484497	0.8572357075065581	0.627769221902814	0.691085003455425	1.557632398753894	1.2109375
GM.5.0.Ets.0005	0.23635792354495097	-0.13064713578021134	0.5991937034045638	1.38217000691085	0.9345794392523363	1.484375
GM.5.0.ARID_BRIGHT.0001	-1.741881783364382	0.48193646333018586	-1.5179915155075416	0.0	0.0	0.0
GM.5.0.T-box.0004	0.786809331815379	-0.7700681633867669	-0.06792958436980187	1.65860400829302	1.8691588785046727	2.03125
GM.5.0.Mixed.0084	0.8775659938918013	0.1033722302075991	-1.4388720880461663	0.6219765031098825	0.9345794392523363	0.78125
GM.5.0.C2H2_ZF.0006	-2.038121283029901	-1.4111288991945778	0.7719695381169485	0.414651002073255	1.2461059190031152	0.78125
GM.5.0.IRF.0019	0.013966996193798141	1.0230573186253624	0.36235795862074666	2.48790601243953	2.1806853582554515	1.9921874999999998
GM.5.0.Homeodomain.0170	0.24201050084550788	0.37085724566172984	0.25615885191074367	0.0	0.0	0.0
GM.5.0.Ets.0011	1.817121832972155	0.5033506091733997	0.7175275525267988	1.7277125086385625	0.6230529595015576	1.09375
GM.5.0.HSF.0007	-1.5054480008613704	0.6000309704634478	0.8357796829586387	1.7277125086385625	2.1806853582554515	1.4453125
GM.5.0.Homeodomain.0079	1.0689458444707742	1.1199462665228943	-0.002848402385066352	0.0	0.0	0.0
GM.5.0.Unknown.0130	-0.19990213161291578	2.089212168572929	-0.34469806321671637	1.10573600552868	1.557632398753894	1.25
GM.5.0.bHLH.0126	-1.3644768750018996	-1.5175606045455874	1.224178053552431	0.6219765031098825	1.8691588785046727	1.171875
GM.5.0.C2H2_ZF.0218	-0.8880104971963784	0.27280253869402854	-0.983335376451741	0.0	0.0	0.0
GM.5.0.bZIP.0092	1.6518462229559245	0.7600838640735942	0.13908596890890434	2.073255010366275	1.557632398753894	1.328125
GM.5.0.Nuclear_receptor.0068	-2.798886027741639	-0.0014455725357522108	-2.524966792623423	0.0	0.0	0.0
GM.5.0.Unknown.0034	-0.8750009416216383	-1.5791191199965575	0.8177952738740262	0.8984105044920525	0.6230529595015576	1.171875
GM.5.0.Forkhead.0028	2.1734266165581344	0.5613374161273913	-0.5177441503017891	1.4512785072563925	1.8691588785046727	1.2890625
GM.5.0.bHLH.0112	-2.797792797000443	-0.25894964093363737	0.46996345719190835	1.0366275051831375	0.6230529595015576	0.8984374999999999
GM.5.0.Forkhead.0024	0.8614514509716993	2.2669511793428336	0.16378716702893667	0.9675190048375951	2.803738317757009	1.09375
GM.5.0.Mixed.0057	-0.14901211495970573	0.6931649188412612	0.10982785211581587	2.073255010366275	1.2461059190031152	2.3046875
GM.5.0.T-box.0014	0.005173207613891136	1.991450069550603	-0.9600225919776473	1.8659295093296473	5.919003115264798	1.9140625000000002
GM.5.0.Unknown.0084	2.277661440592969	-0.5239025413367758	-1.4969004155717853	1.38217000691085	2.1806853582554515	1.5625
GM.5.0.C2H2_ZF.0210	1.3624070590163626	-0.02227671117907712	0.039015439321624504	0.0	0.0	0.0
GM.5.0.HSF.0004	-0.41828637864809104	-0.9052796411585845	0.6799474593939454	0.6219765031098825	1.2461059190031152	1.1328125
GM.5.0.STAT.0008	-0.11893754040704181	-1.0066868013274453	-0.598530954356971	0.0	0.0	0.0
GM.5.0.bHLH.0136	-1.5044372911843593	0.47455016684955376	-0.672308275003958	0.0	0.0	0.0
GM.5.0.bHLH.0089	-0.46583963028590863	-2.230736222991196	2.046564773126717	0.0	0.0	0.0
GM.5.0.Unknown.0070	0.9237100915862317	0.5611671220093674	-1.0394096851496184	1.0366275051831375	2.1806853582554515	1.328125
GM.5.0.Unknown.0008	0.17221411400343128	-0.32325884190291276	-1.5342567892973882	1.9350380096751902	0.6230529595015576	1.4453125
GM.5.0.E2F.0017	0.9723213783474202	2.052740560426689	-0.6424694263693161	1.10573600552868	3.115264797507788	1.328125
GM.5.0.TEA.0003	-2.1525426225598645	0.11538776967439318	1.1230451839821425	0.8984105044920525	1.557632398753894	1.6015624999999998
GM.5.0.bZIP.0004	-1.1499617592469116	-1.224017384028507	-0.519737613476543	2.073255010366275	0.6230529595015576	1.6796875
GM.5.0.C2H2_ZF.0239	0.13662737821352236	-0.64695751501907	-0.5706520373488337	1.1748445058742225	0.3115264797507788	0.8203125
GM.5.0.C2H2_ZF.0031	-0.3498032762589047	1.6941391746717893	1.341068570359386	0.8984105044920525	1.8691588785046727	1.0546875
GM.5.0.THAP_finger.0006	-3.721888401752234	1.6664729867916201	-2.238761752854658	3.9391845196959228	5.29595015576324	3.8281250000000004
GM.5.0.Unknown.0140	0.12071268666767652	-0.5674816454199217	-1.633588119877347	2.5570145127850727	3.4267912772585665	1.484375
GM.5.0.C2H2_ZF.0275	-0.1892507301776113	0.9907955285252436	-0.21171903685176277	0.0	0.0	0.0
GM.5.0.SMAD.0014	-0.227026637455056	-0.6823626117466102	-3.6815685960711986	2.0041465100207327	1.8691588785046727	2.03125
GM.5.0.Unknown.0032	-0.46445372899088505	0.26053059881505475	-0.7952512448867117	1.8659295093296473	0.3115264797507788	1.5234375
GM.5.0.CENPB.0001	0.061756513852257146	0.37722973939873566	-0.8495432124880475	1.10573600552868	0.9345794392523363	1.2890625
GM.5.0.T-box.0025	-0.04485651629045464	1.4566624551642686	-0.2699792557913732	1.520387007601935	2.1806853582554515	1.2890625
GM.5.0.C2H2_ZF.0151	0.15820045502581837	0.6024637019888816	-0.24499031885428574	1.0366275051831375	0.9345794392523363	1.4453125
GM.5.0.Homeodomain_POU.0026	1.296934263414821	0.8640823609304055	-0.10137108311001206	1.65860400829302	0.3115264797507788	0.8984374999999999
GM.5.0.bZIP.0038	1.8318995609218696	-0.6121147781125459	-0.16854958021498603	0.0	0.0	0.0
GM.5.0.C2H2_ZF.0301	-0.03768241600376661	0.4442657186887801	-1.359699569931296	1.1748445058742225	1.2461059190031152	1.2109375
GM.5.0.bZIP.0047	-1.1632428734911588	-0.8539970716524836	2.9950506417771767	1.243953006219765	0.3115264797507788	1.8359375
GM.5.0.T-box.0006	-2.13636034083624	1.3317087539100632	0.023042301519128873	1.5894955079474777	3.115264797507788	1.3671875
GM.5.0.C2H2_ZF.0157	0.9649667664661864	-0.2573710573439609	1.345897540323107	1.5894955079474777	1.557632398753894	1.484375
GM.5.0.bHLH.0076	-0.4996612165106309	-1.598443141195119	-1.3301838093887859	0.7601935038009675	1.2461059190031152	0.9765625
GM.5.0.Mixed.0075	-0.5825443116231332	0.09135963988996068	0.36015473392758457	1.3130615065653075	0.3115264797507788	1.0546875
GM.5.0.Forkhead.0011	3.8099735128761076	-1.490299613892729	-1.9520428232127667	1.8659295093296473	0.0	0.703125
GM.5.0.Homeodomain.0168	-0.6921068339253929	1.032795931850126	0.538039445545425	1.520387007601935	1.8691588785046727	1.25
GM.5.0.Mixed.0109	-1.505808862765879	-1.7606145700614582	3.2216129508630993	0.691085003455425	1.8691588785046727	1.5234375
GM.5.0.C2H2_ZF.0168	0.026909900797345905	0.3315333056310684	-0.3862603920520905	1.243953006219765	1.557632398753894	1.640625
GM.5.0.Nuclear_receptor.0069	-0.6279318599255054	-2.0385780639193105	-1.652109073996152	1.1748445058742225	1.2461059190031152	0.9765625
GM.5.0.Mixed.0064	0.999339261035606	1.1192291388960267	-0.15312637674483723	0.0	0.0	0.0
GM.5.0.MBD.0002	1.0647228500428263	-3.599283499986771	-2.88626208093768	0.0	0.0	0.0
GM.5.0.Nuclear_receptor.0128	-0.5155686391740231	2.630772831779521	-0.8042991775767395	0.691085003455425	3.115264797507788	1.484375
GM.5.0.Nuclear_receptor.0147	-0.27380092494921193	-0.013450444818000219	1.409992279346695	1.3130615065653075	1.557632398753894	1.40625
GM.5.0.GCM.0004	-1.367256960704444	2.00150043551231	-1.5952556337159052	0.9675190048375951	3.4267912772585665	1.3671875
GM.5.0.ARID_BRIGHT.0003	1.0914988304000588	0.12810731336704856	-0.37770637940623647	0.0	0.0	0.0
GM.5.0.C2H2_ZF.0217	-0.9573840424916712	0.46682232259221035	1.137242625611829	0.691085003455425	0.9345794392523363	1.171875
GM.5.0.GATA.0030	2.1151994994358367	1.9391395411921477	-0.40637322514039464	1.243953006219765	1.557632398753894	0.8203125
GM.5.0.AT_hook.0002	-0.22744932224154613	0.7814666605598908	-0.6237458308916973	1.7277125086385625	1.2461059190031152	1.6015624999999998
GM.5.0.Sox.0025	1.113590841823955	-0.6228773921830694	-0.0878307283790487	0.0	0.0	0.0
GM.5.0.C2H2_ZF.0077	0.929759330966116	-0.2383173784235177	0.6272251873802384	1.243953006219765	0.3115264797507788	1.171875
GM.5.0.SMAD.0012	0.8866984299058378	0.6708167629320413	-1.4840974610151019	0.82930200414651	3.115264797507788	0.9375
GM.5.0.Mixed.0034	-1.0335341274595395	0.4973352103961542	-0.577840000442435	0.6219765031098825	1.557632398753894	0.625
GM.5.0.Mixed.0006	-1.2859226464162503	-0.7156458213132699	1.5468932860773965	1.1748445058742225	0.6230529595015576	1.7187500000000002
GM.5.0.Homeodomain.0005	-3.0542051848782763	-0.6232660660330284	1.980083990860557	0.8984105044920525	0.9345794392523363	1.484375
GM.5.0.Nuclear_receptor.0054	-1.614015633250872	-1.2109320026349648	1.013935652238828	0.0	0.0	0.0
GM.5.0.Forkhead.0045	2.9723234974295107	-0.5024835399619376	-0.8024422969817714	1.5894955079474777	0.9345794392523363	1.1328125
GM.5.0.C2H2_ZF.0316	0.25370889995582974	1.8855461698407276	0.5033578757345984	0.82930200414651	2.4922118380062304	1.09375
GM.5.0.Homeodomain.0150	-1.1272257099573812	0.9861515426711749	0.2563275382076074	2.0041465100207327	3.115264797507788	1.8359375
GM.5.0.Unknown.0144	0.16011060542161315	0.025475514237490806	0.020419133872680333	1.5894955079474777	1.8691588785046727	1.4453125
GM.5.0.Mixed.0106	0.840021076623873	-0.6675870742524336	0.6240621548022202	1.0366275051831375	1.2461059190031152	1.0546875
GM.5.0.Mixed.0087	-0.5725191375534443	-2.073311535839629	-2.361772927279603	1.38217000691085	1.8691588785046727	1.7578125
GM.5.0.C2H2_ZF.0105	0.08611049866119842	0.3714604157241924	0.3128906446439258	0.414651002073255	0.3115264797507788	0.78125
GM.5.0.bZIP.0070	0.1316710522688432	0.9212906401799348	-0.036219734303060434	1.10573600552868	0.9345794392523363	1.3671875
GM.5.0.Myb_SANT.0007	1.0052543840970298	1.286372026812085	0.23770487236056248	1.3130615065653075	0.6230529595015576	1.171875
GM.5.0.Grainyhead.0005	-1.1726035946109754	-0.20073507002873014	-1.083606408268257	0.0	0.0	0.0
GM.5.0.Homeodomain_POU.0010	0.0228964339555128	-2.32659968694059	-0.5361700181237206	1.38217000691085	0.3115264797507788	1.1328125
GM.5.0.C2H2_ZF.0019	-0.39175488595872565	-2.5669996002645106	0.6407519579170278	0.0	0.0	0.0
GM.5.0.Mixed.0045	0.14606530398414488	-2.3238089203781507	-0.5362502467217961	1.5894955079474777	1.2461059190031152	2.109375
GM.5.0.bZIP.0081	2.3566160690688993	-0.24471984666819424	-1.0406331671074793	1.65860400829302	0.0	0.9375
GM.5.0.C2H2_ZF.0208	0.18767025726093248	3.5572892044890456	0.363001184531798	0.138217000691085	2.803738317757009	0.42968750000000006
GM.5.0.Homeodomain.0164	-1.0927072204942876	-0.6249092684347106	0.3118863042357135	1.38217000691085	1.2461059190031152	1.1328125
GM.5.0.Mixed.0076	-1.596703508070052	0.44495613630994474	1.3819436226379054	0.7601935038009675	0.3115264797507788	1.25
GM.5.0.E2F.0003	1.975739666640048	1.9753573053889983	-1.4656233083168064	2.7643400138217	9.345794392523365	2.734375
GM.5.0.Mixed.0050	1.5044552480586868	-0.9894131733164868	0.09296369386407242	1.38217000691085	0.9345794392523363	0.8593750000000001
GM.5.0.Homeodomain.0111	-1.1008046257899486	0.7895178542299851	-1.4721045608883394	0.0	0.0	0.0
GM.5.0.Nuclear_receptor.0112	-0.09167571746323602	0.09217066547850852	3.4744665803382144	0.7601935038009675	1.557632398753894	1.6796875
GM.5.0.bZIP.0027	-1.9646925614409287	-0.6055339988829834	3.386773435498369	0.7601935038009675	0.9345794392523363	1.328125
GM.5.0.C2H2_ZF.0044	1.759549207882513	-1.1037974190229225	-0.8368126457140911	2.0041465100207327	1.2461059190031152	1.328125
GM.5.0.Paired_box.0012	1.4728536420416956	0.34210848430916124	0.03832065869659678	1.65860400829302	1.2461059190031152	0.8984374999999999
GM.5.0.Mixed.0049	2.4829973350906687	-0.27462735637974695	-1.229153965467193	2.4187975120939877	1.8691588785046727	1.640625
GM.5.0.Unknown.0080	-1.5148157453975706	-2.693056302593676	-0.6854235754843964	1.7277125086385625	1.557632398753894	1.7578125
GM.5.0.SMAD.0015	-1.5352448845425488	-0.4148703697545263	0.4867814474914708	2.6952315134761573	0.9345794392523363	2.0703125
GM.5.0.Forkhead.0037	3.43368106205558	-0.03379308181150396	-0.08985475878999213	3.455425017277125	0.0	1.171875
GM.5.0.Unknown.0014	-0.39019537366169693	1.5404916292777295	1.5825574262546378	0.9675190048375951	1.2461059190031152	1.25
GM.5.0.MADS_box.0015	0.11888172307460862	0.5777580050545733	-0.31016900192269486	1.38217000691085	0.0	1.328125
GM.5.0.Homeodomain_POU.0017	-0.5356163230282804	0.5219498900753943	-0.7907114930975306	3.2480995162404978	2.1806853582554515	1.640625
GM.5.0.Mixed.0029	-0.3948302612828547	0.1606336565852848	-1.2375309752411423	1.520387007601935	2.1806853582554515	1.8359375
GM.5.0.GATA.0024	1.212999688355924	-0.0878333944459538	-0.7256857519514569	0.0	0.0	0.0
GM.5.0.Homeodomain.0138	-0.536047014321339	2.0037998241607258	0.880756217937097	0.0	0.0	0.0
GM.5.0.Homeodomain.0194	-1.299995291012552	1.312679608709186	2.125230314227062	1.3130615065653075	2.1806853582554515	1.7578125
GM.5.0.bHLH.0113	-1.082017128446676	-0.4598405033908489	-0.15244909351238956	1.8659295093296473	2.4922118380062304	1.09375
GM.5.0.Homeodomain.0118	-0.5472515194008478	0.2953925203788998	1.0400308515696755	0.0	0.0	0.0
GM.5.0.bZIP.0024	-0.35952492247212847	-0.16636119208576028	0.7245174508730762	1.796821008984105	0.9345794392523363	1.4453125
GM.5.0.Homeodomain.0038	-0.270164011457358	-0.6300496415912485	1.2894699552123214	0.0	0.0	0.0
GM.5.0.Mixed.0008	0.5027538466522694	-0.07125985930520794	0.1264586341205891	0.0	0.0	0.0
GM.5.0.bZIP.0009	1.3139653345421827	1.3294446702179985	-0.46015740195123883	2.5570145127850727	0.0	2.4609375
GM.5.0.C2H2_ZF.0222	1.7974931128694331	-0.8431180389317215	0.28855001221037213	1.3130615065653075	0.9345794392523363	0.8593750000000001
GM.5.0.Homeodomain.0053	-1.186486170413202	-0.8406624955132014	2.826309920381882	1.38217000691085	0.9345794392523363	1.7578125
GM.5.0.E2F.0015	0.45334978810837356	0.810245631289783	-0.6551022868437348	0.7601935038009675	1.2461059190031152	1.09375
GM.5.0.C2H2_ZF.0221	-1.5357163294537155	0.40108849029139254	-1.361993654903119	1.65860400829302	2.4922118380062304	2.0703125
GM.5.0.E2F.0007	1.747165236720208	-1.2080720935643143	-1.0038958135368714	1.8659295093296473	0.6230529595015576	1.1328125
GM.5.0.SAND.0005	2.5443070021964678	-0.376677954734972	-0.6277475281033599	2.073255010366275	0.0	1.2109375
GM.5.0.DM.0001	1.1011370372853477	-0.3550594425919453	0.3461086237777942	2.0041465100207327	2.803738317757009	2.03125
GM.5.0.Homeodomain.0066	-0.2470960804127658	-1.6816088732525047	-0.4751476717352781	0.82930200414651	1.557632398753894	1.09375
GM.5.0.IRF.0005	1.423820344714716	-0.9938905649925043	-0.5448914392162483	1.520387007601935	0.6230529595015576	0.8984374999999999
GM.5.0.Unknown.0057	1.1741201225216462	0.6399938802066119	-1.9697410391705594	1.0366275051831375	0.9345794392523363	1.0546875
GM.5.0.C2H2_ZF.0317	1.3890942865141214	-0.5342492994620167	-2.6242234525787653	2.4187975120939877	1.8691588785046727	1.7968749999999998
GM.5.0.Forkhead.0047	1.7060241170788457	-1.581925977235372	-1.9305481259557302	1.9350380096751902	0.9345794392523363	1.4453125
GM.5.0.SAND.0004	2.482422164243574	-2.50554090235029	-0.9409789101754421	0.0	0.0	0.0
GM.5.0.Rel.0003	0.8178806918085709	0.1636381890959213	-0.23105172883154923	0.8984105044920525	2.803738317757009	1.2109375
GM.5.0.Unknown.0098	0.6179021950625915	-0.8254223419414387	-1.5726350242462241	1.4512785072563925	0.3115264797507788	1.09375
GM.5.0.Unknown.0119	-0.6077671643040834	-0.7765361573315933	3.0005869959819047	0.8984105044920525	0.6230529595015576	1.3671875
GM.5.0.MADS_box.0017	-1.389485403516133	-0.15034157080713956	-0.1986477290207757	0.0	0.0	0.0
GM.5.0.bZIP.0069	0.21589088324867853	-0.5248689870309385	-0.8807286212469667	1.10573600552868	0.9345794392523363	0.9765625
GM.5.0.MADS_box.0004	-0.5091974995436697	0.9478163086932354	0.31781236402080576	1.8659295093296473	2.4922118380062304	1.9921874999999998
GM.5.0.Unknown.0065	1.2220121657597893	0.15131438472948866	0.3219598989238499	0.0	0.0	0.0
GM.5.0.C2H2_ZF.0011	-2.167579859857298	-3.779717824287802	-1.3635684796823733	1.5894955079474777	0.3115264797507788	1.171875
GM.5.0.C2H2_ZF.0176	-0.586901686474094	-0.6065931662964381	3.6122682843221585	0.6219765031098825	1.557632398753894	1.4453125
GM.5.0.Homeodomain.0030	-0.03506203862052421	0.08125029023828653	-1.8686335165920671	1.3130615065653075	1.8691588785046727	1.40625
GM.5.0.bZIP.0079	-0.18497072577421783	0.1576428502317213	0.7574741142108247	1.0366275051831375	1.8691588785046727	0.8984374999999999
GM.5.0.Homeodomain_POU.0009	0.911404495888693	0.5739353161427877	-1.6319102430790857	3.1098825155494123	2.1806853582554515	1.2890625
GM.5.0.Homeodomain_POU.0025	0.5816239949874379	-0.34506294561569273	-1.136899685479682	1.796821008984105	0.3115264797507788	1.2890625
GM.5.0.C2H2_ZF.0041	2.0301820826005934	-1.4679400782171526	-1.9524152919812805	1.8659295093296473	0.9345794392523363	1.328125
GM.5.0.C2H2_ZF.0036	-3.312754791203197	2.278377571576096	-1.8814605041821388	1.10573600552868	3.115264797507788	1.015625
GM.5.0.bHLH.0062	-0.19394452471506268	-0.7735967322939304	-0.3980895847922384	2.1423635107118177	4.049844236760125	1.9921874999999998
GM.5.0.Homeodomain.0184	-0.780489938258706	2.052486093820167	1.4822570595721076	0.0	0.0	0.0
GM.5.0.Sox.0011	-1.472277557647711	-0.08285461587451289	0.7394073563822112	1.8659295093296473	0.6230529595015576	2.03125
GM.5.0.Myb_SANT.0017	-0.18027206724423994	2.000922310015755	0.6492204500161503	0.7601935038009675	1.8691588785046727	1.2109375
GM.5.0.Homeodomain.0199	0.5907778588840304	-1.4122473626325285	-0.9899146208209876	1.5894955079474777	1.8691588785046727	1.0546875
GM.5.0.RFX.0018	1.659584637206728	0.6172423805791257	-1.309553439552779	3.2480995162404978	1.8691588785046727	2.1484375
GM.5.0.Sox.0027	-0.4448656210754682	1.5747944690470321	0.6122927770934959	0.9675190048375951	1.2461059190031152	1.1328125
GM.5.0.bHLH.0108	0.9193494939196691	-0.5636211315162323	-0.26394067070713184	2.2805805114029023	1.557632398753894	2.0703125
GM.5.0.C2H2_ZF.0162	-1.7160623860780286	0.9137748441694254	1.7624977453706765	1.8659295093296473	4.672897196261682	3.125
GM.5.0.GATA.0023	-0.8875887210929816	-0.6240529586590919	0.9477447138130274	1.796821008984105	1.2461059190031152	1.25
GM.5.0.C2H2_ZF.0108	-0.5579736230462083	-0.25144671354766884	2.0787246750309794	0.9675190048375951	3.115264797507788	2.03125
GM.5.0.Unknown.0019	-0.2803734694091026	1.7695004427801724	1.2484952693193616	0.0	0.0	0.0
GM.5.0.C2H2_ZF.0278	-0.6911821661817257	-2.2379211332626476	-0.6715117568888661	1.10573600552868	1.2461059190031152	1.484375
GM.5.0.bZIP.0071	1.9236091732777645	-0.16133653016956784	0.033206659173494545	0.0	0.0	0.0
GM.5.0.Myb_SANT.0011	-0.739875802464404	-0.029934759051467225	-1.351636480377137	0.0	0.0	0.0
GM.5.0.Homeodomain.0003	1.7135416930166263	0.795022574814687	-1.9564985223273206	2.2805805114029023	1.557632398753894	1.484375
GM.5.0.Sox.0014	-3.2152190288518985	0.33670560364576857	2.1343687593956107	1.1748445058742225	0.6230529595015576	1.5234375
GM.5.0.TEA.0004	2.474476398239345	-0.6782238557594172	0.10692702404895499	2.4187975120939877	0.9345794392523363	1.6796875
GM.5.0.MADS_box.0013	0.7197782194486386	0.045478044128770385	0.03680529853747582	1.65860400829302	0.0	1.640625
GM.5.0.Homeodomain.0198	-0.31325792401185104	1.2915891991792774	-1.4375423937037655	1.243953006219765	0.9345794392523363	1.40625
GM.5.0.Homeodomain.0171	-1.0520334385897487	1.5983388242208163	-0.3540322074232706	2.626123013130615	1.557632398753894	2.3828125
GM.5.0.Homeodomain.0183	-0.06860159330210626	2.6823662159282233	-0.445399903796131	0.0	0.0	0.0
GM.5.0.bZIP.0102	0.8469671173304464	-0.03052272940189449	-0.5034479086090616	3.9391845196959228	4.672897196261682	3.046875
GM.5.0.Unknown.0055	0.03382769694316327	-0.8627016418176212	0.6265314213155158	0.7601935038009675	1.8691588785046727	1.484375
GM.5.0.C2H2_ZF.0143	-2.2415040994231936	-0.4111115276160568	1.938818718662652	1.243953006219765	2.803738317757009	2.3046875
GM.5.0.C2H2_ZF.0070	-2.2878183682590567	-1.016409339757271	0.337631444269907	0.9675190048375951	1.8691588785046727	1.4453125
GM.5.0.Unknown.0074	0.959209023026848	1.1429723332149206	-0.1979967307899735	1.0366275051831375	1.557632398753894	1.09375
GM.5.0.STAT.0007	1.4709118976841873	-0.23583194479940794	-1.1479637371865472	2.349689011748445	2.1806853582554515	1.328125
GM.5.0.STAT.0017	0.872824255552696	0.044384582850630905	-1.9198421267982568	3.2480995162404978	0.6230529595015576	2.2265625
GM.5.0.Runt.0002	0.7986637331006613	-0.9918964519721722	-1.5637002744737363	1.1748445058742225	2.1806853582554515	0.78125
GM.5.0.bZIP.0082	-0.7587268418063114	-1.0057928487143042	1.190351809100448	1.0366275051831375	1.2461059190031152	1.09375
GM.5.0.Myb_SANT.0001	-2.073591632036088	-1.57979217467315	-0.11195737012501493	2.4187975120939877	2.1806853582554515	1.6015624999999998
GM.5.0.bHLH.0028	2.4389445600744035	-2.235003252884315	-2.191667091292131	7.049067035245335	4.361370716510903	4.9609375
GM.5.0.C2H2_ZF.0154	-0.4132440828187796	0.35168775694834664	1.2362242054177952	1.243953006219765	3.115264797507788	1.6015624999999998
GM.5.0.bHLH.0085	2.153366768000441	-0.24836513584354925	-0.6451914083486711	1.38217000691085	2.1806853582554515	1.6796875
GM.5.0.Homeodomain.0179	-1.8360718421665128	2.495738220345108	-1.5770141296092732	1.4512785072563925	3.115264797507788	1.953125
GM.5.0.C2H2_ZF.0088	-0.9011981085477321	-0.3278445196822165	1.0426560233106485	1.65860400829302	0.3115264797507788	2.0703125
GM.5.0.Paired_box.0022	0.7347460516725229	0.16342675456777594	-0.18301607922206586	1.243953006219765	1.557632398753894	0.9765625
GM.5.0.STAT.0019	-0.5114544118294453	0.6974123272469056	-0.19116923650410145	1.520387007601935	0.9345794392523363	1.7187500000000002
GM.5.0.Homeodomain.0086	-0.37952177924372454	0.28506231179603747	-2.225662676729166	2.349689011748445	2.4922118380062304	1.9140625000000002
GM.5.0.Homeodomain.0098	-0.18418292533213187	0.56414371083801	-1.100618249282781	4.2847270214236355	3.7383177570093453	2.96875
GM.5.0.bZIP.0076	-0.6792105540031298	-0.6222615303575726	2.261051883927034	0.7601935038009675	0.3115264797507788	1.6015624999999998
GM.5.0.Homeodomain.0122	-1.163375083155213	-0.08895527604581567	-2.966127087407217	3.5245335176226673	2.4922118380062304	2.6171875
GM.5.0.bHLH.0087	-0.282228247242789	-0.9707851820775635	1.5975547480425039	2.1423635107118177	1.8691588785046727	2.421875
GM.5.0.Forkhead.0007	3.896642087008499	-0.9873233080537664	-1.5692713644874996	0.0	0.0	0.0
GM.5.0.Nuclear_receptor.0144	-3.3510495367597564	-2.6181681669766297	1.539778848663081	1.243953006219765	1.557632398753894	1.875
GM.5.0.C2H2_ZF.0003	-0.1133545851010318	-0.174491084631983	0.24890715428685267	0.7601935038009675	1.557632398753894	1.3671875
GM.5.0.Homeodomain.0136	0.05700293047691489	-1.0376827138711673	-0.9359339591266682	0.0	0.0	0.0
GM.5.0.T-box.0016	0.81211122458636	0.7434392109311889	-1.1914437178249437	3.04077401520387	6.5420560747663545	2.6953125
GM.5.0.Unknown.0100	2.0766181168734383	1.2833852994935244	-1.4873625660346559	2.8334485141672427	2.803738317757009	1.6796875
GM.5.0.Homeodomain.0119	0.3672891660733278	0.43498034219308307	0.43712971265128936	0.0	0.0	0.0
GM.5.0.Unknown.0020	-0.6621907530803522	-0.5359529962269719	0.7503102468485081	0.0	0.0	0.0
GM.5.0.Forkhead.0004	1.2229536827939331	0.016374027468166533	-0.11812435631078815	1.1748445058742225	0.6230529595015576	1.25
GM.5.0.bHLH.0061	-1.7761984226823277	-1.9279386720500555	2.5550134875838504	2.21147201105736	1.8691588785046727	3.0859375
GM.5.0.RFX.0009	2.3810199708570523	-1.9448529784037079	-2.368851537592798	1.65860400829302	0.6230529595015576	1.171875
GM.5.0.Nuclear_receptor.0122	1.7638986841672544	-3.2284772116175593	-3.5302606216921193	1.796821008984105	1.2461059190031152	1.2890625
GM.5.0.Forkhead.0027	1.466159024112721	-0.7595533148969765	-1.3804174178557682	2.21147201105736	0.9345794392523363	2.1484375
GM.5.0.Homeodomain.0188	-1.1181044972905185	0.13161119054956708	1.6155574277689215	1.7277125086385625	0.6230529595015576	2.3046875
GM.5.0.RFX.0002	1.478831884949534	1.237144943285833	-0.9550047980699531	1.3130615065653075	1.8691588785046727	1.015625
GM.5.0.Forkhead.0013	4.755220134768606	-0.9893373575596343	-1.9215022765620147	3.5245335176226673	0.3115264797507788	1.2890625
GM.5.0.Unknown.0133	0.039592330471067264	1.7785845784508378	-2.4740440421678893	1.520387007601935	3.115264797507788	1.1328125
GM.5.0.Homeodomain.0052	-0.635815798245762	0.5194067193829425	2.339026413171267	2.073255010366275	1.2461059190031152	2.6171875
GM.5.0.SMAD.0006	0.043513456835947775	1.4989427463789626	0.4093757053112557	3.59364201796821	1.8691588785046727	2.9296875
GM.5.0.Homeodomain.0130	0.8278021199701998	0.6221543263472729	-0.07418556048515552	2.48790601243953	2.803738317757009	2.1484375
GM.5.0.E2F.0001	1.0904163566663956	2.8634188359881123	-1.029453653742845	3.31720801658604	5.919003115264798	1.9921874999999998
GM.5.0.Unknown.0056	-0.5032739344820593	-1.1823559477335306	0.3167984596815123	0.0	0.0	0.0
GM.5.0.C2H2_ZF.0229	-0.4495083535256473	-0.1626318859439628	2.6153100693733125	1.0366275051831375	1.557632398753894	1.6796875
GM.5.0.Nuclear_receptor.0095	-0.06778090409243183	-0.3407765789112906	0.8381771540334054	2.5570145127850727	0.6230529595015576	2.109375
GM.5.0.Homeodomain.0151	2.603466866872772	1.1810812705314557	-0.6420193116754317	2.8334485141672427	0.6230529595015576	1.015625
GM.5.0.Forkhead.0050	3.5100656169601128	-0.3078454488515674	-0.9730709634381767	2.6952315134761573	0.9345794392523363	1.3671875
GM.5.0.Nuclear_receptor.0086	-1.84756335966261	-1.5099848669876026	1.7816948766548644	1.3130615065653075	0.9345794392523363	1.875
GM.5.0.Mixed.0019	1.7006218902693668	-0.40739452681992805	-0.7268621439141593	1.243953006219765	0.0	0.703125
GM.5.0.Forkhead.0030	2.6690906388676687	-2.699805842079672	-2.8378373069135265	0.0	0.0	0.0
GM.5.0.Homeodomain.0160	-0.07850309156348069	1.5628197711983767	-1.0636961721233258	2.4187975120939877	2.4922118380062304	1.4453125
GM.5.0.Unknown.0075	0.43539741827226974	0.7965137065398286	-0.10819648115122375	1.796821008984105	0.9345794392523363	1.7187500000000002
GM.5.0.Forkhead.0015	4.226973706639155	-0.784940753755305	-1.3469509461652012	4.077401520387007	1.557632398753894	1.875
GM.5.0.bZIP.0090	0.44715519441547863	0.17612131522772814	0.869739921752085	1.38217000691085	1.557632398753894	1.40625
GM.5.0.Unknown.0093	1.6876881732338345	-0.9790217931151807	-0.8922466189686922	1.9350380096751902	1.557632398753894	1.7968749999999998
GM.5.0.Nuclear_receptor.0025	1.0558047002484712	-0.7289995904296301	-0.5735527634487163	1.8659295093296473	1.2461059190031152	2.265625
GM.5.0.C2H2_ZF.0271	-1.9813447937060278	-1.1392617354423789	0.5889644794250037	1.38217000691085	2.1806853582554515	2.1875
GM.5.0.Nuclear_receptor.0058	-0.7901911605331989	-1.1490421467063217	0.6921411245827231	2.0041465100207327	1.557632398753894	1.9921874999999998
GM.5.0.DM.0007	-0.6411672001283959	0.9356794771467081	-0.584927451816861	2.6952315134761573	2.1806853582554515	2.421875
GM.5.0.bHLH.0072	2.6125648025891075	-0.9972523403446139	-1.3682418890729493	4.97581202487906	3.115264797507788	4.4921875
GM.5.0.Homeodomain.0070	-0.3225190590715161	1.3791486238674846	-0.7999559395181285	0.0	0.0	0.0
GM.5.0.Unknown.0073	0.36276919603713303	0.029615451158169877	0.6427740156937304	2.5570145127850727	4.361370716510903	2.8515625
GM.5.0.Unknown.0050	0.9975067063649699	-0.1536754732850133	0.07445542102355457	3.1789910158949555	1.557632398753894	3.125
GM.5.0.C2H2_ZF.0043	0.6575165560949898	-1.054478255880385	-0.6300741626425534	1.9350380096751902	1.557632398753894	1.7187500000000002
GM.5.0.bZIP.0049	0.1461654429746071	0.002050817487221545	-0.39556117453058093	1.796821008984105	2.4922118380062304	1.7187500000000002
GM.5.0.Homeodomain_POU.0003	-0.007176207067335468	0.9696694360607709	-1.7698278096011713	0.0	0.0	0.0
GM.5.0.MADS_box.0002	1.009858443892319	0.007826087545425915	1.1346228064584345	1.243953006219765	0.3115264797507788	1.7968749999999998
GM.5.0.SMAD.0002	0.084542135377811	1.380009543499091	-0.5146934303417211	0.0	0.0	0.0
GM.5.0.Forkhead.0044	4.707427887048789	-2.7167730122053344	-3.727431853784482	5.874222529371113	0.6230529595015576	1.4453125
GM.5.0.Homeodomain.0107	0.8615934041632888	2.4109543493314254	-1.13353765749226	3.2480995162404978	2.4922118380062304	2.3046875
GM.5.0.ARID_BRIGHT.0002	0.7358741205995084	-2.5289887147801235	-2.840526295514486	0.0	0.0	0.0
GM.5.0.Unknown.0079	-0.1460341527590857	-0.8620492853718056	1.7177498475632522	0.0	0.0	0.0
GM.5.0.GATA.0012	-2.827025817554145	1.6852354227236086	-0.0319984488929711	0.0	0.0	0.0
GM.5.0.Homeodomain.0178	1.8128018737927116	-1.5691816746401754	-0.709881244466314	0.0	0.0	0.0
GM.5.0.Homeodomain.0174	0.5978416130758879	0.16435605955692403	0.25427296529946924	3.9391845196959228	1.557632398753894	3.671875
GM.5.0.C2H2_ZF_Homeodomain.0002	-0.13713487637606714	-1.370326399127705	2.038819416552046	0.0	0.0	0.0
GM.5.0.Nuclear_receptor.0121	1.7970696906061274	-0.19665392985897084	-0.187623223660474	3.9391845196959228	1.8691588785046727	3.5546875
GM.5.0.Unknown.0198	2.636733296085658	0.3125514925296177	-2.844742283138296	3.31720801658604	1.8691588785046727	2.1484375
GM.5.0.bZIP.0003	0.000551872796274013	-0.3640645398935202	1.8836466729726986	2.7643400138217	0.6230529595015576	2.734375
GM.5.0.bZIP.0073	-2.1584065136811112	-0.14538345807860795	-1.5384825341451187	0.0	0.0	0.0
GM.5.0.GATA.0004	-1.467332992877359	4.069184589737513	2.0850863534841078	0.0	0.0	0.0
GM.5.0.bZIP.0013	-1.51834379593839	-2.2361977562872295	4.063580273292311	4.492052522460263	0.9345794392523363	5.8203125
