# maelstrom - GimmeMotifs version 0.16.1
# method: mwu with motif score
# motif table: /media/ia1014/2011CBA352BBC48B/ipek/ATAC_at_FOXG1_peaks_maelstrom.out/motif.nr.score.txt.gz
# activity values: BH-corrected -log10 Mann-Whitney U p-value
	cluster_1	cluster_2	cluster_3	cluster_4	cluster_5
GM.5.0.GATA.0029	224.2435043800984	171.67880366804107	-0.0	-0.0	-0.0
GM.5.0.Unknown.0161	-0.0	-0.0	-0.0	1.9859992629000782	7.624868098100348
GM.5.0.Unknown.0159	2.363690681597598	-0.0	-0.0	0.6816543601859343	0.27106208203848575
GM.5.0.C2H2_ZF.0188	-0.0	-0.0	-0.0	6.03958362490318	2.923541050507743
GM.5.0.Nuclear_receptor.0061	7.351644870291847	7.781736420464028	-0.0	5.441361161602462	3.0962988402429263
GM.5.0.Unknown.0028	0.8787162168227313	2.668710653323685	-0.0	-0.0	-0.0
GM.5.0.Homeodomain.0049	0.8684358262989456	-0.0	-0.0	-0.0	0.4033306850657745
GM.5.0.C2H2_ZF.0095	7.170631529355289	2.7964599217470947	-0.0	4.177164287468044	1.3028568341969093
GM.5.0.Unknown.0113	3.29233687781728	1.6938362605692423	2.905222711454582	-0.0	-0.0
GM.5.0.Myb_SANT.0012	0.5471449193539446	0.21347870258996818	1.4850655476445982	-0.0	-0.0
GM.5.0.Unknown.0171	-0.0	-0.0	1.164807998327381	2.229075723816436	0.8515975720800537
GM.5.0.Mixed.0104	-0.0	-0.0	0.6747162298489934	0.5543872607352847	3.4793860761142166
GM.5.0.RFX.0016	-0.0	-0.0	39.842051994881416	-0.0	-0.0
GM.5.0.DM.0004	-0.0	0.4746542123911519	0.3438588537893443	0.20702174791187206	-0.0
GM.5.0.Nuclear_receptor.0125	14.130516235685928	16.607019617160297	-0.0	1.3754548600279266	0.02229855803956942
GM.5.0.T-box.0026	-0.0	-0.0	2.365034780757617	0.4691625096055677	0.9479653003066313
GM.5.0.C2H2_ZF.0138	8.167295503091678	2.670783915913776	-0.0	-0.0	1.2608214789547856
GM.5.0.Unknown.0048	7.391151596657082	5.5207083377592845	-0.0	-0.0	-0.0
GM.5.0.Nuclear_receptor.0042	1.4531410220906378	0.34955246957580804	-0.0	2.8584699573052332	3.8965231529986113
GM.5.0.bHLH.0120	-0.0	-0.0	4.653448972568569	-0.0	1.0299772582472306
GM.5.0.C2H2_ZF.0281	6.927547701422937	14.11893558881387	-0.0	5.648628211858835	3.400305447430656
GM.5.0.bZIP.0031	1.1114585280588711	-0.0	1.7080992730379567	-0.0	-0.0
GM.5.0.C2H2_ZF.0101	-0.0	-0.0	-0.0	0.5633723414877982	1.65195401690631
GM.5.0.Nuclear_receptor.0087	1.1896088887965348	2.5228697627287353	-0.0	4.865922682915633	3.1200687448051165
GM.5.0.Unknown.0128	12.74203363592834	6.072796580003766	-0.0	-0.0	-0.0
GM.5.0.Unknown.0123	-0.0	-0.0	-0.0	5.051323935465799	1.5330630070836273
GM.5.0.Nuclear_receptor.0117	2.377497881125343	3.002968319973822	-0.0	1.844626306854339	1.9054407376777978
GM.5.0.C2H2_ZF.0171	2.5532865444217485	10.396331125605462	-0.0	-0.0	1.3697101756356216
GM.5.0.Mixed.0078	-0.0	-0.0	-0.0	0.6236130348497073	6.026476661701863
GM.5.0.C2H2_ZF.0217	-0.0	0.5358087080683027	-0.0	0.9129226512805203	5.215579641040712
GM.5.0.Nuclear_receptor.0148	10.605508354698031	6.668225600582571	-0.0	-0.0	0.42903763160040087
GM.5.0.Nuclear_receptor.0088	6.120641188195162	6.63385275264382	-0.0	1.6023291426983044	0.6555947560317958
GM.5.0.Nuclear_receptor.0064	5.190734095576912	1.436833744829879	-0.0	0.4033306850657745	6.57508463821968
GM.5.0.Homeodomain.0159	7.606754583595086	5.6670039043182525	6.492596739349376	-0.0	-0.0
GM.5.0.C2H2_ZF.0224	-0.0	0.02915704338694939	-0.0	1.1680704363536947	0.9006199600670234
GM.5.0.C2H2_ZF.0038	1.9881186905417232	4.938663652321038	-0.0	1.3859551747602012	3.3205567116337136
GM.5.0.T-box.0007	0.3514183430450695	-0.0	-0.0	-0.0	1.2920497852469244
GM.5.0.C2H2_ZF.0126	2.0261630685521945	1.2773555615216208	-0.0	-0.0	0.21462525765248697
GM.5.0.bZIP.0060	1.4840818133557239	2.1035748326999326	0.27106208203848575	-0.0	-0.0
GM.5.0.Nuclear_receptor.0046	-0.0	-0.0	-0.0	3.481412167145196	6.993879460163245
GM.5.0.C2H2_ZF.0161	-0.0	-0.0	3.50469313887523	1.072413429029418	3.1330438129110316
GM.5.0.Unknown.0040	1.1655693235072877	0.5442771638575508	-0.0	0.5627038879726333	1.256945335648324
GM.5.0.C2H2_ZF.0129	0.33848216510389767	-0.0	-0.0	3.3316059311063695	2.9688695119911657
GM.5.0.Nuclear_receptor.0047	5.641522681115367	5.260165356588803	-0.0	4.75716103906779	3.6182851127753493
GM.5.0.C2H2_ZF.0280	-0.0	-0.0	18.283779692218637	0.2604091710016763	-0.0
GM.5.0.Homeodomain_POU.0011	1.5198754367628817	4.244693681146239	8.25330231203482	-0.0	-0.0
GM.5.0.C2H2_ZF.0073	5.378956934874323	3.723355600876987	-0.0	-0.0	-0.0
GM.5.0.Unknown.0049	0.12584089615948518	-0.0	-0.0	0.5807844650506313	0.7836828615228955
GM.5.0.Mixed.0060	2.5013150897902983	2.0785438369167273	-0.0	0.21322469180225784	-0.0
GM.5.0.C2H2_ZF.0158	-0.0	-0.0	-0.0	0.13908791772057338	2.4954933144006355
GM.5.0.Mixed.0009	0.12435189147783195	-0.0	12.104517251187769	-0.0	-0.0
GM.5.0.Unknown.0054	0.819084946681402	0.02229855803956942	-0.0	2.8834633990490497	1.9827557106071112
GM.5.0.C2H2_ZF.0076	0.26076137293527407	0.26413969036099977	0.8426096233880205	-0.0	-0.0
GM.5.0.Rel.0021	4.8609488496442195	3.3915328713818593	4.2086497391306485	-0.0	-0.0
GM.5.0.C2H2_ZF.0233	0.5531436148317534	-0.0	-0.0	2.4639723823699553	0.3017234168831121
GM.5.0.Nuclear_receptor.0134	-0.0	-0.0	-0.0	4.7777295989916695	12.285183634149053
GM.5.0.Unknown.0059	-0.0	-0.0	7.0911847140686515	-0.0	-0.0
GM.5.0.Nuclear_receptor.0065	-0.0	-0.0	-0.0	4.590592617712002	6.637110968618131
GM.5.0.Pipsqueak.0001	4.252337748047603	3.7977953619998983	15.345631736028986	-0.0	-0.0
GM.5.0.Unknown.0129	1.4424885835605	0.8638508250050347	-0.0	0.2170812371106828	-0.0
GM.5.0.Nuclear_receptor.0016	6.489900952154709	4.710041953002328	-0.0	14.30014885544544	13.758927900767556
GM.5.0.Grainyhead.0007	-0.0	-0.0	0.6567236297704798	2.397432676437836	1.4484966368038177
GM.5.0.CUT_Homeodomain.0006	0.24667341758901692	0.20719131772296173	0.5445561268598602	-0.0	0.12473757247883294
GM.5.0.T-box.0018	0.017853745403182582	-0.0	0.12999077807901074	0.24060021127722236	0.27090227940368605
GM.5.0.C2H2_ZF.0302	4.331840344095251	2.686567647388263	-0.0	0.22076223252100904	0.5213059109479427
GM.5.0.C2H2_ZF.0289	0.2604091710016763	-0.0	1.4735049085364638	-0.0	-0.0
GM.5.0.C2H2_ZF.0225	-0.0	-0.0	-0.0	6.012071742698241	8.757526723105563
GM.5.0.Forkhead.0058	-0.0	1.5025319704312807	-0.0	0.4158285546973311	0.39384609619112343
GM.5.0.Nuclear_receptor.0114	0.8530211890709993	-0.0	-0.0	4.239872190781315	9.650731549394786
GM.5.0.C2H2_ZF.0293	0.6246666839065421	-0.0	-0.0	1.9167594453649754	0.12245235716015139
GM.5.0.Ets.0029	0.9245402246163595	0.8253402686954284	12.65925094155815	-0.0	-0.0
GM.5.0.bZIP.0062	-0.0	-0.0	3.470693299931445	0.9156215968517806	0.054361083567907593
GM.5.0.C2H2_ZF.0235	-0.0	2.232894498595669	-0.0	0.7464274086265609	0.20719131772296173
GM.5.0.Mixed.0020	2.4532846846505536	-0.0	-0.0	1.4462450159640377	-0.0
GM.5.0.Forkhead.0040	-0.0	-0.0	12.299134840721944	0.47268115438440883	1.9710559377427406
GM.5.0.Rel.0008	0.5773566814649338	1.2830311915271926	-0.0	-0.0	-0.0
GM.5.0.Nuclear_receptor.0111	-0.0	0.3859409722047214	-0.0	3.4960895536875736	4.723388389314609
GM.5.0.C2H2_ZF.0203	0.3728338297615157	2.4589592365535666	-0.0	0.022399936281801848	1.3433314042621298
GM.5.0.Unknown.0190	0.17205765336870063	-0.0	0.4841864105690663	-0.0	-0.0
GM.5.0.EIN3.0001	-0.0	-0.0	75.97290324035679	-0.0	-0.0
GM.5.0.C2H2_ZF.0010	-0.0	-0.0	23.695090294351218	5.0301576016539125	2.8500990428540978
GM.5.0.Nuclear_receptor.0085	-0.0	0.43147819632439294	-0.0	-0.0	1.767665644208018
GM.5.0.C2H2_ZF.0197	3.0800951058231756	7.034081509784536	-0.0	-0.0	-0.0
GM.5.0.Paired_box.0013	-0.0	-0.0	-0.0	2.7091497773411413	4.040616117402428
GM.5.0.Mixed.0007	-0.0	-0.0	4.341498365431369	1.8970662598898	2.1441096349837174
GM.5.0.bHLH.0075	-0.0	-0.0	56.47836328903853	0.8373115448332976	2.170060587706812
GM.5.0.Mixed.0047	-0.0	-0.0	6.981083506762854	-0.0	-0.0
GM.5.0.GCM.0004	-0.0	-0.0	2.1406995349345848	1.3709163613020257	-0.0
GM.5.0.Mixed.0055	-0.0	1.6466421315315605	0.9684968442840337	-0.0	-0.0
GM.5.0.Nuclear_receptor.0115	5.59293550930831	0.5808621796767766	-0.0	0.25735155346469324	0.22422706598529932
GM.5.0.Nuclear_receptor.0131	-0.0	0.11211682883779309	-0.0	4.405476026346657	6.03958362490318
GM.5.0.Unknown.0141	-0.0	-0.0	-0.0	3.567441508900722	4.129003437320385
GM.5.0.Ets.0043	0.13011702325164165	-0.0	0.061421151971781135	0.2587601842900235	0.27106208203848575
GM.5.0.C2H2_ZF.0209	-0.0	-0.0	2.1158418607430627	0.5337579068405458	0.8437894218760522
GM.5.0.Nuclear_receptor.0100	-0.0	-0.0	-0.0	0.6662795548759556	5.057388926411423
GM.5.0.Mixed.0065	5.579434155524677	4.9718807797387665	-0.0	-0.0	-0.0
GM.5.0.bHLH.0105	7.021150282968727	6.096464639449217	-0.0	-0.0	-0.0
GM.5.0.C2H2_ZF.0083	-0.0	-0.0	-0.0	2.6716856610262987	14.808917388705204
GM.5.0.STAT.0025	2.505756633175639	2.5267775822477576	-0.0	-0.0	-0.0
GM.5.0.Unknown.0138	-0.0	-0.0	2.3057443912620865	1.1562218867566427	0.5259584600535413
GM.5.0.C2H2_ZF.0039	-0.0	-0.0	0.001318206701843861	0.4972008099054712	1.0547544845425187
GM.5.0.C2H2_ZF.0298	0.5274149274473143	2.1109775368338908	1.8429085801555243	-0.0	-0.0
GM.5.0.Zinc_cluster.0001	-0.0	-0.0	11.073161426042097	-0.0	-0.0
GM.5.0.C2H2_ZF.0080	0.6424492493421033	-0.0	0.0044131957068152304	-0.0	-0.0
GM.5.0.Unknown.0105	0.06790602143628442	1.0927146324233203	-0.0	0.391824641884718	0.602075016412467
GM.5.0.Nuclear_receptor.0118	0.017853745403182582	0.0933989197453333	-0.0	4.015725247910408	11.278946488652675
GM.5.0.Unknown.0169	-0.0	-0.0	8.343075706013954	0.888064240348426	0.22850368227094567
GM.5.0.C2H2_ZF.0147	6.717055723663574	6.830287375717162	-0.0	-0.0	-0.0
GM.5.0.T-box.0012	0.006918850179796054	-0.0	-0.0	0.9375550264760915	2.1641204772018248
GM.5.0.Prospero.0001	1.9859992629000782	0.4708123032396956	-0.0	-0.0	-0.0
GM.5.0.C2H2_ZF.0146	-0.0	-0.0	-0.0	1.4557244391058175	3.1614798316038932
GM.5.0.Homeodomain.0153	2.4090653313895642	2.0007200892100556	-0.0	0.12584089615948518	-0.0
GM.5.0.Nuclear_receptor.0081	1.818121960801216	1.2387159825335947	-0.0	2.977714719364747	6.939897099872146
GM.5.0.Nuclear_receptor.0116	0.8019260844420684	-0.0	-0.0	1.3574973215640154	1.4817227461127476
GM.5.0.Forkhead.0055	1.0233110011202626	-0.0	10.62238166700388	-0.0	-0.0
GM.5.0.Ets.0038	-0.0	-0.0	-0.0	1.362927884972039	1.1059370977913123
GM.5.0.Unknown.0015	9.041883794700786	6.939897099872146	-0.0	-0.0	-0.0
GM.5.0.TEA.0005	29.376050901760248	22.50095274912795	-0.0	-0.0	-0.0
GM.5.0.Paired_box.0018	0.2337077433922909	-0.0	-0.0	-0.0	1.1442383100538034
GM.5.0.C2H2_ZF.0286	4.573276148361726	7.032922762339219	-0.0	2.2811398906701124	2.963915597791292
GM.5.0.HSF.0008	-0.0	-0.0	2.751104098200255	-0.0	-0.0
GM.5.0.STAT.0015	1.5705557259595018	0.9921720989953227	0.31132878524922714	-0.0	-0.0
GM.5.0.Nuclear_receptor.0007	0.4111433405388809	-0.0	-0.0	-0.0	1.7601024549928852
GM.5.0.C2H2_ZF.0276	-0.0	-0.0	0.06152171888353873	0.07431029997818639	0.5259584600535413
GM.5.0.Mixed.0103	-0.0	-0.0	10.295168315253711	1.3433314042621298	0.9702538923784987
GM.5.0.C2H2_ZF.0307	-0.0	-0.0	7.836612096709022	0.10021455310979134	2.1778240361107626
GM.5.0.Forkhead.0042	-0.0	-0.0	15.86371989618304	-0.0	-0.0
GM.5.0.STAT.0016	-0.0	-0.0	1.8111239144790663	-0.0	0.02088444049956829
GM.5.0.bZIP.0032	-0.0	-0.0	-0.0	3.83132991318225	6.102486343075793
GM.5.0.Unknown.0062	1.8058303138187408	1.435731156110504	-0.0	0.10783411970965882	0.7806956672579066
GM.5.0.GATA.0025	-0.0	-0.0	-0.0	3.2075976248320264	4.392946222926359
GM.5.0.C2H2_ZF.0123	-0.0	-0.0	11.478565080166067	1.0938413224586734	0.44860220057582323
GM.5.0.CSD.0001	-0.0	0.016404342881032374	2.4887160269342914	-0.0	-0.0
GM.5.0.C2H2_ZF.0079	-0.0	-0.0	0.5852992144044449	2.1434144426212325	1.5400270106708633
GM.5.0.SMAD.0007	2.8667019623238836	0.09169072961233624	-0.0	0.3421122052931205	0.5426024532786156
GM.5.0.C2H2_ZF.0256	-0.0	-0.0	0.3055773432132923	0.22564969122239215	5.473225473658329
GM.5.0.Nuclear_receptor.0099	2.7987259459760625	6.635692714518593	-0.0	1.341564236421878	2.378163676007723
GM.5.0.C2H2_ZF.0284	0.04205453595666776	-0.0	21.49636228594074	-0.0	-0.0
GM.5.0.Homeodomain.0149	-0.0	-0.0	1.988544794186541	-0.0	-0.0
GM.5.0.Sox.0001	0.6839545756965963	0.3357150957459454	25.141603677292508	-0.0	-0.0
GM.5.0.Homeodomain.0108	-0.0	-0.0	0.5709137570646245	-0.0	0.6927109424319312
GM.5.0.C2H2_ZF.0181	1.697793075113379	0.8508327688352357	-0.0	-0.0	-0.0
GM.5.0.Unknown.0042	-0.0	-0.0	-0.0	6.972755737709103	2.0027815535567015
GM.5.0.bHLH.0109	1.3601468133834809	1.3028568341969093	-0.0	-0.0	0.4497473862299979
GM.5.0.Mixed.0017	0.5965664550830327	0.2444447732403278	0.31441824041736927	-0.0	-0.0
GM.5.0.SAND.0006	3.7795206930151446	6.308558539907837	-0.0	-0.0	-0.0
GM.5.0.Unknown.0202	-0.0	-0.0	-0.0	2.3591301109021527	2.5013150897902983
GM.5.0.Ets.0032	2.4090653313895642	3.429372670310761	0.0756236561732729	-0.0	-0.0
GM.5.0.Paired_box.0020	-0.0	-0.0	-0.0	2.61496998258424	2.4361143066702526
GM.5.0.Forkhead.0024	-0.0	-0.0	0.0756236561732729	0.03334635436261832	2.235897717989486
GM.5.0.Runt.0006	4.539393840004957	3.957767605030873	-0.0	-0.0	-0.0
GM.5.0.RFX.0012	-0.0	-0.0	13.998413228469738	-0.0	-0.0
GM.5.0.C2H2_ZF.0132	7.272738563891672	8.039495557060887	-0.0	-0.0	-0.0
GM.5.0.Nuclear_receptor.0056	4.235677926487569	2.9007585800806477	-0.0	1.732156696914831	3.515079399546232
GM.5.0.HSF.0009	-0.0	0.20719131772296173	-0.0	3.6806293651204554	0.4783106318689633
GM.5.0.Unknown.0072	-0.0	-0.0	2.2934337584934035	-0.0	0.6374767740379298
GM.5.0.C2H2_ZF.0177	1.436138428716096	1.2581739341695537	-0.0	-0.0	-0.0
GM.5.0.Nuclear_receptor.0095	4.628454682667246	6.22598662056403	-0.0	-0.0	-0.0
GM.5.0.Homeodomain.0053	-0.0	0.02915704338694939	-0.0	0.47018702057852824	2.3932655390000845
GM.5.0.Nuclear_receptor.0059	2.1332200235088825	3.238439080630265	-0.0	10.721295304285459	5.347633099448451
GM.5.0.Unknown.0065	-0.0	-0.0	17.04691306937398	5.698266412853858	5.212907052596238
GM.5.0.Unknown.0127	-0.0	-0.0	17.95869420358784	-0.0	0.024642491267115575
GM.5.0.C2H2_ZF.0216	-0.0	-0.0	-0.0	3.491511888890133	1.812582140970139
GM.5.0.bZIP.0084	0.11211682883779309	0.9096518993018572	0.5655624872164089	-0.0	-0.0
GM.5.0.Mixed.0005	0.602075016412467	0.24667341758901692	8.692504499082892	-0.0	-0.0
GM.5.0.C2H2_ZF.0154	0.03620504716328323	0.14321304747959232	5.354491993506272	-0.0	-0.0
GM.5.0.C2H2_ZF.0236	-0.0	-0.0	3.07364391855547	1.6897739072357156	0.3618373503912151
GM.5.0.C2H2_ZF.0178	22.86572035426373	14.569795499588722	-0.0	-0.0	-0.0
GM.5.0.Forkhead.0057	1.1532947699593927	1.3064811644211527	-0.0	0.03843521324998477	-0.0
GM.5.0.bHLH.0078	1.1150541033427364	0.20558698911793818	3.786241542679774	-0.0	-0.0
GM.5.0.Forkhead.0041	-0.0	-0.0	15.577055478464692	-0.0	-0.0
GM.5.0.bZIP.0075	-0.0	-0.0	7.6992956243726685	0.15989752643938046	2.8824206262002807
GM.5.0.Mixed.0109	18.436032133598893	5.345494263222842	0.020771073979623716	-0.0	-0.0
GM.5.0.C2H2_ZF.0283	4.580105742492144	4.276936525119838	-0.0	6.097784690694011	0.47569334803498037
GM.5.0.C2H2_ZF.0092	-0.0	-0.0	6.258370064728898	-0.0	-0.0
GM.5.0.C2H2_ZF.0219	-0.0	-0.0	0.017853745403182582	6.031513111522557	5.5207083377592845
GM.5.0.Mixed.0042	-0.0	0.8546194777768995	6.864669862529343	-0.0	-0.0
GM.5.0.C2H2_ZF.0107	26.069111873569312	18.94520738004732	-0.0	0.14917288472497925	-0.0
GM.5.0.Mixed.0035	0.048741127941312114	2.305431566522008	0.08779936631381999	0.061421151971781135	-0.0
GM.5.0.Nuclear_receptor.0102	1.5255990293964872	0.6286607571528886	-0.0	-0.0	-0.0
GM.5.0.GATA.0018	-0.0	0.15340597234820527	-0.0	0.723874225876041	0.34429493238404474
GM.5.0.bZIP.0069	-0.0	-0.0	2.9231229926882056	0.0756236561732729	-0.0
GM.5.0.Homeodomain_POU.0018	0.06899915349519663	0.4813511611311534	2.6949347764909035	-0.0	-0.0
GM.5.0.Mixed.0022	19.381497304272735	14.902300133924477	16.53965201794976	-0.0	-0.0
GM.5.0.RFX.0007	2.0698738436805484	-0.0	-0.0	-0.0	0.17861076192635
GM.5.0.bHLH.0088	5.742155186531858	1.207375244888872	1.4918704439683497	-0.0	-0.0
GM.5.0.bZIP.0082	-0.0	-0.0	-0.0	2.60625024260158	8.798575226415512
GM.5.0.Mixed.0105	-0.0	-0.0	-0.0	1.1199063959905582	2.6995037035622196
GM.5.0.Nuclear_receptor.0050	4.129003437320385	8.056696583065056	-0.0	1.889662056689027	1.6780178098196354
GM.5.0.Grainyhead.0006	-0.0	-0.0	6.120641188195162	0.49137723615324	0.2065847810579541
GM.5.0.C2H2_ZF.0106	-0.0	-0.0	1.5887895698782444	0.6147315715487416	0.602075016412467
GM.5.0.bZIP.0061	1.207375244888872	0.2641338325810617	2.5239444730662557	-0.0	-0.0
GM.5.0.Unknown.0193	0.2789297991163573	0.4787839297343782	-0.0	0.15373780264106768	0.2976990095827453
GM.5.0.STAT.0008	-0.0	-0.0	-0.0	2.2041084602807066	0.784104936431769
GM.5.0.Mixed.0006	2.4669811317844403	3.539927350989148	-0.0	0.9487922530477115	0.39272717301150334
GM.5.0.CxxC.0001	5.089078183958965	0.8929054350063383	40.02819773882661	-0.0	-0.0
GM.5.0.Homeodomain.0146	2.8119180836248274	3.753531688262225	-0.0	-0.0	-0.0
GM.5.0.C2H2_ZF.0239	0.12623435849481818	-0.0	-0.0	0.07338739519721135	0.27090227940368605
GM.5.0.Unknown.0185	-0.0	-0.0	0.5163713089118229	2.314017696253255	0.05326581493787368
GM.5.0.C2H2_ZF.0255	-0.0	-0.0	1.8519513825607312	-0.0	0.952956271890312
GM.5.0.SMAD.0018	3.429343903612369	6.225427267666406	11.911878401530034	-0.0	-0.0
GM.5.0.C2H2_ZF.0192	-0.0	-0.0	0.5119227386267665	0.41961747856951737	0.5056574766967679
GM.5.0.Homeodomain.0184	14.865244075777298	8.15151303170857	1.1805980034179329	-0.0	-0.0
GM.5.0.Homeodomain.0194	0.5396505260022254	1.90819166562128	-0.0	-0.0	-0.0
GM.5.0.Nuclear_receptor.0082	-0.0	-0.0	-0.0	15.983602377263908	22.23469625803884
GM.5.0.Mixed.0050	1.4484966368038177	0.43062402519787235	2.6529369766115374	-0.0	-0.0
GM.5.0.Grainyhead.0008	-0.0	-0.0	0.9937998667601802	1.8156415581337249	1.3768895302895825
GM.5.0.Unknown.0047	2.4090653313895642	5.559746151003255	-0.0	-0.0	-0.0
GM.5.0.C2H2_ZF.0012	0.15989752643938046	-0.0	11.863784980266589	-0.0	-0.0
GM.5.0.Mixed.0031	6.292487449546551	1.4372208056050797	4.961112209458969	-0.0	-0.0
GM.5.0.Paired_box.0017	0.20213639255713095	0.1715680117645936	-0.0	-0.0	-0.0
GM.5.0.GATA.0022	-0.0	-0.0	0.13011702325164165	1.8654331795004702	4.467334151433768
GM.5.0.Nuclear_receptor.0069	2.512016257458832	0.4746040595629557	3.7593901385642017	-0.0	-0.0
GM.5.0.C2H2_ZF.0114	0.5655624872164089	1.418386408802205	-0.0	1.2887811575009833	1.2608214789547856
GM.5.0.C2H2_ZF.0151	1.3994181925717877	0.21323265438839006	0.5691877141712343	-0.0	-0.0
GM.5.0.Unknown.0017	-0.0	-0.0	-0.0	2.5340559180055675	2.868335816525555
GM.5.0.Grainyhead.0001	-0.0	-0.0	7.846189954483451	6.0983158348946045	0.6731364659405209
GM.5.0.C2H2_ZF.0087	3.1625702633841932	3.7185862151529148	-0.0	0.11747425066553797	0.4365659868914452
GM.5.0.Unknown.0044	1.4738702906077872	6.9035594504850915	1.3395696405339719	-0.0	-0.0
GM.5.0.TEA.0006	1.8384558331655765	0.9063198689680155	-0.0	-0.0	0.29581836057834154
GM.5.0.Homeodomain.0044	-0.0	-0.0	-0.0	1.6193320464860004	0.2445466546186848
GM.5.0.ARID_BRIGHT.0003	-0.0	-0.0	11.00486410732309	-0.0	-0.0
GM.5.0.Homeodomain.0165	-0.0	1.8401836287736326	5.593723028950131	-0.0	-0.0
GM.5.0.Rel.0007	-0.0	-0.0	15.927727321653396	-0.0	-0.0
GM.5.0.T-box.0014	-0.0	-0.0	5.364160462727866	-0.0	0.011788457344763466
GM.5.0.T-box.0025	2.663336504168356	0.1073655044933935	-0.0	-0.0	-0.0
GM.5.0.p53.0009	-0.0	-0.0	0.5743919854569196	6.970282368468844	9.361423711427397
GM.5.0.C2H2_ZF.0257	-0.0	-0.0	-0.0	2.2018781031637884	5.932201307125318
GM.5.0.GATA.0016	-0.0	-0.0	8.105102014503002	-0.0	-0.0
GM.5.0.Homeodomain.0195	-0.0	0.36890501087331085	0.24034533855990334	-0.0	-0.0
GM.5.0.Homeodomain.0189	-0.0	-0.0	1.2594501294580818	-0.0	0.6246666839065421
GM.5.0.Unknown.0066	-0.0	-0.0	9.464914408968088	2.665473315428433	-0.0
GM.5.0.T-box.0010	-0.0	-0.0	-0.0	5.093210502952632	1.9120625090889938
GM.5.0.CUT_Homeodomain.0010	3.3689772803677376	0.16929268811131104	0.43884503240098893	-0.0	-0.0
GM.5.0.TEA.0002	-0.0	-0.0	9.483414530562714	-0.0	-0.0
GM.5.0.bHLH.0084	0.4365659868914452	-0.0	-0.0	0.48019640496368465	0.16929338084525572
GM.5.0.Nuclear_receptor.0080	3.996944095440211	1.7135471148178572	-0.0	1.2773555615216208	4.286212821058731
GM.5.0.Unknown.0005	1.0879628777256989	2.986917797126011	0.17564296738770208	-0.0	-0.0
GM.5.0.Myb_SANT.0007	8.608811427008197	3.930506738570931	6.435281119691524	-0.0	-0.0
GM.5.0.Nuclear_receptor.0063	0.4232711257421526	0.5613979154402124	-0.0	-0.0	1.672374576036446
GM.5.0.Homeodomain.0199	2.9724941725512624	3.29233687781728	-0.0	-0.0	-0.0
GM.5.0.Sox.0022	1.696573948512601	2.1655585575319996	10.7949169830091	-0.0	-0.0
GM.5.0.Homeodomain.0132	0.20270302007424912	1.0365794481918187	-0.0	0.059760895485664205	0.3980916632263013
GM.5.0.C2H2_ZF.0202	-0.0	-0.0	0.10221817835444506	-0.0	0.5311974654592775
GM.5.0.bZIP.0094	-0.0	0.09609944717898612	-0.0	0.17512552499715645	1.512256466945057
GM.5.0.bZIP.0070	-0.0	-0.0	2.751104098200255	2.1641204772018248	2.658396133054799
GM.5.0.C2H2_ZF.0278	2.032367377444145	3.2915982511434607	-0.0	-0.0	-0.0
GM.5.0.Unknown.0018	-0.0	-0.0	17.295515874544584	-0.0	-0.0
GM.5.0.STAT.0013	5.17874245153123	0.30797542248552917	-0.0	0.7931847844790757	0.23013187907899754
GM.5.0.SMAD.0009	-0.0	-0.0	21.272235108842477	1.0095615665431628	1.3211753013568168
GM.5.0.bHLH.0086	-0.0	0.8830312365160784	-0.0	0.5881672497443744	0.06727241443290137
GM.5.0.C2H2_ZF.0149	-0.0	-0.0	10.826446674910061	1.1820326092958542	1.62638058113607
GM.5.0.RFX.0014	-0.0	-0.0	2.928584959619677	0.01514825243485515	-0.0
GM.5.0.Paired_box.0010	-0.0	-0.0	11.039718445997584	0.07810398919520696	2.574087355626479
GM.5.0.THAP_finger.0006	0.26243195894410665	0.23513990470953222	-0.0	0.17785651842551853	-0.0
GM.5.0.ARID_BRIGHT.0005	0.8923529864908679	1.1254014155654568	25.53566684740676	-0.0	-0.0
GM.5.0.bHLH.0061	-0.0	-0.0	53.938382801211475	2.0430557814344907	0.0746293532748197
GM.5.0.Unknown.0077	-0.0	-0.0	1.593373017874765	0.4232711257421526	-0.0
GM.5.0.C2H2_ZF.0249	0.7532931958313409	-0.0	-0.0	0.59782111010143	1.2887811575009833
GM.5.0.bZIP.0076	-0.0	0.0022881214419736284	-0.0	0.28162992380814617	0.36170858056762617
GM.5.0.C2H2_ZF.0157	-0.0	-0.0	3.4977752611212325	-0.0	-0.0
GM.5.0.C2H2_ZF.0069	-0.0	-0.0	22.279821276923474	-0.0	-0.0
GM.5.0.MADS_box.0016	-0.0	-0.0	-0.0	1.4713420944112627	0.584993583615045
GM.5.0.C2H2_ZF.0240	-0.0	-0.0	0.6045666634284701	0.7532931958313409	3.2430597097561447
GM.5.0.SMAD.0015	-0.0	-0.0	6.835691302758209	1.5524098944092408	4.667818327512894
GM.5.0.Sox.0017	1.6720141788841971	4.869261539619817	-0.0	-0.0	0.06446188213206962
GM.5.0.Nuclear_receptor.0090	6.849279105156459	7.632877566126343	-0.0	-0.0	-0.0
GM.5.0.bZIP.0079	-0.0	-0.0	-0.0	0.006828603173456243	8.293148891343577
GM.5.0.C2H2_ZF.0226	6.651972916147233	3.4960895536875736	10.37423424453107	-0.0	-0.0
GM.5.0.GATA.0028	0.8860714686401852	0.4848680083745639	0.7806956672579066	-0.0	-0.0
GM.5.0.Ets.0018	0.48912996779760687	-0.0	-0.0	0.11747425066553797	0.27665876007573137
GM.5.0.Unknown.0103	-0.0	-0.0	11.04694728550881	5.111592190569676	1.6031649401751398
GM.5.0.Forkhead.0048	-0.0	-0.0	6.29679711736528	0.4445515033890325	2.252072832703956
GM.5.0.Unknown.0074	-0.0	-0.0	3.1534370644109515	0.0558753766808013	0.2421771898679979
GM.5.0.HSF.0003	5.5546563589434	5.307436765856432	-0.0	-0.0	-0.0
GM.5.0.Unknown.0034	-0.0	-0.0	-0.0	1.5542031723704466	1.1687188719101964
GM.5.0.Homeodomain.0118	-0.0	-0.0	-0.0	5.890145204061831	8.096296757752203
GM.5.0.bHLH.0129	0.5655624872164089	0.2641338325810617	0.34279436491860693	-0.0	-0.0
GM.5.0.Rel.0005	0.888064240348426	1.4531410220906378	-0.0	-0.0	1.3768895302895825
GM.5.0.T-box.0022	15.759178503666035	10.968358375338251	-0.0	-0.0	-0.0
GM.5.0.T-box.0023	0.004435893469194447	-0.0	0.3438588537893443	0.020771073979623716	0.34279436491860693
GM.5.0.Unknown.0098	-0.0	0.5054119116909501	-0.0	2.7414912898417074	3.723355600876987
GM.5.0.Homeodomain_POU.0004	2.891311030739446	3.142959890383389	0.2912978711405904	-0.0	-0.0
GM.5.0.bZIP.0091	-0.0	-0.0	5.215276644567801	0.571688821029869	-0.0
GM.5.0.Mixed.0057	0.09614162505081919	0.6237489912552372	0.4533344829215614	-0.0	-0.0
GM.5.0.C2H2_ZF.0238	-0.0	-0.0	19.85160002787904	-0.0	-0.0
GM.5.0.bZIP.0102	-0.0	0.22410357290007554	-0.0	-0.0	5.424495267382191
GM.5.0.HSF.0006	-0.0	0.10271687709742336	-0.0	0.5286385142112822	-0.0
GM.5.0.Paired_box.0011	4.55904171606553	3.254804473276561	-0.0	-0.0	-0.0
GM.5.0.C2H2_ZF.0075	-0.0	0.025752657216488492	-0.0	3.8029011138696194	5.285536704944752
GM.5.0.C2H2_ZF.0251	-0.0	-0.0	1.5029388498544118	0.4062491256007645	0.16184871809442064
GM.5.0.Sox.0024	-0.0	-0.0	3.983888382362802	0.20558698911793818	0.5740363147500305
GM.5.0.Paired_box.0001	0.17221508000024766	0.26946467231517546	0.023180070899295697	-0.0	-0.0
GM.5.0.C2H2_ZF.0282	3.9990592984235813	0.05017195053567769	-0.0	0.5364011927778546	0.18055064944221955
GM.5.0.C2H2_ZF.0056	-0.0	-0.0	38.798010912542985	1.2629202635590935	0.8600996702800054
GM.5.0.Nuclear_receptor.0112	0.9129386266043521	0.44770802989926134	-0.0	12.78051336386584	16.773188448017628
GM.5.0.C2H2_ZF_Homeodomain.0003	7.804022559919661	10.513352012528895	26.840087238959878	-0.0	-0.0
GM.5.0.MADS_box.0011	-0.0	-0.0	8.102362387290988	-0.0	7.515990738547575
GM.5.0.AT_hook.0002	6.6688926393683845	3.669735973250265	9.664295495462902	-0.0	-0.0
GM.5.0.Nuclear_receptor.0145	-0.0	-0.0	39.07939724512814	-0.0	-0.0
GM.5.0.bHLH.0054	-0.0	-0.0	2.4690136823785815	0.14321304747959232	-0.0
GM.5.0.C2H2_ZF.0277	5.4880540164444165	1.3126549008087487	-0.0	-0.0	-0.0
GM.5.0.Nuclear_receptor.0133	-0.0	-0.0	-0.0	2.390932172383396	7.20976904694407
GM.5.0.Unknown.0106	-0.0	-0.0	32.13503486778338	-0.0	-0.0
GM.5.0.Homeodomain.0185	5.86901693950508	3.261699752705774	0.05215905241928403	-0.0	-0.0
GM.5.0.bZIP.0021	-0.0	-0.0	3.9203196874554664	-0.0	-0.0
GM.5.0.C2H2_ZF.0310	0.27548508581837083	0.6015424829847911	-0.0	-0.0	-0.0
GM.5.0.THAP_finger.0005	10.214224746261342	5.446316807550575	0.4558298807795885	-0.0	-0.0
GM.5.0.Unknown.0019	1.6960465745769175	1.4948184517737024	4.024204463463191	-0.0	-0.0
GM.5.0.GATA.0006	-0.0	-0.0	2.51359919850067	0.6302672954587115	0.44010635148863414
GM.5.0.Homeodomain.0161	0.021687056044262788	-0.0	6.715334194388054	-0.0	-0.0
GM.5.0.Unknown.0001	-0.0	-0.0	6.306764122782073	3.3634250607676384	0.6424492493421033
GM.5.0.C2H2_ZF_Homeodomain.0002	2.8834633990490497	3.432535950861346	-0.0	33.924879895768555	9.528194688490508
GM.5.0.GATA.0015	-0.0	-0.0	11.894972516259228	1.202683082745223	1.2494943511591008
GM.5.0.MADS_box.0008	-0.0	-0.0	11.58867975050264	-0.0	-0.0
GM.5.0.C2H2_ZF.0196	-0.0	-0.0	2.254845509146415	1.6122329686392483	1.1215266010035938
GM.5.0.bZIP.0086	1.795962464342956	0.32920365770197607	-0.0	0.9085497779117083	-0.0
GM.5.0.C2H2_ZF.0115	-0.0	-0.0	-0.0	0.5455726929671754	1.7458168992562166
GM.5.0.Nuclear_receptor.0147	0.02915704338694939	-0.0	-0.0	0.05125376300111557	0.7276410092420745
GM.5.0.Unknown.0075	-0.0	-0.0	3.8267325693965897	0.09814188914160263	0.4787839297343782
GM.5.0.C2H2_ZF.0253	0.9245402246163595	3.8967001509432295	-0.0	0.9165987089319827	2.9110836688024713
GM.5.0.C2H2_ZF.0176	1.48534532868892	1.0349049400852808	-0.0	-0.0	-0.0
GM.5.0.p53.0002	-0.0	-0.0	2.180637384425393	3.0942866132032445	0.8719661181965203
GM.5.0.DM.0007	-0.0	-0.0	12.266460169410406	0.04229670426100255	-0.0
GM.5.0.Homeodomain.0125	-0.0	-0.0	1.622792110314896	-0.0	0.4625764902683124
GM.5.0.bZIP.0099	0.8974878462704303	0.4067180138220325	7.820284611713667	-0.0	-0.0
GM.5.0.C2H2_ZF.0124	-0.0	0.47480234124844883	1.1215266010035938	-0.0	-0.0
GM.5.0.Homeodomain.0148	10.610687475392485	3.954198435580685	-0.0	-0.0	-0.0
GM.5.0.Sox.0035	-0.0	0.4833008922763359	-0.0	0.023180070899295697	0.41406157266222887
GM.5.0.Myb_SANT.0002	48.216015380877735	16.951934913160414	3.8691526120082322	-0.0	-0.0
GM.5.0.Rel.0013	0.5978627436519642	0.5655624872164089	1.3309475285244026	-0.0	-0.0
GM.5.0.Mixed.0008	24.374318068623094	19.895669245836338	-0.0	-0.0	-0.0
GM.5.0.GCM.0001	1.8894602493571482	1.3405458023499672	-0.0	0.5596310698277562	-0.0
GM.5.0.bHLH.0059	-0.0	-0.0	-0.0	3.480666622099685	2.1823499336115852
GM.5.0.Homeodomain.0172	-0.0	-0.0	-0.0	0.4007746102008132	1.720611016096448
GM.5.0.Ets.0028	-0.0	-0.0	4.501447813728002	6.958222478859803	7.272738563891672
GM.5.0.Ets.0046	37.442534808183424	18.634580339556464	3.101041985880525	-0.0	-0.0
GM.5.0.Homeodomain.0135	2.030597231637846	1.3083431496355487	3.290817841990597	-0.0	-0.0
GM.5.0.Homeodomain.0192	0.09153599602533426	0.020771073979623716	12.339451206299575	-0.0	-0.0
GM.5.0.Unknown.0126	-0.0	-0.0	16.911129120222377	-0.0	-0.0
GM.5.0.C2H2_ZF.0185	20.543853442189082	13.423316775265267	-0.0	-0.0	-0.0
GM.5.0.C2H2_ZF.0301	0.4281819560725481	0.25620614916296613	-0.0	0.6809497016750714	-0.0
GM.5.0.Nuclear_receptor.0109	2.703812498249661	0.8168335544147887	0.02088444049956829	-0.0	-0.0
GM.5.0.Unknown.0070	-0.0	0.6338267826990123	1.6777620748526203	-0.0	-0.0
GM.5.0.C2H2_ZF.0248	15.054145810036818	8.813253917507959	13.883331044187356	-0.0	-0.0
GM.5.0.Forkhead.0027	-0.0	0.5276528031295873	37.37016969686863	-0.0	-0.0
GM.5.0.GATA.0021	-0.0	-0.0	4.597916351545658	0.07068949025691772	-0.0
GM.5.0.Mixed.0074	3.985399139876056	0.27919488349457894	0.25887553881241154	-0.0	-0.0
GM.5.0.Homeodomain.0098	-0.0	0.4953572457988933	11.003306141695326	-0.0	-0.0
GM.5.0.Mixed.0100	-0.0	-0.0	0.1972517831976879	0.15916306007145237	0.07075390713474806
GM.5.0.bZIP.0083	-0.0	-0.0	12.815329592478582	-0.0	-0.0
GM.5.0.Myb_SANT.0017	0.6261454740996537	2.010778130011406	-0.0	-0.0	-0.0
GM.5.0.IRF.0012	12.759215619265087	9.179145495285416	9.234412248783789	-0.0	-0.0
GM.5.0.Mixed.0062	1.4499077942032745	0.8774906363360768	0.2327313822178733	-0.0	-0.0
GM.5.0.Mixed.0061	0.2718984042233113	0.7784714897648188	1.0134309979614384	-0.0	-0.0
GM.5.0.Nuclear_receptor.0079	1.3909780618891716	1.4484966368038177	-0.0	-0.0	-0.0
GM.5.0.Paired_box.0002	-0.0	0.11834556334500701	0.16005680529010818	0.572979372761049	-0.0
GM.5.0.MADS_box.0019	0.7467620352156698	0.7408085581110182	0.08196765263659044	-0.0	-0.0
GM.5.0.bZIP.0065	0.7814802843209863	0.8054197881059703	3.95790108384797	-0.0	-0.0
GM.5.0.bZIP.0067	5.6670039043182525	2.4639723823699553	-0.0	-0.0	-0.0
GM.5.0.C2H2_ZF.0036	2.330605054084607	1.752510375591276	2.8429602145631296	-0.0	-0.0
GM.5.0.Unknown.0060	-0.0	-0.0	6.261462632109718	-0.0	-0.0
GM.5.0.Unknown.0036	-0.0	-0.0	6.17027580886777	-0.0	-0.0
GM.5.0.Rel.0019	1.4144229621845903	2.0562263095002318	8.957838339855503	-0.0	-0.0
GM.5.0.Mixed.0056	-0.0	-0.0	11.9522078843311	-0.0	-0.0
GM.5.0.C2H2_ZF.0200	0.4531422106406766	0.6890587283165306	-0.0	1.4807865220088237	1.5612974220284297
GM.5.0.C2H2_ZF.0131	4.093480912424493	5.457794012504507	2.763519913709515	-0.0	-0.0
GM.5.0.Homeodomain_POU.0025	0.6116555171643723	0.42933165715964866	-0.0	0.02006530773935982	1.7890835911993996
GM.5.0.Unknown.0180	-0.0	-0.0	-0.0	4.625506700655689	3.0759956849319576
GM.5.0.THAP_finger.0004	0.2576307581633179	-0.0	9.718502170141745	-0.0	-0.0
GM.5.0.Unknown.0082	-0.0	-0.0	15.151981517588998	-0.0	0.008682877860898157
GM.5.0.TEA.0004	0.0756236561732729	-0.0	15.436957810134382	-0.0	-0.0
GM.5.0.Mixed.0013	1.066457338820185	0.701365294022942	0.11387879150231678	-0.0	-0.0
GM.5.0.Unknown.0108	-0.0	-0.0	-0.0	2.0722771431189124	1.9527750111853681
GM.5.0.Homeodomain.0187	0.2495436640547899	-0.0	0.6147315715487416	-0.0	0.16184871809442064
GM.5.0.C2H2_ZF.0077	1.3265217583819577	0.9717211607777567	11.455439319849996	-0.0	-0.0
GM.5.0.DP_E2F.0001	20.043772446510847	21.927237537475968	1.5908867032311165	-0.0	-0.0
GM.5.0.Unknown.0009	5.716429595948438	2.7388452839561115	8.20418704898822	-0.0	-0.0
GM.5.0.Paired_box.0022	13.883331044187356	7.782603132971602	-0.0	-0.0	-0.0
GM.5.0.bZIP.0027	1.2301134231086832	2.7457291495057916	-0.0	-0.0	1.2850663243218468
GM.5.0.Homeodomain.0082	4.155391045121874	3.1614798316038932	0.7934984071009624	-0.0	-0.0
GM.5.0.C2H2_ZF.0195	-0.0	-0.0	1.390882490420252	0.18401250315846596	0.0651365936359031
GM.5.0.Rel.0024	-0.0	-0.0	-0.0	-0.0	2.259617103572103
GM.5.0.bHLH.0019	-0.0	-0.0	33.58864225915098	1.2219298882402931	5.07169225088065
GM.5.0.SAND.0007	2.825475289524725	4.951649491643586	-0.0	-0.0	-0.0
GM.5.0.Homeodomain_POU.0026	0.8530211890709993	2.633042484446869	0.2798218968069311	-0.0	-0.0
GM.5.0.C2H2_ZF.0134	0.9202160942057952	-0.0	2.0127905760957154	-0.0	-0.0
GM.5.0.C2H2_ZF.0260	-0.0	-0.0	25.990269739076375	-0.0	-0.0
GM.5.0.MADS_box.0018	-0.0	-0.0	1.435731156110504	2.8951869641754984	0.3980916632263013
GM.5.0.p53.0004	-0.0	-0.0	0.4519869655302732	0.39751453149961485	0.29990267205919013
GM.5.0.Ets.0021	7.44721074020822	5.929522712409417	0.8267500665335055	-0.0	-0.0
GM.5.0.T-box.0002	-0.0	-0.0	2.003375045472263	1.9551711092351345	0.8929054350063383
GM.5.0.Unknown.0055	-0.0	-0.0	28.822718754520917	0.34364018946890706	1.5596498149477669
GM.5.0.Unknown.0100	2.4784927934006067	1.40210332040355	17.908081482221487	-0.0	-0.0
GM.5.0.C2H2_ZF.0140	1.1805980034179329	3.432535950861346	-0.0	-0.0	-0.0
GM.5.0.C2H2_ZF.0032	3.1285388798893137	1.5400270106708633	-0.0	-0.0	0.10317885865326185
GM.5.0.Mixed.0072	-0.0	-0.0	6.015761002834968	-0.0	0.05235108254038041
GM.5.0.Unknown.0043	-0.0	-0.0	24.077570579630883	4.517824299479069	6.461755777869304
GM.5.0.Nuclear_receptor.0001	-0.0	0.5178195685735506	-0.0	6.07747519302056	10.45910356065407
GM.5.0.C2H2_ZF.0108	-0.0	-0.0	5.804004543896426	-0.0	-0.0
GM.5.0.Mixed.0076	5.947044134358839	1.2969270253342837	-0.0	-0.0	0.35461827459427675
GM.5.0.AT_hook.0006	4.629731110097797	2.019460982765793	11.443768166025079	-0.0	-0.0
GM.5.0.STAT.0014	-0.0	-0.0	19.38390971629261	-0.0	-0.0
GM.5.0.Mixed.0063	-0.0	-0.0	2.8675029966901397	0.021687056044262788	0.054848021061193936
GM.5.0.Unknown.0084	0.021687056044262788	0.7836828615228955	45.11013972113802	-0.0	-0.0
GM.5.0.Mixed.0058	0.4746542123911519	0.6416592623470628	-0.0	-0.0	-0.0
GM.5.0.C2H2_ZF.0230	-0.0	-0.0	14.019546869181855	-0.0	0.9165987089319827
GM.5.0.TEA.0008	-0.0	-0.0	0.27942660105051953	0.7509773838453073	0.44770802989926134
GM.5.0.Paired_box.0015	1.3859551747602012	1.1852136633313142	-0.0	-0.0	-0.0
GM.5.0.Homeodomain.0113	-0.0	-0.0	3.5958894822987153	0.04674311433768244	0.9586871601759245
GM.5.0.C2H2_ZF.0078	-0.0	-0.0	2.891311030739446	-0.0	-0.0
GM.5.0.Homeodomain.0003	0.5653421002890449	0.14370812428672197	14.500029230909163	-0.0	-0.0
GM.5.0.Mixed.0041	1.8325135429732313	1.4405964940368945	10.719745084449768	-0.0	-0.0
GM.5.0.Forkhead.0031	0.7276410092420745	-0.0	0.023180070899295697	-0.0	0.021687056044262788
GM.5.0.Mixed.0073	-0.0	-0.0	9.8476889034141	-0.0	-0.0
GM.5.0.GATA.0001	-0.0	-0.0	-0.0	3.134138573873119	-0.0
GM.5.0.Ets.0019	10.567882327312383	4.702670346098244	0.008682877860898157	-0.0	-0.0
GM.5.0.C2H2_ZF.0252	0.07666226941300877	-0.0	-0.0	0.20408126630049866	-0.0
GM.5.0.Sox.0036	0.5619995234638859	0.9586871601759245	0.06954445028623445	-0.0	-0.0
GM.5.0.IRF.0003	2.473708938602028	2.4788825237642103	4.710041953002328	-0.0	-0.0
GM.5.0.C2H2_ZF.0049	-0.0	-0.0	24.58547526774193	1.4871854871386843	3.8725411645275676
GM.5.0.Myb_SANT.0001	6.1054135723967455	6.505545063056724	0.07337212569518857	-0.0	-0.0
GM.5.0.bZIP.0034	15.305623941580174	5.977050808557025	-0.0	-0.0	-0.0
GM.5.0.Nuclear_receptor.0054	0.08311893607231297	-0.0	2.273744892387263	-0.0	0.1854571760458297
GM.5.0.Nuclear_receptor.0094	-0.0	-0.0	44.96889696240086	-0.0	-0.0
GM.5.0.Homeodomain_POU.0024	4.037297666429777	1.6463908685434403	2.5694860422709933	-0.0	-0.0
GM.5.0.GATA.0020	-0.0	-0.0	6.130675584762967	3.619220386181339	3.1725648754321636
GM.5.0.C2H2_ZF.0267	-0.0	-0.0	19.68515233559279	1.6345931151839919	2.1210336061657507
GM.5.0.HSF.0007	8.083679962392262	7.835252122687338	-0.0	-0.0	-0.0
GM.5.0.C2H2_ZF.0098	-0.0	-0.0	5.683440565963641	0.1715680117645936	12.658164144034995
GM.5.0.bHLH.0024	13.551865687679049	5.728014948431575	6.472202800544253	-0.0	-0.0
GM.5.0.Unknown.0003	1.0438025570289815	2.5340559180055675	-0.0	0.16929338084525572	0.8044321354415014
GM.5.0.C2H2_ZF.0265	0.9481418745825764	2.841869741134513	-0.0	-0.0	-0.0
GM.5.0.Homeodomain.0170	0.5665160464259902	0.9245402246163595	-0.0	0.3418354491852934	0.6481943458147504
GM.5.0.C2H2_ZF.0011	-0.0	-0.0	-0.0	1.1442383100538034	0.16748458552545478
GM.5.0.Homeodomain_POU.0022	0.48111340804678926	0.08847865515959333	9.468648698281578	-0.0	-0.0
GM.5.0.Unknown.0046	0.7117074718712904	1.4483030154487149	8.77228395900742	-0.0	-0.0
GM.5.0.Paired_box.0012	-0.0	-0.0	7.113514319842623	0.4841864105690663	1.0564199604329507
GM.5.0.Unknown.0038	11.095138581171785	2.5903777786447595	0.16746605050225222	-0.0	-0.0
GM.5.0.bZIP.0089	28.133645119589275	16.751916142465593	-0.0	-0.0	-0.0
GM.5.0.Homeodomain.0046	-0.0	-0.0	2.6348027799248412	0.05756649971399898	-0.0
GM.5.0.Sox.0016	0.2756932521566194	0.4738037817365127	7.455225034428801	-0.0	-0.0
GM.5.0.STAT.0017	0.08367132500861016	-0.0	11.832975377740325	-0.0	-0.0
GM.5.0.Unknown.0206	0.6273095730062304	1.35408037351082	-0.0	0.2966445287872347	-0.0
GM.5.0.Unknown.0102	1.6851656194542022	0.3209148145929592	-0.0	-0.0	0.015986629925195683
GM.5.0.Homeodomain.0150	0.4720908008591713	1.3704113597831604	-0.0	-0.0	-0.0
GM.5.0.bZIP.0092	-0.0	-0.0	0.8253402686954284	-0.0	0.43746778096610883
GM.5.0.Forkhead.0050	-0.0	-0.0	47.58591206773981	-0.0	-0.0
GM.5.0.Unknown.0119	2.5610567699258735	1.901752964147545	-0.0	-0.0	1.712836918776011
GM.5.0.Unknown.0181	-0.0	-0.0	34.935344768672245	-0.0	0.5396505260022254
GM.5.0.C2H2_ZF.0034	22.078395692881752	17.523141713244662	-0.0	-0.0	-0.0
GM.5.0.E2F.0020	3.7765940685314203	1.4877255832739524	17.662419144094983	-0.0	-0.0
GM.5.0.Unknown.0024	12.417953563420287	10.151602039919617	-0.0	-0.0	-0.0
GM.5.0.Mixed.0108	-0.0	-0.0	6.641268266430848	0.9742469496230709	0.325816323796029
GM.5.0.Mixed.0037	14.634082446040109	11.102009492718278	9.545792535174403	-0.0	-0.0
GM.5.0.C2H2_ZF.0232	30.39476881624721	19.841878625530917	-0.0	-0.0	-0.0
GM.5.0.C2H2_ZF.0168	-0.0	1.5795301852802621	-0.0	0.056150300608980505	-0.0
GM.5.0.Unknown.0093	-0.0	-0.0	74.63351579223445	0.5364011927778546	1.7952122676517037
GM.5.0.Homeodomain.0143	4.018390165297805	4.360477404222131	10.102088475306685	-0.0	-0.0
GM.5.0.C2H2_ZF.0285	1.4499760833967437	1.0145307204933744	-0.0	-0.0	1.3084341072517895
GM.5.0.Mixed.0087	-0.0	-0.0	1.9549671060766585	0.18734123848551135	0.6961314016544623
GM.5.0.Homeodomain.0042	2.0195898697904044	3.078917628905966	7.057694435796295	-0.0	-0.0
GM.5.0.Homeodomain.0080	6.025500230266111	0.655999503790721	1.5252130184644093	-0.0	-0.0
GM.5.0.Unknown.0124	13.110508871531843	8.037528107797897	-0.0	-0.0	-0.0
GM.5.0.IRF.0005	3.234563292215781	5.663337593542104	3.101041985880525	-0.0	-0.0
GM.5.0.Homeodomain.0136	-0.0	-0.0	-0.0	3.156317318173489	0.062326102398006504
GM.5.0.C2H2_ZF.0112	1.1564154498956887	-0.0	13.802376174999537	-0.0	-0.0
GM.5.0.Ets.0031	0.34513413613804045	3.0150189152342124	1.5908867032311165	-0.0	-0.0
GM.5.0.Mixed.0075	-0.0	-0.0	-0.0	5.631802219190337	1.4195310981823603
GM.5.0.Mixed.0030	18.519504727567483	15.29268723454399	0.4683473180297001	-0.0	-0.0
GM.5.0.MADS_box.0015	-0.0	-0.0	9.659794848222772	1.161644645371529	0.23013187907899754
GM.5.0.Unknown.0133	-0.0	-0.0	1.6354851515944273	0.3589661754382489	0.12460444177520591
GM.5.0.Unknown.0085	-0.0	-0.0	0.9245402246163595	4.326405921328296	1.9710559377427406
GM.5.0.CENPB.0001	28.063370742076458	17.032409114366253	0.4007746102008132	-0.0	-0.0
GM.5.0.Unknown.0176	66.71134724326039	47.771738423717736	6.715334194388054	-0.0	-0.0
GM.5.0.Forkhead.0004	0.5556844236015774	-0.0	1.8194862901430642	-0.0	-0.0
GM.5.0.GATA.0012	5.154306666674654	4.003141179916175	-0.0	1.5007562913270944	-0.0
GM.5.0.Homeodomain.0201	-0.0	-0.0	2.8771970451337494	0.054361083567907593	-0.0
GM.5.0.Unknown.0121	-0.0	-0.0	5.666885870546609	2.165097542221596	5.103080490630931
GM.5.0.bZIP.0043	1.8538358171501725	0.22297400872027087	0.9174744220338709	-0.0	-0.0
GM.5.0.Unknown.0175	0.5969244625906144	0.5655624872164089	0.1948230805822848	-0.0	-0.0
GM.5.0.C2H2_ZF.0162	-0.0	-0.0	54.65250962684895	0.3131175979772299	0.5802495157211365
GM.5.0.Homeodomain.0037	18.48229145830886	22.220440861699704	-0.0	-0.0	-0.0
GM.5.0.Unknown.0196	15.93535239258328	13.330803469250812	-0.0	-0.0	-0.0
GM.5.0.Sox.0031	0.04235659943311246	-0.0	84.43309732020063	-0.0	-0.0
GM.5.0.Unknown.0078	-0.0	-0.0	17.583107301822395	-0.0	-0.0
GM.5.0.E2F.0008	2.123695399103903	1.4734114918432282	37.37016969686863	-0.0	-0.0
GM.5.0.Unknown.0183	-0.0	-0.0	0.9162940254167213	0.23282978806332635	1.1286450377068415
GM.5.0.C2H2_ZF.0150	-0.0	-0.0	43.99501408935128	-0.0	-0.0
GM.5.0.Homeodomain.0030	13.266396822843088	4.040463604649067	6.467183759231282	-0.0	-0.0
GM.5.0.Unknown.0173	15.010695083304363	11.286916291475002	11.594228357571033	-0.0	-0.0
GM.5.0.bZIP.0068	0.6049196609132936	0.4755669996192051	-0.0	-0.0	0.6543509105418416
GM.5.0.Nuclear_receptor.0128	-0.0	-0.0	2.946653779493119	0.5477602464694828	0.7477405414314712
GM.5.0.bHLH.0112	1.9506769903227243	0.0007684559755157969	-0.0	-0.0	0.17564296738770208
GM.5.0.IRF.0019	-0.0	-0.0	6.944763350436531	-0.0	2.1785849107917055
GM.5.0.Sox.0012	0.5452471887165309	0.03334635436261832	-0.0	0.3312343686438787	0.3295690946791509
GM.5.0.bHLH.0051	2.6051579704572	0.9622043115496693	0.06894907185501077	-0.0	-0.0
GM.5.0.HSF.0004	-0.0	-0.0	2.5035345766531623	-0.0	0.05017195053567769
GM.5.0.T-box.0016	0.1633056376760914	0.18643401069081397	0.2966445287872347	-0.0	-0.0
GM.5.0.bHLH.0057	1.5515331938103332	0.4158285546973311	-0.0	0.17482652023009426	0.2966445287872347
GM.5.0.C2H2_ZF.0271	-0.0	-0.0	6.958179014392141	0.8803956566612666	0.8828162930201533
GM.5.0.Nuclear_receptor.0144	-0.0	-0.0	0.41766144056135024	2.5094458887123077	3.5654940310127277
GM.5.0.Grainyhead.0005	-0.0	-0.0	0.6103645529745058	0.5845127727796482	1.0421827386036595
GM.5.0.Unknown.0122	-0.0	-0.0	0.8682467209473319	0.06727241443290137	0.9156215968517806
GM.5.0.Unknown.0147	12.11226681257712	3.4173517166289193	0.7863534860170054	-0.0	-0.0
GM.5.0.SAND.0008	31.879711735621687	26.091204178788686	-0.0	-0.0	-0.0
GM.5.0.STAT.0007	7.113514319842623	3.611157299404551	3.352792337525913	-0.0	-0.0
GM.5.0.C2H2_ZF.0088	-0.0	-0.0	0.1851694359504254	0.29145178458469073	0.6965902954970119
GM.5.0.Homeodomain.0010	-0.0	-0.0	36.737426573949975	-0.0	-0.0
GM.5.0.C2H2_ZF.0179	-0.0	-0.0	7.095846811236924	3.217640014889361	1.9235263654645567
GM.5.0.Unknown.0109	-0.0	-0.0	9.68295429638904	-0.0	-0.0
GM.5.0.Unknown.0057	-0.0	-0.0	5.711241476400802	0.1321945314804104	0.391824641884718
GM.5.0.C2H2_ZF.0105	6.123900150984171	9.409432587777271	-0.0	0.7492633817734632	0.001318206701843861
GM.5.0.MADS_box.0017	-0.0	0.18055064944221955	-0.0	2.1101112704069416	0.47268115438440883
GM.5.0.GATA.0030	-0.0	-0.0	6.178912226144912	0.23503578524268018	0.6291592207806914
GM.5.0.STAT.0019	0.2626309979092516	0.27355157385240586	0.9392144665675218	-0.0	-0.0
GM.5.0.bHLH.0119	-0.0	-0.0	1.7080868308910266	0.09614162505081919	0.04942242387334712
GM.5.0.bHLH.0126	0.007501896100357684	-0.0	-0.0	4.405411619732529	0.2895734961308972
GM.5.0.Nuclear_receptor.0122	1.074423360018225	0.33438517281791424	3.9151886548023307	-0.0	-0.0
GM.5.0.Unknown.0182	-0.0	-0.0	3.2630333616199496	0.38794707967378894	0.0756236561732729
GM.5.0.CSL.0003	-0.0	-0.0	1.6968136560914586	0.16746605050225222	0.8657062286734771
GM.5.0.C2H2_ZF.0303	13.492473242549961	9.764647316119518	1.5833462893318233	-0.0	-0.0
GM.5.0.bHLH.0037	-0.0	-0.0	3.861929289003022	-0.0	0.12045979706738605
GM.5.0.bZIP.0020	5.456651377245179	1.6597567139371963	-0.0	-0.0	-0.0
GM.5.0.Ets.0024	5.043231514884363	2.9512482545677	3.206154224897494	-0.0	-0.0
GM.5.0.C2H2_ZF.0229	-0.0	-0.0	1.6329153944224017	2.4233335078070697	3.198157414132769
GM.5.0.bHLH.0083	1.5562498985787843	0.6567236297704798	2.961589071007189	-0.0	-0.0
GM.5.0.Homeodomain.0112	4.022975963270863	6.429066063571512	-0.0	0.13032060550633348	0.06953821334312879
GM.5.0.Unknown.0079	1.3309475285244026	1.7789321140044103	-0.0	22.39413840623534	14.019546869181855
GM.5.0.Sox.0023	0.8232602485910356	-0.0	-0.0	-0.0	-0.0
GM.5.0.C2H2_ZF.0052	4.7777295989916695	0.5382830184599707	2.0639773346615757	-0.0	-0.0
GM.5.0.C2H2_ZF.0094	0.3337420446779685	0.2318609858325826	-0.0	0.5691877141712343	1.8908550028170599
GM.5.0.Mixed.0096	-0.0	-0.0	31.741643742528858	-0.0	-0.0
GM.5.0.Homeodomain.0038	5.088669053654984	3.194041645991084	-0.0	-0.0	-0.0
GM.5.0.Homeodomain.0079	9.522697604310501	7.091117437287287	9.324102178993876	-0.0	-0.0
GM.5.0.MADS_box.0004	-0.0	-0.0	25.127166379873064	1.072413429029418	3.98113840384633
GM.5.0.SMAD.0014	-0.0	-0.0	30.763756463887393	-0.0	-0.0
GM.5.0.C2H2_ZF.0003	-0.0	-0.0	-0.0	1.1286450377068415	2.594471688361071
GM.5.0.Forkhead.0047	-0.0	-0.0	9.614798600871602	-0.0	-0.0
GM.5.0.C2H2_ZF.0173	-0.0	-0.0	10.295168315253711	-0.0	0.8739013325546027
GM.5.0.T-box.0004	-0.0	-0.0	33.991369106780496	0.236877533822032	1.4479809773585148
GM.5.0.Unknown.0148	-0.0	0.5912393384943061	-0.0	0.5845127727796482	0.3145569146723459
GM.5.0.C2H2_ZF.0170	0.9453889631240678	0.4641674298466367	0.5321688789891807	-0.0	-0.0
GM.5.0.Unknown.0073	16.54968921256704	19.85160002787904	6.120268283050683	-0.0	-0.0
GM.5.0.C2H2_ZF.0266	-0.0	-0.0	3.5589699696834534	0.8462486974379441	0.7009381609505739
GM.5.0.Unknown.0056	-0.0	-0.0	19.719094088491527	-0.0	-0.0
GM.5.0.C2H2_ZF.0046	23.71794298253748	15.617797406089888	-0.0	-0.0	-0.0
GM.5.0.E2F.0007	2.841869741134513	5.043296588884426	3.540137170001831	-0.0	-0.0
GM.5.0.Unknown.0011	2.751104098200255	1.844626306854339	1.9106326313350481	-0.0	-0.0
GM.5.0.C2H2_ZF.0183	10.885217431057916	8.953720497836327	0.3759869996243403	-0.0	-0.0
GM.5.0.Homeodomain.0130	0.07936151048468337	1.1682518292922364	-0.0	1.1220828244583014	0.6471065879425586
GM.5.0.C2H2_ZF.0316	-0.0	-0.0	0.8158469875898898	0.19254518072451599	1.0395812979083727
GM.5.0.C2H2_ZF.0143	-0.0	-0.0	43.8831085943828	0.4048915581253958	0.29324637638178686
GM.5.0.Homeodomain.0050	-0.0	0.9337636184874567	4.0005770847217645	-0.0	-0.0
GM.5.0.Homeodomain.0160	1.3855854907476635	0.881921851623138	1.3768895302895825	-0.0	-0.0
GM.5.0.Unknown.0139	0.5382830184599707	0.11260905463885272	2.363690681597598	-0.0	-0.0
GM.5.0.C2H2_ZF.0043	15.0526006001027	13.183708335511012	-0.0	-0.0	-0.0
GM.5.0.Homeodomain.0138	2.783526986391748	0.2995533411066502	0.4787839297343782	-0.0	-0.0
GM.5.0.Unknown.0014	-0.0	-0.0	1.696472102855096	3.5927730440940713	9.514779287177072
GM.5.0.bZIP.0016	10.034405802228683	9.573735214805005	-0.0	-0.0	-0.0
GM.5.0.Homeodomain.0180	0.784104936431769	0.4533344829215614	2.6348027799248412	-0.0	-0.0
GM.5.0.C2H2_ZF.0136	30.95489611061112	36.6071059580516	-0.0	-0.0	-0.0
GM.5.0.C2H2_ZF.0208	-0.0	-0.0	-0.0	2.8951869641754984	2.7850241003473117
GM.5.0.C2H2_ZF.0060	43.56658231894278	31.220929948795373	-0.0	-0.0	-0.0
GM.5.0.Myb_SANT.0006	7.568540686359459	4.128148141044834	-0.0	-0.0	-0.0
GM.5.0.Unknown.0208	-0.0	-0.0	14.086207258907585	1.3803828930809336	16.231759722977806
GM.5.0.Forkhead.0045	0.007691791965865445	0.04431931313140245	45.45786064599267	-0.0	-0.0
GM.5.0.Homeodomain.0077	-0.0	0.049165864780463635	-0.0	1.3586653524268493	7.379746800787753
GM.5.0.C2H2_ZF.0228	19.881316505472377	24.42538213088953	-0.0	-0.0	-0.0
GM.5.0.C2H2_ZF.0018	-0.0	0.8087714888138251	-0.0	-0.0	1.5210977039935623
GM.5.0.Mixed.0049	6.920821041802171	2.9007585800806477	5.850375491795947	-0.0	-0.0
GM.5.0.GATA.0009	-0.0	-0.0	0.6459022680194857	1.4405964940368945	0.08720882151069556
GM.5.0.C2H2_ZF.0063	0.5119227386267665	-0.0	10.625910043264826	-0.0	-0.0
GM.5.0.Unknown.0140	26.88248597068623	31.38430444720173	-0.0	-0.0	-0.0
GM.5.0.Mixed.0053	-0.0	-0.0	11.1180901232738	-0.0	-0.0
GM.5.0.Homeodomain.0151	0.47781422680950825	2.032367377444145	-0.0	-0.0	-0.0
GM.5.0.Forkhead.0044	0.6555947560317958	0.10715195043387715	42.52246380937284	-0.0	-0.0
GM.5.0.Forkhead.0015	-0.0	-0.0	31.575224589323046	-0.0	-0.0
GM.5.0.Nuclear_receptor.0086	-0.0	-0.0	-0.0	3.8029011138696194	4.175489570306808
GM.5.0.Homeodomain.0054	2.8584699573052332	2.5706542795101583	-0.0	0.7999861149739687	0.17103838688444278
GM.5.0.Ets.0035	17.740432513780895	16.702300866826768	19.765787771212786	-0.0	-0.0
GM.5.0.Homeodomain.0169	4.263142674899758	0.45803870653089723	25.016661278996384	-0.0	-0.0
GM.5.0.Nuclear_receptor.0025	-0.0	-0.0	12.964732411348743	-0.0	0.3164184946730924
GM.5.0.bHLH.0076	-0.0	-0.0	8.170623179975259	-0.0	-0.0
GM.5.0.Homeodomain.0181	1.6354851515944273	3.605924938991763	4.251470314472252	-0.0	-0.0
GM.5.0.bHLH.0085	-0.0	-0.0	72.13954989331137	0.17221508000024766	2.5863806590302425
GM.5.0.Homeodomain.0188	-0.0	-0.0	18.12015308945538	-0.0	-0.0
GM.5.0.bZIP.0096	0.9063198689680155	0.5653421002890449	-0.0	1.7601024549928852	0.0011949787989615948
GM.5.0.MADS_box.0012	9.547000391948293	5.093210502952632	10.224681197868367	-0.0	-0.0
GM.5.0.Homeodomain.0052	-0.0	-0.0	18.74446476115133	-0.0	3.675953549279086
GM.5.0.Forkhead.0013	-0.0	-0.0	93.16269446854261	-0.0	-0.0
GM.5.0.Forkhead.0037	-0.0	-0.0	39.344736552296595	-0.0	-0.0
GM.5.0.AT_hook.0001	8.51472910977367	5.432451296171019	37.37016969686863	-0.0	-0.0
GM.5.0.RFX.0009	-0.0	-0.0	19.41375772891258	-0.0	-0.0
GM.5.0.Sox.0025	0.5455038600862542	1.638256296871101	0.08898259808126269	-0.0	-0.0
GM.5.0.bHLH.0094	39.06868619363912	30.457914461813655	0.5845127727796482	-0.0	-0.0
GM.5.0.Rel.0020	0.19742866849623192	0.38634005935312554	4.200092808213452	-0.0	-0.0
GM.5.0.SAND.0005	35.080501404008864	29.447918023493823	7.875351466900664	-0.0	-0.0
GM.5.0.bZIP.0006	13.757021917495546	9.01429802414977	-0.0	-0.0	-0.0
GM.5.0.Mixed.0024	1.0650177788834942	0.20886501074491423	7.715015445026879	-0.0	-0.0
GM.5.0.RFX.0011	0.05017195053567769	-0.0	1.9710559377427406	-0.0	-0.0
GM.5.0.bZIP.0041	0.2758475715900924	0.3899539372870758	2.8429602145631296	-0.0	-0.0
GM.5.0.Unknown.0008	2.3497948703103426	1.9296647667319868	26.083161814135522	-0.0	-0.0
GM.5.0.bZIP.0073	29.10632768351385	22.975999554165814	-0.0	-0.0	-0.0
GM.5.0.Unknown.0004	-0.0	-0.0	32.023270398448496	0.9694688161674446	3.2687872887855365
GM.5.0.C2H2_ZF.0243	7.84764190251773	6.038341000012197	-0.0	-0.0	-0.0
GM.5.0.SMAD.0005	-0.0	-0.0	22.140248731985576	2.9724941725512624	4.061085040631977
GM.5.0.E2F.0017	37.773017229904895	27.29979248662215	6.455955886701397	-0.0	-0.0
GM.5.0.bZIP.0080	27.536367211761124	9.000084891467571	3.1229726683495826	-0.0	-0.0
GM.5.0.Forkhead.0007	-0.0	-0.0	226.57433797912122	-0.0	-0.0
GM.5.0.Paired_box.0003	24.761931528807118	10.584658743268392	-0.0	-0.0	-0.0
GM.5.0.MADS_box.0023	0.5655624872164089	1.2551332138198446	17.559983246246276	-0.0	-0.0
GM.5.0.GATA.0031	-0.0	-0.0	174.83368430313104	0.5232154307268213	5.632778796522071
GM.5.0.Mixed.0010	3.8157001104388963	2.299530649444615	-0.0	-0.0	0.017853745403182582
GM.5.0.Unknown.0110	-0.0	-0.0	95.72142716182898	0.31284580268404355	3.400305447430656
GM.5.0.SMAD.0002	-0.0	-0.0	62.590915942625315	-0.0	-0.0
GM.5.0.Homeodomain.0183	0.7793624929000632	1.3111705521633148	3.2273072560948415	-0.0	-0.0
GM.5.0.MBD.0001	41.47512615342924	21.137507979696256	6.323604537439963	-0.0	-0.0
GM.5.0.Unknown.0080	-0.0	-0.0	55.200339714280446	2.76145459368835	3.9187332560677954
GM.5.0.Mixed.0034	7.913620739516963	5.847053321083575	-0.0	-0.0	-0.0
GM.5.0.SMAD.0012	27.72634140073952	16.693294892637514	0.4625764902683124	-0.0	-0.0
GM.5.0.Unknown.0050	-0.0	-0.0	54.33699384595782	-0.0	0.3759869996243403
GM.5.0.C2H2_ZF.0221	-0.0	-0.0	20.771774208050005	3.3892862411788047	1.1578234649378554
GM.5.0.Unknown.0198	-0.0	-0.0	45.25436681218026	-0.0	-0.0
GM.5.0.Homeodomain.0129	0.49487679415907915	1.3276982839358886	25.125743745869094	-0.0	-0.0
GM.5.0.bHLH.0001	3.2208000165151107	1.7458168992562166	1.2308339984517769	-0.0	-0.0
GM.5.0.Homeodomain.0056	-0.0	-0.0	71.60044955547318	0.14684075739048533	1.395060512269835
GM.5.0.Forkhead.0028	37.37016969686863	28.995716996884486	1.689742200422566	-0.0	-0.0
GM.5.0.bHLH.0032	-0.0	-0.0	200.15535648626388	0.5556844236015774	0.7840904323465352
GM.5.0.RFX.0002	-0.0	-0.0	33.5690975321789	-0.0	0.29963381430686614
GM.5.0.Nuclear_receptor.0121	-0.0	-0.0	11.939233213117028	0.17221508000024766	0.8801073928481704
GM.5.0.Unknown.0064	65.48856088871818	30.67952733994806	2.5035345766531623	-0.0	-0.0
GM.5.0.Mixed.0002	-0.0	-0.0	47.95986258997274	-0.0	-0.0
GM.5.0.bZIP.0003	-0.0	-0.0	29.888921586536817	-0.0	21.272235108842477
GM.5.0.RFX.0003	-0.0	-0.0	2.9688695119911657	-0.0	-0.0
GM.5.0.C2H2_ZF.0064	-0.0	-0.0	60.3708651135481	-0.0	-0.0
GM.5.0.bZIP.0013	-0.0	-0.0	17.784646316601528	-0.0	22.229631767785158
GM.5.0.bHLH.0137	-0.0	-0.0	inf	0.176710232425325	1.2898291816913101
GM.5.0.bHLH.0006	-0.0	-0.0	inf	-0.0	0.2798218968069311
GM.5.0.RFX.0018	-0.0	-0.0	3.3333642583587846	1.1923806614259376	0.09614162505081919
GM.5.0.Forkhead.0043	168.8953488723375	170.62326986975032	-0.0	-0.0	-0.0
