# maelstrom - GimmeMotifs version 0.16.1
# method: rf with motif score
# motif table: /media/ia1014/2011CBA352BBC48B/ipek/ATAC_at_FOXG1_peaks_maelstrom.out/motif.nr.score.txt.gz
# activity values: feature importances from fitted Random Forest model
	cluster_1	cluster_2	cluster_3	cluster_4	cluster_5
GM.5.0.GATA.0029	0.004831245373938389	0.003324200480127229	-0.000779449969471388	-0.002060967666871532	-0.002206058915963102
GM.5.0.Unknown.0161	-0.0016415962957018956	-0.0017586028105129404	-0.0014273497297236585	0.0013903016892402179	0.0014290475624355822
GM.5.0.Unknown.0159	0.0015122138317156311	0.0015588609316334234	-0.0015252582054220668	0.0016133401220647305	0.0017191563796176267
GM.5.0.C2H2_ZF.0188	-0.0015984270903660316	-0.00157575676593212	-0.0014806735282702813	0.0017493477211356862	0.0014972134646285432
GM.5.0.Nuclear_receptor.0061	0.00158940784705912	0.001654938912024943	-0.001957882748721273	0.0018581368757617453	0.0016796074739665176
GM.5.0.Unknown.0028	0.0015033849448408878	0.0015823247557721649	-0.0014580576694374404	-0.0014241452099853496	-0.0014271498119149146
GM.5.0.Homeodomain.0049	0.0015656052909049428	-0.0015321099398323008	-0.001337014818891209	-0.0015997286267378332	0.0017081362480753934
GM.5.0.C2H2_ZF.0095	0.001755791209976366	0.0016774042253976118	-0.0017249671622565005	0.001835885817877517	0.0016151988215329016
GM.5.0.Unknown.0113	0.001532276998178427	0.0017285335418044845	0.001360879560635613	-0.001664861458027027	-0.0015217682123381644
GM.5.0.Myb_SANT.0012	-0.0016971037529237088	0.0014186474061849258	0.0014877624826122348	-0.0016463506399406933	-0.0016174973059142712
GM.5.0.Unknown.0171	-0.001648663202163944	-0.0015172347610284736	0.0014317801806247431	0.001564816854229895	0.0017851682288833465
GM.5.0.Mixed.0104	-0.0015424264298831824	-0.001588147924032051	0.001437323372090021	0.0015510215988585826	0.0016581632495387421
GM.5.0.RFX.0016	-0.0014879756588382378	-0.0014275917293434675	0.001493727799764603	-0.0015526193454815504	-0.0015593413418268983
GM.5.0.DM.0004	0.0016005056699613493	0.0015076373653048233	-0.0013670058325806977	0.0016056932829463305	0.0016308762868815297
GM.5.0.Nuclear_receptor.0125	0.0015055338892975812	0.0015915734894656408	-0.0018596501363934428	0.0017763223070252749	-0.0014140015242278114
GM.5.0.T-box.0026	0.0013838725545615585	0.0013864955257698757	-0.0013523252397497575	0.001552113025549505	0.001372772337860792
GM.5.0.C2H2_ZF.0138	0.0015377704363189746	0.0014334352365578684	-0.0015012492294191938	-0.001541703355253271	0.0014793792439972608
GM.5.0.Unknown.0048	0.0015484563282250285	0.0014963561998350577	-0.0015096269761937361	-0.001505743205960694	-0.0015661166638651328
GM.5.0.Nuclear_receptor.0042	0.001692108621394438	0.0015936338776292146	-0.0015988876435632563	0.0016874007996081175	0.0016381273363714629
GM.5.0.bHLH.0120	-0.0015088005105394434	-0.0015671857893915148	0.0015290988771357792	0.0016861949198261456	0.001659036745965117
GM.5.0.C2H2_ZF.0281	0.001600956106611662	0.0017147147852875904	-0.0025704056050084973	0.0016367211231485767	0.0015605855005672027
GM.5.0.bZIP.0031	0.0015350474353594762	-0.0015010899456209196	0.001589970393343376	-0.0016362530940416315	-0.0015573490522336425
GM.5.0.C2H2_ZF.0101	-0.0014978618797288582	-0.0015080229927257696	-0.001531404663221653	0.0015186145073197296	0.0015100828158845828
GM.5.0.Nuclear_receptor.0087	-0.001672729074091331	0.001597125587813067	-0.00170598955025801	0.001671025206599357	0.0015598803504575983
GM.5.0.Unknown.0128	0.0016055803491556533	0.0015071728396160392	-0.0014975276747662648	-0.0016866583313271063	-0.0016115457749830506
GM.5.0.Unknown.0123	-0.0015706295263209359	0.0016214625113822004	-0.0015911680707510589	0.0017400496784902406	0.0015969645424175648
GM.5.0.Nuclear_receptor.0117	0.001461811564187184	0.0015485001705798954	-0.0016258148331763254	0.0014722270081379087	0.0015208950319216005
GM.5.0.C2H2_ZF.0171	0.0014070662091490024	0.0014875104671324961	-0.0016441180201286802	0.0016147893736431786	0.0015797695754590885
GM.5.0.Mixed.0078	-0.0014784672986485293	-0.0014134274370328555	-0.0014295526018407092	0.0017400592164103568	0.001658596866796343
GM.5.0.C2H2_ZF.0217	-0.0015282424456424686	0.001654014237083855	-0.001472721912277507	0.001644095689099915	0.0015226928803422255
GM.5.0.Nuclear_receptor.0148	0.0015407958449494678	-0.0015555470865058457	-0.0015114102199614602	0.0014649667627312532	0.0013991622098949144
GM.5.0.Nuclear_receptor.0088	0.0014475185282102104	0.0016736847622780408	-0.0016882825152942482	0.0015996702707377598	0.001580244244999418
GM.5.0.Nuclear_receptor.0064	0.0016142779468305073	0.0016759847722011437	-0.001574796114161704	0.0015407556290176672	0.0015502150193100392
GM.5.0.Homeodomain.0159	0.0014867242018803601	0.0017188921903200744	0.0014381332725433632	-0.0017991111079580368	-0.0015664108740586081
GM.5.0.C2H2_ZF.0224	0.001466172691677474	0.001597125602396808	-0.001570864049323459	0.0015981223612762277	-0.0016037499516074049
GM.5.0.C2H2_ZF.0038	0.0015847497263549474	0.0015223974892602827	-0.0017070252201947553	0.0015618632292950468	0.0015143167245108753
GM.5.0.T-box.0007	-0.0015204004270673393	-0.0015418111070518465	0.0014119733942494774	0.0015895091858000874	0.0016118947912243237
GM.5.0.C2H2_ZF.0126	0.0014367403764082337	-0.001449035648072322	-0.001480439086482257	-0.0015361812323903365	0.0016287912375926759
GM.5.0.bZIP.0060	0.0015735948121811058	0.0015540276311635684	-0.0015366177392647192	-0.0015217258313844025	-0.0015250639133481234
GM.5.0.Nuclear_receptor.0046	-0.0016827255168732711	-0.0015190232785331134	-0.001476550531434734	0.0017896535356672985	0.001618180003467757
GM.5.0.C2H2_ZF.0161	-0.001651329418990955	-0.0014647286060664295	0.0014772259131938682	0.0016018454290899142	0.00163113529827954
GM.5.0.Unknown.0040	0.0014299419717741673	-0.0015137970491453504	-0.0014712335690461836	0.0016806581698791427	0.001673217658916313
GM.5.0.C2H2_ZF.0129	0.001392198335296884	-0.0014010572364832794	-0.0015868276255588316	0.001500915796296132	0.0016886609329666898
GM.5.0.Nuclear_receptor.0047	0.0015868669327476015	0.0014732522861785134	-0.0018536894156381053	0.0015304538505055414	0.001673565196838842
GM.5.0.C2H2_ZF.0280	-0.0016786102634486599	-0.0015801269117089317	0.0014285062396745005	0.0015384824409940842	-0.0016692454666327012
GM.5.0.Homeodomain_POU.0011	0.001485778287495834	0.0015448984466916937	0.001544591636942023	-0.0015208073114765816	-0.0015599063640389787
GM.5.0.C2H2_ZF.0073	0.0015857924847408516	0.001471719282186989	-0.0014119102268680959	-0.0015411892923758435	-0.0016157628718214201
GM.5.0.Unknown.0049	0.0016181364396452953	0.001803612049127895	-0.0014966205342024272	-0.001523838728987711	0.001548107866746288
GM.5.0.Mixed.0060	0.001377082724482516	0.001286076586707293	-0.0013797215924501605	0.0013248650451496175	0.0013629405442884444
GM.5.0.C2H2_ZF.0158	0.0014204263040046377	-0.0015863308773480561	-0.00156449526989473	-0.001627840373217742	0.0016522485565731357
GM.5.0.Mixed.0009	-0.001552519943629656	-0.0015765592689618766	0.001582382285432942	-0.0015803746140266924	-0.0014771281709817124
GM.5.0.Unknown.0054	0.0015513404579203883	0.001579540119602052	-0.0014119441133207344	0.0014942667981513575	0.0014724408606801153
GM.5.0.C2H2_ZF.0076	0.001669933836270328	0.0015787419180756065	-0.0014282813020568999	-0.0016968223432847745	-0.00151944926632363
GM.5.0.Rel.0021	0.0015262798483375165	0.0014115165349537781	0.0015648538038944293	-0.0016323015031417445	-0.0016180432311058545
GM.5.0.C2H2_ZF.0233	0.0016034476149166346	-0.001539256162845046	-0.0015391294345664555	0.0016587710311430385	0.0015125668466107844
GM.5.0.Nuclear_receptor.0134	0.001400038453739105	0.0015138316804720164	-0.0015157202899269417	0.0015551521043339874	0.0015036386708227822
GM.5.0.Unknown.0059	-0.001446599411613028	-0.001632403270496687	0.001465280519543823	0.0017464179386925873	0.0017156299150215268
GM.5.0.Nuclear_receptor.0065	0.0015287583487806732	-0.0015533676921667234	-0.0015710600132748354	0.0015898776877634891	0.0016322610712008528
GM.5.0.Pipsqueak.0001	0.001427645134726741	0.0012054501446317554	0.0013068557857699972	-0.0013236920744325816	-0.0014051171440903679
GM.5.0.Unknown.0129	-0.0015437421568241564	0.0015767596929773609	-0.0015426568350288836	0.0016204131254413637	0.001603474344050883
GM.5.0.Nuclear_receptor.0016	0.0014965877903133007	0.0013868540341598354	-0.0028288402227990574	0.0016237243497188956	0.001650315907889969
GM.5.0.Grainyhead.0007	-0.0017294826973559252	-0.0016759737546343618	0.0014626984979455896	0.0016429715468562983	0.0015286633286707547
GM.5.0.CUT_Homeodomain.0006	0.0015863037538331017	-0.0016162032288694053	0.0016007173290381951	-0.0014845729370643235	0.0016193080698162984
GM.5.0.T-box.0018	0.0016469436758748696	-0.0015332009342388312	0.0014444281178644517	-0.0015727759654157974	-0.0013765996320416981
GM.5.0.C2H2_ZF.0302	0.001653081597438362	0.001715041061898605	-0.00154593996078991	0.0015035228828245441	0.0015505354285789846
GM.5.0.C2H2_ZF.0289	-0.001480294080018435	-0.0015478609302234725	0.001469944843544634	-0.0015018193222440356	-0.0015896441147916782
GM.5.0.C2H2_ZF.0225	-0.0016068368688242965	-0.0016043785946117921	-0.0015112301913410393	0.001572299604390041	0.0016286671479226705
GM.5.0.Forkhead.0058	-0.0016795050862561589	0.0015697211964153066	-0.001396463774810416	-0.0015117868641903714	0.001667650500232925
GM.5.0.Nuclear_receptor.0114	0.0013853726723718086	-0.0015493254372058827	-0.0016106042800862403	0.001616902206508863	0.0017103112962177838
GM.5.0.C2H2_ZF.0293	0.0016071096873538921	-0.0015802309158321154	-0.0015020462300798726	0.0016105013074629482	0.0015667230091349462
GM.5.0.Ets.0029	0.0015876119028143763	0.0015985918593911896	0.001629221995290307	-0.0016554619857632278	-0.0015983464929151992
GM.5.0.bZIP.0062	-0.0016725624498422822	-0.0014390560633017059	0.0014633393267880546	0.001466634791424218	0.0016643443370186995
GM.5.0.C2H2_ZF.0235	-0.0015725001673971837	0.0015932382338062162	-0.0014656997406473139	0.0016273555021628769	0.001646220634880887
GM.5.0.Mixed.0020	-0.0014478794200193578	-0.0013785231572646535	0.0014289591659532657	0.001313403114739772	0.0013995743993963391
GM.5.0.Forkhead.0040	-0.0016453627447816413	-0.001511410558849894	0.00147107861681492	0.0015071167899170048	0.0014976599075519226
GM.5.0.Rel.0008	0.0014874142788225712	0.0013222330047624887	-0.0014249796444473378	-0.0014361070220330094	-0.0014560479847314798
GM.5.0.Nuclear_receptor.0111	-0.0014040232717138005	0.0015912080053741486	-0.0014756286881738765	0.0015851736796749973	0.0017239151143413922
GM.5.0.C2H2_ZF.0203	0.0015250377985555359	0.0015046296874086421	-0.0014080756341666092	-0.001521562185654476	0.0016300565369984168
GM.5.0.Unknown.0190	-0.0016269271679868645	-0.0016266131577095653	0.0015346468552496595	0.00156431968584502	0.0016720815168408045
GM.5.0.EIN3.0001	-0.0014839212126299714	-0.0014257792844777628	0.002093292697712234	-0.0014123565739883861	-0.0015413211067088581
GM.5.0.C2H2_ZF.0010	-0.0016159387536892763	-0.0015748252184076847	0.0015938580282057462	0.0015794686428577038	0.0016047051630726304
GM.5.0.Nuclear_receptor.0085	-0.0014686938708895947	0.0014515030931984934	-0.0014697797330417912	-0.0015713207265957733	0.0016782056803418854
GM.5.0.C2H2_ZF.0197	0.0014356295043551793	0.0017896935229708118	-0.0015093046217942003	-0.0016300378227194063	-0.001666270340016777
GM.5.0.Paired_box.0013	-0.0013839233938249226	-0.001325805512239208	0.0015230977321853013	0.0015248299523347628	0.0013979798003184748
GM.5.0.Mixed.0007	-0.0016019925905571644	-0.00140905845913993	0.0013658650964923646	0.0015887747374428876	0.0015648659321503538
GM.5.0.bHLH.0075	-0.0017681299927527604	-0.0016616462674587048	0.0019104871721181528	0.0016970734262378776	0.001424329929452702
GM.5.0.Mixed.0047	0.001448698774142773	0.001343732259131081	0.0013661538679584125	0.001573833613831749	0.00148512796192955
GM.5.0.GCM.0004	-0.001678724982420001	-0.0015369393021422957	0.0015952935193485932	0.0015428509749080854	0.0014661947484103906
GM.5.0.Mixed.0055	0.0014664807773185195	0.001560342467552055	0.0015167417494641711	-0.0015822163469368061	-0.0016370542534862049
GM.5.0.Nuclear_receptor.0115	0.0017025249707840484	0.001573995104668709	-0.0015066936403953495	0.0014566411774196253	0.001558299240518541
GM.5.0.Nuclear_receptor.0131	-0.0016040155585917504	0.0016128417766523664	-0.0015392493420403313	0.001708441369458675	0.00157479660520168
GM.5.0.Unknown.0141	0.0014272364667653086	0.0013505905325743913	-0.001441048751360275	0.001458038084102822	-0.0014033909402992476
GM.5.0.Ets.0043	-0.0015632810788736148	-0.001494557497168353	0.001454107709783729	0.001536365731394207	0.0015231446178855105
GM.5.0.C2H2_ZF.0209	-0.0015080331247766285	-0.001658778273767305	0.001542379037717484	0.0017271227404821335	0.0015712176322237293
GM.5.0.Nuclear_receptor.0100	-0.001334587735637259	0.0014313367846752894	-0.0014258026242017514	0.0014561703610524329	0.001431080195868613
GM.5.0.Mixed.0065	0.0015716648261194597	0.001640873896676246	-0.001456011462545264	-0.0015563607083922185	-0.0014752632071300983
GM.5.0.bHLH.0105	0.001367668333470155	0.0013998811881330328	-0.0014598192779442418	-0.0013884855156382678	-0.0015145187231618506
GM.5.0.C2H2_ZF.0083	-0.0014910986417833387	-0.0014872382607095589	-0.0015787168517906005	0.0015115520291951632	0.001603168817673115
GM.5.0.STAT.0025	0.0014950709923442099	0.0017245847612292592	-0.001568598278563865	-0.0015220111712386888	-0.0016341941973613324
GM.5.0.Unknown.0138	-0.0015317429370263925	-0.0016012011863005718	0.0015067592041620188	0.0015417304550680382	0.0014458438847012572
GM.5.0.C2H2_ZF.0039	-0.0015044710790602283	-0.0016153642043945937	-0.0014679194998147736	0.0016741178750690722	0.0015498991558927002
GM.5.0.C2H2_ZF.0298	0.0015931157715272032	0.001615386147708247	0.001503079629574286	-0.0017203796513081853	-0.0017514392605089881
GM.5.0.Zinc_cluster.0001	-0.0016647544992009487	-0.0015367633631761194	0.0015403307481804693	-0.0016737836254682454	0.0016394985565379074
GM.5.0.C2H2_ZF.0080	-0.0016302519706352819	-0.0015337367871348087	0.0013745960663010862	0.0016779233884634248	-0.0015665369589305679
GM.5.0.Unknown.0105	-0.0016719827961394988	0.0016361564882479242	-0.00146133700712641	0.0016853598211657586	0.0016738553199424414
GM.5.0.Nuclear_receptor.0118	-0.001868761083619785	-0.0015534484103034757	-0.001619114715301132	0.0015480622874504862	0.0016227213577732187
GM.5.0.Unknown.0169	-0.0014542905163352552	-0.0016431721825673755	0.0015651589445296998	0.0017066534947239418	0.001559025297414866
GM.5.0.C2H2_ZF.0147	0.001595068873075379	0.001630995771379271	-0.0014667170817431008	-0.001560141314434434	-0.0015479933997671865
GM.5.0.T-box.0012	-0.0014636600232220897	-0.0016125260138837626	-0.001576552172915732	0.0015644712992313589	0.0016617533489480083
GM.5.0.Prospero.0001	0.0015833441270496054	0.001664357069865981	-0.0014773187826471355	-0.0016063762100527446	0.0015354869757082626
GM.5.0.C2H2_ZF.0146	-0.0016191673792477024	-0.0015423221832625786	-0.001495895123738482	0.0016273721239599395	0.0016527930870930724
GM.5.0.Homeodomain.0153	-0.0014257050323505727	-0.0013708022014913524	0.0013189663910798865	0.0014065611181787597	0.0014035283609112276
GM.5.0.Nuclear_receptor.0081	0.0016350675892656888	0.0015169320803383886	-0.0017438682626260858	0.0016962274351236255	0.0015478005973504638
GM.5.0.Nuclear_receptor.0116	0.0015617272352506093	-0.0015589994329272383	-0.0014985731251324905	0.0015859526802491837	0.001706352781323971
GM.5.0.Forkhead.0055	0.0015981386483166946	-0.001637233490288511	0.0015333304127411445	0.0015434064724929052	0.0014672586889678482
GM.5.0.Ets.0038	-0.0016656967136196704	0.0015357793797377845	-0.0014344436390689966	0.0016000345547824348	0.0015663674971503044
GM.5.0.Unknown.0015	0.0015049969931535338	0.0014986883947004203	-0.001590090790107603	-0.001559839235955657	-0.0015752890189638241
GM.5.0.TEA.0005	0.0015719118880513428	0.0014218753564663278	-0.0012522020522901355	-0.0013672692826186728	-0.0014286153840142265
GM.5.0.Paired_box.0018	-0.001521586763408813	-0.001524571408409747	-0.0015357086619393991	0.0016362271130801061	0.0017062615381947728
GM.5.0.C2H2_ZF.0286	0.001181872971151854	0.001354704075391125	-0.001560191837887567	0.0012769758293400683	0.0012592332456284427
GM.5.0.HSF.0008	-0.0014734889314064142	-0.00143973078065158	0.0013840452435734585	0.001603359380919579	0.0015162132353591573
GM.5.0.STAT.0015	0.0015881329203287762	0.001493880142628351	-0.0014968643775763791	0.0016128013729277881	-0.0016118625921641332
GM.5.0.Nuclear_receptor.0007	0.001531860334135041	-0.001488587320431499	-0.0015503722308671064	-0.0016383452291634918	0.001507340433465132
GM.5.0.C2H2_ZF.0276	-0.0016730293408506293	-0.0015302764011838252	-0.0014198357509192612	0.0014912210497611933	0.0015015247998706193
GM.5.0.Mixed.0103	-0.0016119245243137144	-0.0017196098653033019	0.0016395950000184548	0.0014683181648643276	0.0016130807754154322
GM.5.0.C2H2_ZF.0307	-0.0015826313903597052	-0.0017476014377098932	0.00146661483421242	0.001621622094921178	0.0015677952671952495
GM.5.0.Forkhead.0042	-0.0014765597294959137	-0.0015635768967656935	0.0014594880368346698	-0.001582927803016974	-0.0015384547784399562
GM.5.0.STAT.0016	-0.0016279926978524047	-0.001517775970133843	0.0015856215867326056	0.0015957190985222882	0.0017009507858658434
GM.5.0.bZIP.0032	-0.0015245914017079402	-0.0017034723567288183	-0.0015196344755518273	0.001570530159641507	0.0016526699129177174
GM.5.0.Unknown.0062	0.0014482223914017345	0.0014771189357006358	-0.0015409404728148465	0.001529886067049577	0.0016164640204316418
GM.5.0.GATA.0025	0.0013509293629851463	0.0012509459067051108	0.0012514994042503286	0.0014248336765561266	0.0015084580335956777
GM.5.0.C2H2_ZF.0123	-0.0016832247913355024	-0.001551303723532543	0.001534632261297658	0.001679836656459475	0.001492555427512974
GM.5.0.CSD.0001	0.0016384648464012768	-0.0015831472880445028	0.001477694493264724	-0.0015405395860548308	-0.0015554558782962685
GM.5.0.C2H2_ZF.0079	-0.0014437451948068278	-0.0012859797997710647	-0.001459994232962159	0.0015560104480789117	0.0013735663295119966
GM.5.0.SMAD.0007	0.0016570895149457365	-0.0015756109467689708	-0.0015120344885330905	0.001575330701930657	0.0015753005967116672
GM.5.0.C2H2_ZF.0256	-0.0016242342796098292	-0.0016040349695602171	0.0015410842509140108	0.0015781444918102358	0.0015885420521836837
GM.5.0.Nuclear_receptor.0099	0.0016190023773223255	0.0016394269560003776	-0.0015604980721756496	0.0016157843119562242	0.0014674669745457908
GM.5.0.C2H2_ZF.0284	-0.0014688188237713187	-0.0013770561103989287	0.0014848977689915143	-0.0017269294465115722	-0.001701605784800843
GM.5.0.Homeodomain.0149	0.0014623023719864006	-0.0015852083158039475	0.0013419637856510497	-0.0016347273415096256	-0.0015257056483370015
GM.5.0.Sox.0001	0.0012600953796626866	0.0013518563863606143	0.001260222238759465	-0.0013044673356224987	-0.0013962500861410467
GM.5.0.Homeodomain.0108	-0.0015769899515182876	-0.0016050645678784238	0.0015694705839524876	0.0016118898731356096	0.0016376976140322396
GM.5.0.C2H2_ZF.0181	0.0015494818098129742	0.0016857522194974476	-0.0014589791706977806	-0.0015381191502709139	-0.001593752977548498
GM.5.0.Unknown.0042	-0.0016690722660049184	-0.0016777539337820518	-0.0014624431914214229	0.0016551650789935796	0.0015666527138839142
GM.5.0.bHLH.0109	-0.0015377407184339036	-0.0017455760416561356	-0.001414839428502771	0.0015482992871720402	0.0015045346772484941
GM.5.0.Mixed.0017	-0.0015523044429703583	-0.0015335797034012131	0.0014891506492629757	-0.0016598343618188444	0.0016212480850244487
GM.5.0.SAND.0006	0.0015618446728693407	0.0015281045372844686	-0.0014948096420057567	0.001591662730600308	-0.0016208699122091665
GM.5.0.Unknown.0202	-0.0015723539446760985	0.001605792077563188	-0.001553165090261667	0.0016107402541543484	0.0015451198846302685
GM.5.0.Ets.0032	0.001437543144508294	0.001475978554601221	0.0014553835412373917	-0.001557342021511485	-0.0016859723428853226
GM.5.0.Paired_box.0020	-0.001374584878177807	-0.0012640783631892524	-0.0013056910772454738	0.0013653856780462864	0.0013336154432305191
GM.5.0.Forkhead.0024	-0.0015812385963749245	-0.0016707015528138638	-0.001584231119413239	0.0014146249640735655	0.0016716877181204204
GM.5.0.Runt.0006	0.0015755032856091843	0.001666639067774612	-0.001510904784776719	-0.0016320041235363542	-0.001771022704185937
GM.5.0.RFX.0012	-0.0015772328641788854	-0.0016685531257823454	0.0015264282057176437	-0.0016409851533417455	-0.0016335650964571886
GM.5.0.C2H2_ZF.0132	0.001668022067720185	0.0015657387188888713	-0.001619881148389288	-0.0015083901959232996	-0.0015980751886980216
GM.5.0.Nuclear_receptor.0056	0.0017425058322286116	0.001536933869839279	-0.0016427240664269973	0.0015244186617028332	0.0016543650862250359
GM.5.0.HSF.0009	-0.001552941783692471	0.0015683574028895154	-0.001438410170426393	0.0015988126962101128	0.001514811199798384
GM.5.0.Unknown.0072	-0.0013667770795314249	-0.001348355049470345	0.0013666179846995466	0.0014554380491588479	0.0014806735152515158
GM.5.0.C2H2_ZF.0177	0.0014505989596937923	-0.0014927117622928405	-0.0013890778303368371	-0.0016246625540696938	0.001543122988696389
GM.5.0.Nuclear_receptor.0095	0.0015277351388565295	0.0016752866260937057	-0.0015567598567744804	-0.0015229260547014677	-0.0015283643210318063
GM.5.0.Homeodomain.0053	-0.00155302546066111	-0.0013971362313589177	-0.0015045331833813166	0.0016691016209002384	0.0016005695258221927
GM.5.0.Nuclear_receptor.0059	0.001608558695643312	0.0016193669979445244	-0.0018826002583019156	0.0016110090807431932	0.0015934123507200801
GM.5.0.Unknown.0065	0.0017710985567662104	0.001275459139685599	0.00100381564610514	-0.0011364684318173584	-0.001176825480250838
GM.5.0.Unknown.0127	-0.0016197746193047009	-0.0015405239107200417	0.0015151731893066304	-0.0015513851327240361	-0.001579559388349918
GM.5.0.C2H2_ZF.0216	-0.0015330776786681038	-0.0016399971655362575	0.001538549024457558	0.0016260286502032368	0.0015042825176777416
GM.5.0.bZIP.0084	-0.0015767285728606989	0.0016222429916666198	-0.001606500285338026	-0.0015511450342644074	-0.0015682768440139299
GM.5.0.Mixed.0005	-0.0014647567289207573	-0.0014386829385979116	0.0014393481393990264	-0.0015351155478822293	-0.0016665436719210767
GM.5.0.C2H2_ZF.0154	0.001537375685299737	0.0017020457911228672	0.0015748492830920794	-0.0015298999714768865	-0.0015657118679817384
GM.5.0.C2H2_ZF.0236	-0.0014303380315303165	-0.0015209127107959574	0.0013929797696708144	0.0015002173686174097	0.0013049634921095947
GM.5.0.C2H2_ZF.0178	0.001403638609411719	0.0013866165569831432	0.0011442773650359856	0.001198813420596683	0.0012233481596001725
GM.5.0.Forkhead.0057	0.0013998400321524253	0.0014460543531624433	-0.0013284435427937194	0.0014862222768470736	0.0014687333502405705
GM.5.0.bHLH.0078	-0.001631994487419502	-0.0014910444610650286	0.0014936405735265033	-0.0015989450958183388	0.0016201538557983745
GM.5.0.Forkhead.0041	-0.0014886535603150328	-0.001596228231144078	0.0016121543887696538	-0.001623446468625626	-0.0015132832026702827
GM.5.0.bZIP.0075	-0.001830381756933866	-0.0017032139061071302	0.00154978564601918	0.0016029498683525873	0.0016365435423878678
GM.5.0.Mixed.0109	0.0015986697697832517	0.0016449658976302709	-0.0014124419756342376	-0.0015292176222794515	-0.001707744269084462
GM.5.0.C2H2_ZF.0283	0.0015905118755170325	0.0012983271094036838	-0.001545820144630438	0.0015626070081223775	-0.0013450580549194276
GM.5.0.C2H2_ZF.0092	-0.0016101023025342118	-0.0014538240277185846	0.001380002646937009	-0.001555494121708258	-0.0015429845312985373
GM.5.0.C2H2_ZF.0219	-0.001481482510076039	-0.0016317616773231134	0.0016154116914936178	0.0016170832192118874	0.0015828953791123402
GM.5.0.Mixed.0042	-0.0016161671646151487	0.00158202491497564	0.0015269430616876797	-0.0017127540265093513	-0.0015867959471289714
GM.5.0.C2H2_ZF.0107	0.0018921087285624077	0.0016604098389140715	-0.0021863404142277803	-0.0015473568565119622	0.001562230986454821
GM.5.0.Mixed.0035	-0.0016979568727976046	-0.0016327267433351772	0.0014505360373230792	0.0014110075771791573	0.0014559788729508493
GM.5.0.Nuclear_receptor.0102	0.0013658383593137162	0.0014403919587090814	-0.0013463881254606486	-0.0014624211419280177	-0.0013698486984072037
GM.5.0.GATA.0018	0.0015739333723562964	0.0014594012452029978	0.0014673818536960997	0.001549394756507366	0.0014128901745972394
GM.5.0.bZIP.0069	-0.0016018988103176524	-0.0017545191526542306	0.0015590609028529503	-0.0015807641817917727	0.0015583895334558195
GM.5.0.Homeodomain_POU.0018	-0.0015141350739386575	0.0015151634701669695	0.0014905149301949856	-0.001446425922985537	-0.001607390657164003
GM.5.0.Mixed.0022	0.0015583008587920551	0.0015718478476155525	0.0013557258100991595	-0.0018474152845860423	-0.0017448070519639205
GM.5.0.RFX.0007	0.0015672028977208735	-0.001603646100418818	-0.0015643543117269257	-0.0015749020947671201	0.0016816136808534968
GM.5.0.bHLH.0088	0.0015134155536093746	0.0015042110458020146	0.00148658718403474	-0.0017022830097550151	-0.0015459919094869563
GM.5.0.bZIP.0082	-0.001568211539038225	-0.0015043633290194789	0.0016011326446458308	0.0016046156850949415	0.0015302221644127483
GM.5.0.Mixed.0105	-0.0016520761334228734	-0.0015694556725313153	-0.0014749220191200604	0.0016108969635914858	0.0016047466370462718
GM.5.0.Nuclear_receptor.0050	0.0016439199867302578	0.0015026615601551091	-0.0018241538975902211	0.0014966023976415185	0.001521716434487399
GM.5.0.Grainyhead.0006	-0.0016811584400107291	-0.0016563001531986197	0.0015288341884413346	0.0015358490150134269	0.0015391645801770004
GM.5.0.C2H2_ZF.0106	-0.0014221758593767086	-0.001414359981487403	0.0013558060493846025	0.001416708819637303	0.0013993770722948958
GM.5.0.bZIP.0061	0.0014917794723768136	0.0016797186640919917	0.0015268765662611046	-0.0015687412077765195	-0.0014941688679125109
GM.5.0.Unknown.0193	0.0016235332145911443	-0.0016689197955364807	-0.0014808217397986106	0.0015805813233113425	0.0015490233560761979
GM.5.0.STAT.0008	-0.0014055272338045477	-0.0013353724903177467	-0.0014561830678260373	0.0014853159334729826	0.001407837624179607
GM.5.0.Mixed.0006	0.001466433429413399	0.0015290635893567964	-0.0015808518652614583	-0.0014411298878995312	-0.0016108921770768654
GM.5.0.CxxC.0001	0.0015078940483688292	0.0014377239165238051	0.0016454048224580915	-0.0014847798673167875	-0.0018630464605379766
GM.5.0.Homeodomain.0146	0.001376288726565358	0.0014063126608947164	-0.00134163209200389	0.001351098951514279	0.001421602754573149
GM.5.0.C2H2_ZF.0239	-0.0015041634473276508	-0.0015245372841891868	-0.001478888371446372	0.0015337369361304947	0.0017255758173200595
GM.5.0.Unknown.0185	-0.0015242315269708053	-0.0016238754254982264	0.001539690987471234	0.0015940319485432538	-0.001603812951633889
GM.5.0.C2H2_ZF.0255	0.00138080036629543	0.001592029435156472	0.0013449219130361489	0.0013668062685276024	0.001325468409662123
GM.5.0.SMAD.0018	0.0014897671153923824	0.001685751039759124	0.0015914509579747626	-0.001617847785266291	-0.0015024663670911839
GM.5.0.C2H2_ZF.0192	-0.0014424687510873801	-0.0014614187264505277	0.0015496740667982722	0.0016918723572660768	-0.0014490862329955337
GM.5.0.Homeodomain.0184	0.0013722959860082953	0.0013216378898784074	0.0012740729000254554	-0.0013240473856030654	-0.001401945291337536
GM.5.0.Homeodomain.0194	-0.0011274235380767527	0.0009058638599334809	0.0009719454347194929	0.0010395654257977164	0.0009155764695206202
GM.5.0.Nuclear_receptor.0082	-0.001563404729161958	-0.0016589796944997345	-0.0018011638014920873	0.0017023205956038423	0.0016629270809243144
GM.5.0.Mixed.0050	0.0014350196998027473	0.001628034619150784	0.0015655899664160139	-0.0015050136964165123	-0.0016716172284127896
GM.5.0.Grainyhead.0008	-0.0014991104178318363	-0.0015849943063398634	0.0015008564937524533	0.0015217170265962438	0.0015864524106437628
GM.5.0.Unknown.0047	0.0017226259171930095	0.0015203580160549908	-0.0015508448990525794	-0.0016296178683440432	-0.0015406722842044988
GM.5.0.C2H2_ZF.0012	-0.0013895252082926992	-0.0015870753391158566	0.0015124421981143141	-0.001395631212826358	-0.0015488701764351145
GM.5.0.Mixed.0031	0.0015839564426130537	0.0015316511447352422	0.0015454763875601624	-0.0015693653286094342	-0.0016065925326518738
GM.5.0.Paired_box.0017	0.0015451955376625903	0.0015187231217241599	0.0015118824833772354	-0.0013854762065527468	-0.0015012535520394917
GM.5.0.GATA.0022	-0.0016239713516425195	-0.001671630740223585	-0.0015439204791024427	0.0014574541083104272	0.0015537831589720957
GM.5.0.Nuclear_receptor.0069	0.0015561839607950876	0.0014320826310755465	0.001510064587337423	-0.0016226383868358616	-0.0014829194802357865
GM.5.0.C2H2_ZF.0114	0.0013781237612890771	0.0017066513272522438	-0.0016850905116609133	0.0015978079999977805	0.0015763650941899882
GM.5.0.C2H2_ZF.0151	0.0015279594888441311	0.0016980317186150963	0.001507649609916936	-0.0015272815824344604	0.0015371511558475582
GM.5.0.Unknown.0017	-0.0017463105982696233	-0.001530935714152269	-0.001535005848944021	0.0015170920450172864	0.0015470871583353385
GM.5.0.Grainyhead.0001	-0.0017446883860039264	-0.0017428272387461589	0.001503960997656773	0.0015698824051373686	0.001495157853905376
GM.5.0.C2H2_ZF.0087	0.001367464340030697	0.0013835782977547875	-0.0014662157988137266	-0.0014275901996570006	0.0013916503274683026
GM.5.0.Unknown.0044	-0.0012982387109355359	0.0014458472121216756	0.0014828871733447884	-0.0016867657691419236	-0.00164371390655533
GM.5.0.TEA.0006	0.0015258304664102793	0.0015474961861422535	-0.001558015476656372	0.001623796610257055	0.0014362403604079766
GM.5.0.Homeodomain.0044	-0.0015027867675583809	-0.0015577575465386515	-0.0014263407558269727	0.0016141642589389972	0.0015525474333238556
GM.5.0.ARID_BRIGHT.0003	0.0014794629177352864	0.0015300558596987946	0.0014103870249830954	-0.0015725442466584375	0.0015510009710945855
GM.5.0.Homeodomain.0165	-0.0014833417726459646	0.0015271113115261246	0.0015866673570016404	-0.0015183386718589675	-0.0016172638571791468
GM.5.0.Rel.0007	-0.0015424722025346924	-0.0015400411497877235	0.0016084497034840946	-0.0017022032373511598	-0.0015301646331936194
GM.5.0.T-box.0014	-0.0016197059302953797	-0.001487856452070064	0.0015576305204701864	-0.0016863201141247672	0.0015514323756840927
GM.5.0.T-box.0025	0.0014235387347702726	-0.00163494899852465	-0.0014554747892837029	0.0013649726752964352	0.001536098754695289
GM.5.0.p53.0009	-0.0017245629766759584	-0.00162255774474372	0.0014532307508837807	0.0015772350944369632	0.0016388425761174005
GM.5.0.C2H2_ZF.0257	-0.0016590377937042307	-0.0016499952851241812	-0.00151978278485756	0.001594916858429162	0.0015887227009847805
GM.5.0.GATA.0016	-0.0015467491732849403	-0.0013536398681488326	0.0012591952884714347	-0.0014044826008667653	0.0013326865417686129
GM.5.0.Homeodomain.0195	-0.00153088845134584	-0.0015571069473507154	0.0014782885841456983	-0.0015770368201436463	0.0017831636111759175
GM.5.0.Homeodomain.0189	-0.0014682058282721286	-0.0015648885754404444	-0.0014765494539854382	-0.0016023641997800916	0.0015968874152915615
GM.5.0.Unknown.0066	-0.0014392284290255864	-0.001500558650266327	0.0013729272297394934	0.0014495506186937006	0.0014719314966929087
GM.5.0.T-box.0010	-0.0014880995393713925	-0.0017055242472212215	-0.0015701617406326154	0.001505987116186399	0.0016027779691667864
GM.5.0.CUT_Homeodomain.0010	0.0015163815518523674	-0.0014629778419549852	0.0015676374950269777	-0.0014874717336260757	-0.0017028117237009469
GM.5.0.TEA.0002	-0.001705645424816648	-0.0017571620376836254	0.0015938165720270796	-0.0015197434171822133	-0.001498256888407027
GM.5.0.bHLH.0084	-0.0014915011678287716	-0.0013887253605017178	0.0012760398665366277	0.0014408464824591056	0.0014654159490359794
GM.5.0.Nuclear_receptor.0080	0.0014878687761501368	0.0015753150005944237	-0.0016930413956366922	0.0014515202103582616	0.001607869206212168
GM.5.0.Unknown.0005	0.001588981348456638	0.001591658652955053	0.0015188495612372833	-0.0015809385616797967	-0.0015528627287353387
GM.5.0.Myb_SANT.0007	0.001621566748637311	0.001700393842180708	0.0014631909515619745	-0.0015668883112809084	-0.0016276901774662672
GM.5.0.Nuclear_receptor.0063	0.0015770140400939037	0.0014941072889475635	-0.0014029419432616034	-0.0014983728329569918	0.0014895067743920006
GM.5.0.Homeodomain.0199	0.0016967774480734627	0.0015700332048771048	0.0015713130720513718	-0.001512012768850987	-0.0015723516837252522
GM.5.0.Sox.0022	0.0014603638016373764	0.001407340927843176	0.0014673964944131915	-0.0016104387523489993	-0.0016545050735650563
GM.5.0.Homeodomain.0132	-0.0015195174475620323	0.0016114644913074031	-0.0016102327372046346	0.0015462081592781452	0.0015281296174997278
GM.5.0.C2H2_ZF.0202	-0.0016589455174486273	-0.0015579844863149303	0.0014635004437277249	-0.0015773055779157974	0.0015352021946302829
GM.5.0.bZIP.0094	-0.0014731700573334212	0.0016288855920522675	-0.001600886665594403	-0.0014974578289089712	0.0016055322351891208
GM.5.0.bZIP.0070	-0.0015063789527193087	-0.0014792150924549227	0.0014926793704353792	0.0016360586412398639	0.0016650130519262074
GM.5.0.C2H2_ZF.0278	0.0015245902123553947	0.0014989531229860952	-0.0013434901802136343	-0.0015828736033877367	0.0015939797251107734
GM.5.0.Unknown.0018	-0.0015689967963924195	-0.0015048861100475691	0.001554143985933802	0.0016828386277002291	-0.0016101632961214357
GM.5.0.STAT.0013	0.00160516597180455	0.001576220660294219	-0.0015190311281350233	0.0016366539370284688	0.0015709404350149369
GM.5.0.SMAD.0009	-0.0015847011610307777	-0.001861191192145284	0.0015526998998744437	0.0016025858200881566	0.0015779085633765002
GM.5.0.bHLH.0086	-0.0015134630211818755	0.0014123809366617952	-0.001394655017498086	0.0015433022192959537	0.0016112192337009506
GM.5.0.C2H2_ZF.0149	0.0011649254824116538	0.0011428817980212668	0.0011133638529419669	0.0010552464348473442	0.0010718364780033425
GM.5.0.RFX.0014	-0.0013311148917164665	-0.0015225124651095765	0.0013645196465308634	0.0014930056628198495	0.0015846569586082041
GM.5.0.Paired_box.0010	-0.0017372855390996491	-0.0016255684370697148	0.0015292522284667534	-0.0016186368308646118	0.0015745757677800363
GM.5.0.THAP_finger.0006	-0.0013587426874729575	0.0013458495075463139	0.0015260701946917205	0.0014278459730188613	0.0013835450744275435
GM.5.0.ARID_BRIGHT.0005	0.0015072135727383959	0.0015432473792451177	0.0014115094891548198	-0.001448191774056946	-0.0016321686094596252
GM.5.0.bHLH.0061	-0.001591913062687956	-0.0017846784739110806	0.0016206109973836863	0.0016371132968558194	0.0016443607611238988
GM.5.0.Unknown.0077	0.0013648456876905882	0.0012275121493214077	0.0014756742888716338	0.0014425399389732779	0.001290693663625856
GM.5.0.C2H2_ZF.0249	0.001657207695807891	-0.0016836463042024235	-0.0015155498905360485	0.0016697841879821603	0.0015821282105262
GM.5.0.bZIP.0076	-0.0015923061086580187	0.0016088156973032878	-0.0015713970374154704	0.001584902198050058	0.0016482004063222847
GM.5.0.C2H2_ZF.0157	-0.001511847097931696	-0.0014259295870334965	0.0014846640727682078	-0.0015205995062882096	0.0015890111200879595
GM.5.0.C2H2_ZF.0069	-0.0015028609570133654	-0.0016626532038653192	0.001644252650254227	0.0016133604254040116	0.001636768966603232
GM.5.0.MADS_box.0016	-0.0015086631222655542	-0.001592898960823298	-0.0015561402909427206	0.001645328279372045	0.0015087044343394052
GM.5.0.C2H2_ZF.0240	-0.001586914979967456	-0.00156317093977662	-0.0014314534211865568	0.001484347034739138	0.0015672259967224808
GM.5.0.SMAD.0015	-0.0014904674160587208	-0.0015483376660827932	0.001556126102143826	0.0014224512996594036	0.0015679358811139315
GM.5.0.Sox.0017	0.0014176230331289744	0.0017204774016560751	-0.001600368015940926	-0.001618799590338387	0.0016172676360695435
GM.5.0.Nuclear_receptor.0090	0.0011074042352131259	0.0010223292830051072	0.0010623379056705997	-0.001017750653389879	0.0010840934401493854
GM.5.0.bZIP.0079	-0.0015464869905476863	-0.00143471925429382	-0.0015490425804441958	0.0015527024682695436	0.0015654893781233232
GM.5.0.C2H2_ZF.0226	0.0015746596748008601	0.0014593841718161973	0.001429415000178336	-0.0014551042804241984	-0.0015733173308962259
GM.5.0.GATA.0028	-0.0015245492325388832	-0.00163857169471926	0.001468347172511218	0.0014622612567995652	-0.0015864042083357697
GM.5.0.Ets.0018	0.0015843528297884765	-0.0014314661155525844	0.0013122509460117935	0.0013122044143407824	0.0012404294553979044
GM.5.0.Unknown.0103	0.0015978384366787193	0.00155902138806019	0.0013008269918837855	0.001555779442760263	0.0015346534043294648
GM.5.0.Forkhead.0048	-0.0016824251359789703	-0.001445201106270302	0.0014960658700672424	0.0016480962757275256	0.0014195484561127605
GM.5.0.Unknown.0074	-0.0016490693361541553	-0.0016466785603542957	0.0014318266386569407	0.0016768937272761447	0.0015498003900930191
GM.5.0.HSF.0003	0.0015768030962748768	0.0016825377057245498	-0.0015683567353851732	-0.001577723577753335	-0.0015079375353621862
GM.5.0.Unknown.0034	-0.0016107012202191682	-0.001517446855573104	-0.0014603357861572323	0.0016238143192576103	0.0016202780736587913
GM.5.0.Homeodomain.0118	-0.001326559053954017	-0.0012558102219641836	-0.0013396703093158655	0.0013126747899477522	0.0014972088066922743
GM.5.0.bHLH.0129	0.0015378769364088446	0.0015583331557934975	-0.0014556674148551373	-0.0015586631701442666	0.00157644641932474
GM.5.0.Rel.0005	-0.0013324758482276071	0.0014598331354379076	-0.0015057256684756959	0.0016283388778291692	0.0015901032136700372
GM.5.0.T-box.0022	0.0015833578566838205	0.0016697904285785333	-0.0015004872261080084	-0.0015872781792672403	-0.0016937699100662332
GM.5.0.T-box.0023	-0.0014780321032494591	-0.0015624775920166038	0.001574104255080378	0.0016833936660590612	0.001578872703351375
GM.5.0.Unknown.0098	-0.001529704919041646	-0.0015023532708262797	-0.0015113373484181162	0.0015473521624057354	0.001521859770256209
GM.5.0.Homeodomain_POU.0004	0.0016340695468117128	0.0015158427389104572	-0.0014082940270100854	-0.0015276904063017903	-0.0015890989669401629
GM.5.0.bZIP.0091	-0.00154598082691606	-0.0014998378828230518	0.0014392405281554769	-0.0014932280913595908	0.0016826806262977773
GM.5.0.Mixed.0057	-0.001486715669610469	-0.0015195890060165948	0.0015168697896132113	-0.0014292432839550658	0.0015383436693991745
GM.5.0.C2H2_ZF.0238	-0.0015921441276305103	-0.001577333241367789	0.0016664880698983365	-0.00157358591536713	-0.0015538762887330603
GM.5.0.bZIP.0102	-0.0013450976664110207	-0.001497862447809795	-0.0013117489336201798	0.0015570085312557294	0.0014557949664210212
GM.5.0.HSF.0006	-0.0016111270348115878	0.0015081399355930968	0.0014969813986177116	0.0017190607662289983	0.0016534874300450926
GM.5.0.Paired_box.0011	0.001498757185825528	0.0017664508582550672	-0.0015075969510915104	-0.0014559904546993232	-0.0015767838667068669
GM.5.0.C2H2_ZF.0075	0.0012184468779832273	0.0013277597542364428	-0.0014705300929785004	0.001317738366611615	0.0013174903113550723
GM.5.0.C2H2_ZF.0251	-0.0015579215991676349	-0.0017635281720856785	0.0013837414739026831	0.0016255411903878508	0.0015304207136927525
GM.5.0.Sox.0024	-0.0014769638674901992	-0.0015915396561857608	0.0014356370412272948	0.0017255243019069456	0.001486333788117755
GM.5.0.Paired_box.0001	-0.0015860376527839254	0.0014817398303449932	0.0014729105676617683	0.0016399330274124476	-0.0015693461993161034
GM.5.0.C2H2_ZF.0282	0.0017048527878426646	-0.0014133081273574434	-0.0016147393236184446	0.0015834653449175787	-0.001490998201417022
GM.5.0.C2H2_ZF.0056	-0.0017474314808725436	-0.001513556646204497	0.0015828449309119546	0.0014854803739421656	0.0014122063734952667
GM.5.0.Nuclear_receptor.0112	0.0014566337408195337	-0.001690851987090665	-0.0020001527551802584	0.0017552104358450693	0.001759831803782916
GM.5.0.C2H2_ZF_Homeodomain.0003	0.001798754661408029	0.0022338426606268898	0.0012690194985794778	0.0015930527521744043	0.0015824994637733628
GM.5.0.MADS_box.0011	-0.0015427035761631056	-0.0015612709513214587	0.0017673575710189823	-0.0014081666570949162	0.0016365480831004328
GM.5.0.AT_hook.0002	0.0014423394231951345	0.0014806184136163228	0.0016329115108181971	-0.0016943564077230864	-0.0017527301595318399
GM.5.0.Nuclear_receptor.0145	-0.0015497511890371065	-0.0015127046552550901	0.0014987544953963992	-0.0014667116543726495	-0.0015286009068022502
GM.5.0.bHLH.0054	-0.0015523686537574947	-0.001427240953502547	0.0014765587972825817	0.0014834439508892717	0.0015835984650224004
GM.5.0.C2H2_ZF.0277	0.0016531599548160758	-0.001575252758050023	0.0015184902259838457	-0.0014598665127855375	-0.0016558332179715056
GM.5.0.Nuclear_receptor.0133	-0.0014360833453410324	-0.0013971178269805307	-0.0014778597346992684	0.0014763967227868914	0.0015920702882937499
GM.5.0.Unknown.0106	-0.0014864034091135049	-0.0014946461566219438	0.0016406555292762493	-0.0015333704769330992	-0.001677213477619581
GM.5.0.Homeodomain.0185	0.0015306228584529285	0.0015343109516708358	-0.0016441776718740008	-0.0015240048982098848	-0.0014991863024121095
GM.5.0.bZIP.0021	-0.0016813480059232127	-0.0015746599677479822	0.0014529420632441669	0.0015970816596198717	-0.0016597389731339079
GM.5.0.C2H2_ZF.0310	0.0015116678568859987	0.0015218352885764301	0.001516545863662733	-0.0015862762095481958	-0.0015381700126422184
GM.5.0.THAP_finger.0005	0.0015038065174224965	0.0015076752737436241	0.0014898341261145838	-0.0016131786081470818	-0.0016057543120091187
GM.5.0.Unknown.0019	0.0014503256382808112	0.0013970564303742378	0.0015669144546289731	-0.0015390275990703282	-0.0015285354780751755
GM.5.0.GATA.0006	-0.0016409678688917015	-0.0016111303296330788	0.0014412198654275069	0.0015042605161093151	0.0016364892913522124
GM.5.0.Homeodomain.0161	0.001544772306647926	0.0016488820782382336	0.001389153419383052	-0.001612058017269568	-0.0016185274042215994
GM.5.0.Unknown.0001	-0.0014711024333955269	-0.0014501114503451755	0.0013977869734463238	0.001603650235547001	0.0015793141604574683
GM.5.0.C2H2_ZF_Homeodomain.0002	0.0011419272977398216	0.0011014097808656979	-0.003192098039486093	0.0013410321941175662	0.0011083672558595658
GM.5.0.GATA.0015	-0.001861511221555875	-0.0016476900303489036	0.0015722677201285664	0.0015805944697581233	0.0014638121365359966
GM.5.0.MADS_box.0008	-0.0016802117327206082	-0.0016400206495164932	0.0014582182228207547	-0.0016908376304612248	0.0015986176077336127
GM.5.0.C2H2_ZF.0196	-0.0016378929046984292	-0.0015970400499980956	0.0014537419560819768	0.0016277733950260831	0.0015013505373541905
GM.5.0.bZIP.0086	0.001401931008021704	0.001596722501269573	-0.0014235935555539456	0.0016666393611693322	-0.0016093873649191618
GM.5.0.C2H2_ZF.0115	0.0014283569646910855	-0.0014892492374344193	0.001531195245854929	-0.00143148415124839	0.0014101775613589562
GM.5.0.Nuclear_receptor.0147	0.001533688374267292	-0.0015966932355980302	0.0015305844889133824	-0.001527285247218354	0.0014723559840304854
GM.5.0.Unknown.0075	-0.0016398777983343258	-0.0014714046636963571	0.0015569964293030585	0.0015210218208031616	-0.0014227376382107751
GM.5.0.C2H2_ZF.0253	0.0015450282026109293	0.0015142208602159273	-0.0015519482254723225	0.0016016900553378407	0.0015442378060119585
GM.5.0.C2H2_ZF.0176	0.0015746298582225463	0.0015548349250924627	0.001622380962187964	-0.0015212649768595818	-0.001580024309317096
GM.5.0.p53.0002	-0.0014451479260251792	-0.0016685589976189188	0.0015033796421287627	0.0015571395094519014	0.0015567429433836347
GM.5.0.DM.0007	-0.0016526640842692525	-0.0015683180412348983	0.001465081782983606	0.0015815625211169926	-0.0015174930990761032
GM.5.0.Homeodomain.0125	-0.0016126923680886023	0.001545800536481923	0.001462908815610585	-0.0016418213285610945	-0.0015130376225660212
GM.5.0.bZIP.0099	0.001536936086632288	0.001428671342354946	0.00165593046084247	-0.0016272091238168488	-0.0015489816724183459
GM.5.0.C2H2_ZF.0124	-0.0016372748290528214	0.0016693671079224964	0.001664036635275103	-0.0016165631231540756	-0.001622639655427199
GM.5.0.Homeodomain.0148	0.0015012127649543447	0.001263567166463289	-0.0014107650255810408	-0.001435227562440722	-0.0014274981361135932
GM.5.0.Sox.0035	-0.00149366169674117	0.0015328805243441943	-0.001499287052307153	0.0016590995673470233	0.0016315625254483242
GM.5.0.Myb_SANT.0002	0.0017002621631330192	0.0015905087942547714	0.0013415275756109085	-0.0015461010952428703	-0.001728803379509218
GM.5.0.Rel.0013	0.001598225680827085	0.001664829788248908	-0.0014040041909943565	-0.0015901140564626476	-0.0015564534706875262
GM.5.0.Mixed.0008	0.001559377052342294	0.001564180060789264	-0.0012724450328415423	0.0012796679462717916	0.0013362853247965859
GM.5.0.GCM.0001	-0.001477370660954155	0.0015344690094861082	-0.0015733055206770144	0.0015031654822343068	0.0014780537356777728
GM.5.0.bHLH.0059	-0.0016023329479314214	-0.0016279667022015601	0.0015987369387670466	0.0015383011090207579	0.0016522364621715557
GM.5.0.Homeodomain.0172	-0.0016663834325341717	-0.0015917875865105735	-0.0014482133545720478	0.0016170957730309505	0.0015551221934799629
GM.5.0.Ets.0028	-0.0016206501359645933	-0.0017596099220746205	0.0014968915315665072	0.0014566355990800466	0.0016545082401045257
GM.5.0.Ets.0046	0.0021684439938119333	0.0016686932617953282	0.0009000749991566855	-0.0015195663503734384	-0.0020281581602814526
GM.5.0.Homeodomain.0135	0.001546679909028766	-0.001441560864503701	0.001452747573381377	-0.0016969427081701546	-0.0015377317766439205
GM.5.0.Homeodomain.0192	0.0014188382300467544	0.0014337193471623422	0.0015823327320655842	-0.0015478469725886035	-0.00147204440069107
GM.5.0.Unknown.0126	-0.001698470288291547	-0.0016502482749910915	0.001514773840536653	-0.0016058597959771924	0.0016773676892089817
GM.5.0.C2H2_ZF.0185	0.0016286426399449495	0.0015967362965231121	-0.0015967048927267974	-0.0014803634311092565	-0.0015332133783934616
GM.5.0.C2H2_ZF.0301	0.001482155189804313	0.001668843625897216	-0.0015014065459011533	0.00156714512169766	-0.001528402038033235
GM.5.0.Nuclear_receptor.0109	0.0015877507548656682	0.0015991350410219502	0.0014425867417803123	-0.0016405611127294313	-0.0016557650937469015
GM.5.0.Unknown.0070	-0.0015637838655715196	0.0017700039486860481	0.0015242481515634326	-0.0015463622953902	-0.0016317027267246096
GM.5.0.C2H2_ZF.0248	0.0015336054336227416	0.0013026069336354235	0.0011878617354679293	-0.00132766007282684	-0.001346236426604545
GM.5.0.Forkhead.0027	-0.0014402129727040735	0.0016026422132148983	0.0017655709212282072	-0.0016269662318294828	-0.0015656431168518494
GM.5.0.GATA.0021	-0.0015854420914228893	-0.0015795771378663162	0.0015521723148409626	0.001548433961331328	0.0016002864447752336
GM.5.0.Mixed.0074	0.0015012109582291822	0.0016761100074519902	0.0014884717808279727	-0.0015095894061201887	-0.0015834396685063899
GM.5.0.Homeodomain.0098	-0.0014781203500611806	-0.0015069735011804686	0.0015295880393734094	-0.0015536760229905213	-0.0015315767609020564
GM.5.0.Mixed.0100	-0.0017273365587413144	-0.001498571542986533	0.0015132473015756459	-0.0016734406438954302	-0.0016023725891819553
GM.5.0.bZIP.0083	-0.0014546022501490622	-0.00152752044487592	0.0014629712976001281	0.001565175949900266	0.0015247646372586036
GM.5.0.Myb_SANT.0017	0.0014347074441492863	0.001473006522349727	-0.0015639969533195357	-0.00161486283257508	-0.0016356964199660288
GM.5.0.IRF.0012	0.0014911001244085217	0.0014393609835778377	0.0015488754574636825	-0.0016240732066798128	-0.0018088095785361133
GM.5.0.Mixed.0062	0.0015019973786148835	0.0015473779404114388	0.001562889471949843	-0.0014651267645011546	0.0014951091161952304
GM.5.0.Mixed.0061	0.0015128833351100634	0.0016884456076133375	0.0014762812912160713	-0.0014293218983612251	-0.001487089373674373
GM.5.0.Nuclear_receptor.0079	0.001616964064099242	0.0016452612963575677	-0.0014152586583307315	-0.0016866549899920821	-0.0016355280703144054
GM.5.0.Paired_box.0002	-0.0014112647436842463	-0.001602570665471695	0.0015387848215831573	0.001585138287367261	0.0014384111727407936
GM.5.0.MADS_box.0019	-0.00149453585767653	-0.001302824642290419	0.0014181241445172651	0.0015330727530119398	0.0014542518416307754
GM.5.0.bZIP.0065	0.0016123240413700036	0.0015604148166396227	0.0015985564413151167	-0.001583788698262492	-0.001556680837864254
GM.5.0.bZIP.0067	0.0015808428720629712	0.0017246587438428333	-0.0015311104033849934	0.0015843270450950331	-0.0015469697052588702
GM.5.0.C2H2_ZF.0036	0.0014953411158328046	0.0014333678419254144	0.0016175430651926362	-0.0015512418403615617	-0.0015466861612342645
GM.5.0.Unknown.0060	-0.001635122367333681	-0.001616552275299811	0.0014591932529255675	-0.001558325846379929	0.0016168274723360574
GM.5.0.Unknown.0036	-0.0014127789969292967	-0.001506833818656337	0.0014918636603010785	-0.001582462492030476	0.0017016494888000139
GM.5.0.Rel.0019	0.0015358510333458777	0.0016223359039060554	0.0015422621602571107	-0.0015245125058199359	-0.001712655804243205
GM.5.0.Mixed.0056	-0.0015407222654357316	-0.0015861930089227302	0.0015126715952738768	-0.0016273095971314577	-0.001559210311056659
GM.5.0.C2H2_ZF.0200	0.0016052591644634968	0.00157785441058198	-0.0015638589554825858	0.0014945462199623658	0.0015061722013537738
GM.5.0.C2H2_ZF.0131	0.0015566237692312595	0.0015939247800318733	0.001544465768123935	-0.0015876441850423725	-0.0016248875495099501
GM.5.0.Homeodomain_POU.0025	0.0014517442319971745	0.001638149691549234	-0.0015351017990012043	0.0014328097881359941	0.0015129976640622267
GM.5.0.Unknown.0180	-0.0016441836046247051	-0.001621115274343363	-0.0016519074465898905	0.0014898485708076227	0.0014884410974853066
GM.5.0.THAP_finger.0004	-0.0014727001118644651	-0.0016182956545792628	0.0014602949641717524	-0.0016178830827606305	-0.0015692844276758615
GM.5.0.Unknown.0082	-0.0015552543172234617	-0.0016685222489245513	0.0014935905676723524	-0.0016105900195204788	-0.0014513543365481001
GM.5.0.TEA.0004	-0.0016227934441869199	0.001581794799885091	0.001609576641220557	-0.001656294329165771	-0.0015951530104400028
GM.5.0.Mixed.0013	0.0014853849915228495	0.0015594836809278599	0.0016360234306295515	-0.0015071953662434282	-0.001592394127186229
GM.5.0.Unknown.0108	-0.0015157464718651961	-0.0017524682397272457	-0.0015269425662925568	0.0016412445144580428	0.0015598076446240183
GM.5.0.Homeodomain.0187	0.0015053568610905721	-0.0014650170506125774	0.0014534343677921184	-0.0015770910561472402	0.0014835256238278668
GM.5.0.C2H2_ZF.0077	0.0015727016744880532	0.0016081139926593787	0.0015970063520939545	-0.0016619641264057497	-0.0016137622961214205
GM.5.0.DP_E2F.0001	0.0017110601263449251	0.0016546005169653607	0.001456211335632926	-0.0015235229200034031	-0.0017349559411336693
GM.5.0.Unknown.0009	0.001697986045034027	0.0014525580941142935	0.0014263953334890287	0.001544450348549311	0.001556170081575971
GM.5.0.Paired_box.0022	0.0015500158087422772	0.00130452388014833	-0.0013598883854525417	0.001314504478734177	-0.0013186678645705694
GM.5.0.bZIP.0027	0.0015007701309121336	0.001644507661643301	-0.001508104288470703	-0.0015794304081176618	0.0014776298131526145
GM.5.0.Homeodomain.0082	0.001446679858388194	0.0015154940462378055	0.0014356908924119127	-0.00146561188776911	-0.0014053298715345748
GM.5.0.C2H2_ZF.0195	-0.0015154701038957016	-0.0015552158482452585	0.0014239923177340767	-0.0014884362298273382	-0.001480316280153087
GM.5.0.Rel.0024	-0.0015081850577751113	-0.001596064648421837	-0.001579625760638004	0.001568476794411972	0.0015048966891030176
GM.5.0.bHLH.0019	-0.001806365040463059	-0.0017621549301467326	0.0016079812926600154	0.0015687103798589814	0.0014769779730670234
GM.5.0.SAND.0007	0.0014837221680708069	0.0016843275612472065	-0.001531646973414678	0.0016711026429261683	-0.0016349951673513307
GM.5.0.Homeodomain_POU.0026	0.0013994939701063574	0.0017086159306104016	0.0015143408815048922	-0.0016345494548019772	-0.0015502688504894886
GM.5.0.C2H2_ZF.0134	0.0014553905041074977	0.0016181365889382992	0.001387877633098066	-0.0015400416317575948	-0.0015924388953521072
GM.5.0.C2H2_ZF.0260	0.0014443374157788052	0.0014936905515337204	0.001571733840004624	0.0013809167365160671	0.001336707067487117
GM.5.0.MADS_box.0018	-0.0016668869437173708	-0.0015655241932377992	0.0015239799746286015	0.001545345314515409	0.0015857683490753504
GM.5.0.p53.0004	-0.0014615295643208637	-0.0016652894803660268	-0.0014495244067213218	0.0015677577727898904	0.0015387027727975589
GM.5.0.Ets.0021	0.0016238074124723084	0.0015931605190947845	0.0015741284298731182	-0.0015634719072785907	-0.001634794078847844
GM.5.0.T-box.0002	-0.001525135473069781	-0.0015743797940348581	0.0014650148486193163	0.001544432142745947	0.0015448172861376895
GM.5.0.Unknown.0055	-0.0014371344085501558	-0.0016053159348183219	0.0016890959412632883	0.0016743906853188295	0.001676175658467622
GM.5.0.Unknown.0100	0.0015411816562079397	0.001491737954008413	0.0015327870225244793	-0.0015146152222848454	-0.0017639023526116486
GM.5.0.C2H2_ZF.0140	0.0014361384236682576	0.0014949564639184904	-0.0013692138935853975	-0.0014683235659661922	-0.00153549832859505
GM.5.0.C2H2_ZF.0032	0.0015786045069789067	0.001633640615987222	-0.001472608056547766	-0.0015718192245898356	0.0014581445497961697
GM.5.0.Mixed.0072	-0.0016571319685007933	-0.001603010643073391	0.0014916278094388518	-0.00157299997027104	0.0015693640629451896
GM.5.0.Unknown.0043	-0.001481847282258098	-0.0014198352762197974	0.001365912883670097	0.0013717191698133172	0.0013651581648650337
GM.5.0.Nuclear_receptor.0001	-0.0014883890867028033	0.0017448643664148681	-0.001696975025399059	0.0016082358239704949	0.001662768188673737
GM.5.0.C2H2_ZF.0108	-0.0014684599900479766	-0.0015314181598806641	0.0015248124130891178	-0.0014699149269829731	-0.0015874855377806935
GM.5.0.Mixed.0076	0.0014574348392207622	0.001511734775535797	-0.0015887569267571985	-0.001625588982399664	0.0015056049175796865
GM.5.0.AT_hook.0006	0.0015583004677167842	0.0014641848499019477	0.0015720902401805158	-0.0014709423446446757	-0.0016069964701335624
GM.5.0.STAT.0014	0.0015434589654255459	-0.0015937915502651841	0.0015977622460910017	-0.0017101559511047977	-0.0016556986539708134
GM.5.0.Mixed.0063	-0.0014396348967632541	-0.0016370762429886367	0.0015037744508195306	0.0015175704956763606	0.0016549287184250215
GM.5.0.Unknown.0084	-0.0016545726160840607	0.0015578181543131507	0.0018878423081068315	-0.0016380560308361033	-0.0019034030264540721
GM.5.0.Mixed.0058	0.0012470459827755049	0.0012320392899773348	0.001108136790430337	0.0010206324237718176	0.0011409729104741532
GM.5.0.C2H2_ZF.0230	-0.0015375969371856748	-0.0017281957698752311	0.0015272942060476449	0.0017175256932259525	0.0015625450136033353
GM.5.0.TEA.0008	-0.0015340484255261782	-0.001550308099643198	0.001459796569019066	0.0015338949410992678	0.0015955225719017948
GM.5.0.Paired_box.0015	-0.0015398584330786186	0.0015872586998617146	0.0015141948971819394	0.0015808832421928206	-0.0016840406844639488
GM.5.0.Homeodomain.0113	-0.0017031972543958167	-0.0017788552147231273	0.001516115492291913	-0.00154561577818221	0.0015317367985973876
GM.5.0.C2H2_ZF.0078	0.001527053890802727	-0.0015302182816763477	0.0014026395236683745	-0.0015204248492034235	-0.0015080756465535336
GM.5.0.Homeodomain.0003	0.0015037891123842633	-0.001498979922243496	0.0014907773867282106	-0.0014511547830725203	-0.0015927334581383459
GM.5.0.Mixed.0041	0.001468350771678857	0.0015158283285386794	0.0015681134424300961	-0.001673897710685989	-0.0015642873378613317
GM.5.0.Forkhead.0031	0.0015050273825378104	-0.0014638653191313144	0.0015587751326199026	0.0016224505790374474	-0.0015009528895201696
GM.5.0.Mixed.0073	-0.001475326023559276	0.0016061481299719726	0.0015644367376924611	-0.001620072713750105	-0.0016458762763074068
GM.5.0.GATA.0001	-0.001710633982357759	0.0014868877312068168	-0.0013480699242252227	0.001705246863620873	-0.0016415659938056584
GM.5.0.Ets.0019	0.0015504182114533696	0.0015934635401184986	-0.0015499525324626652	-0.0015442351825542507	-0.0014779797450538675
GM.5.0.C2H2_ZF.0252	-0.0014965071657086384	-0.001562027896450247	0.001561102873372509	0.0015249996504429326	0.0016030218408342118
GM.5.0.Sox.0036	0.0014769081526966764	0.0015448038043657448	-0.0014621431470392369	-0.0015296668630530121	-0.0015425036814358491
GM.5.0.IRF.0003	0.0015659136439881973	0.0013549437052698897	0.0013792917661381696	0.0012735638271526343	0.001478127994765874
GM.5.0.C2H2_ZF.0049	-0.0015567931596235842	-0.0017602184845339518	0.001568958519054445	0.0015888252092705164	0.0016716520336961607
GM.5.0.Myb_SANT.0001	0.0015629799312779698	0.0015640181808924056	0.0015480481577576147	-0.001726252839331198	-0.0015744947180375288
GM.5.0.bZIP.0034	0.0015202105576511455	0.001501687299232105	-0.001556149314327712	-0.0014925148189265727	-0.0015600110011531076
GM.5.0.Nuclear_receptor.0054	0.0014727208644187487	-0.0015064133550789366	0.0014866050654019302	-0.0014580189653283931	-0.0013785496067644045
GM.5.0.Nuclear_receptor.0094	-0.0015861553838332051	-0.0015066595919481338	0.0017373007943757212	-0.0016596515096006107	-0.001622462985538939
GM.5.0.Homeodomain_POU.0024	0.0015896286289194125	0.0016209271009335908	0.0013642015099412262	-0.0015741937919821715	-0.001626323054028108
GM.5.0.GATA.0020	-0.0015115496982220026	-0.0016050211183899763	0.0014507575424216842	0.0015702844124656791	0.0015567449793791308
GM.5.0.C2H2_ZF.0267	-0.001687447589177326	-0.0016370654079946253	0.0014452931262139714	0.0015060626115407352	0.001579374577717342
GM.5.0.HSF.0007	0.001444062493525467	0.0016524629525792997	-0.001487172457704504	-0.0015713701243428265	-0.001531175883288532
GM.5.0.C2H2_ZF.0098	-0.0014734156746813688	-0.0016930159166128386	0.0016015032133789777	-0.0014993871410442616	0.0015606052084812172
GM.5.0.bHLH.0024	0.0014540146160246748	0.0014562539467101602	0.0014435200673802511	-0.001507218791890614	-0.0014190398321453405
GM.5.0.Unknown.0003	0.001281598863558453	0.001402157755396569	-0.0014657092046302521	0.0014120446696009314	0.001552521651384191
GM.5.0.C2H2_ZF.0265	0.001504344840714058	0.0015397798611060355	-0.0015123690211866062	-0.0015988802348769178	-0.0016039377957321125
GM.5.0.Homeodomain.0170	-0.0013628470101706158	-0.001324211164773586	-0.0015447214065674362	0.0014753221031301583	0.001520469045929096
GM.5.0.C2H2_ZF.0011	-0.001522012000067999	-0.0015800789363774692	0.0015343013592766363	0.0015186977627965744	-0.0015845995008768265
GM.5.0.Homeodomain_POU.0022	0.0016608650137056719	-0.0015491338176441963	0.0015553857801163548	-0.0016377084399509404	-0.001668845916231243
GM.5.0.Unknown.0046	0.001566869538029589	0.0015078245894255952	0.0015199080378480864	-0.0015613153842697618	-0.0016412440106059458
GM.5.0.Paired_box.0012	-0.0015048186215920068	-0.0015842275862553194	0.0015323493404009669	-0.0016730945986445061	0.0015921703679661733
GM.5.0.Unknown.0038	0.0013922758706234786	-0.0014247510776753617	0.001475110157953612	-0.001397647380678575	-0.0014987469270113765
GM.5.0.bZIP.0089	0.0016700628851486574	0.0015318811500222025	-0.001501039436744339	-0.0015726936291211285	-0.0016092236982936398
GM.5.0.Homeodomain.0046	-0.0014854214433534902	-0.0014273921511007955	0.0012611023296578638	0.0014877171404104191	-0.0015831157729364464
GM.5.0.Sox.0016	-0.0015891666762361631	0.001502623834306756	0.0015915298140026124	-0.001634267266647586	-0.0018031007890965773
GM.5.0.STAT.0017	-0.0013874281851695368	-0.0014863061889723484	0.0014178822647892223	0.0014926827981523874	0.0014289290425736523
GM.5.0.Unknown.0206	0.001683950655044385	0.0014433406905087457	-0.0015185295950829833	0.0015858062654115056	-0.0016041709977079308
GM.5.0.Unknown.0102	0.00166448826258424	-0.0016881319095675843	0.0015428944150427234	-0.001634653786535191	-0.0015274123198186825
GM.5.0.Homeodomain.0150	-0.0015136438931858409	0.001627094871208102	0.0014885109368733822	0.0014820375345276455	-0.0014350700091116872
GM.5.0.bZIP.0092	-0.0015756886931801288	0.001483357947152098	0.0014186877365762489	0.0014826012281797245	0.0015171257712085528
GM.5.0.Forkhead.0050	-0.0015688073345862172	-0.0015753777176348038	0.001816899361894839	-0.001584227951632669	-0.0015211443914773589
GM.5.0.Unknown.0119	0.001686453507178079	0.0015358413174278076	-0.0015293952125332148	-0.0015466766479986036	0.0015811589774933788
GM.5.0.Unknown.0181	-0.0016115230104621445	-0.0014911401886911388	0.0016100245240644663	0.001575843759596106	0.001574204014690581
GM.5.0.C2H2_ZF.0034	0.001679153810866903	0.001570759893602908	-0.001465848818770533	-0.0015203821579911415	-0.0016099873662731442
GM.5.0.E2F.0020	0.0016916007354101461	0.0014397146297613968	0.0014883377927789833	-0.0016038730057941811	-0.0016771130789816904
GM.5.0.Unknown.0024	-0.0011496421398611764	-0.00124843949798893	0.001222486458620541	0.0012001727680044354	-0.001323008656843508
GM.5.0.Mixed.0108	-0.0013778199677733122	-0.0015287727965434094	0.0015777062784402172	0.0016166648185195137	0.0015615018309196782
GM.5.0.Mixed.0037	0.0014984857530794269	0.0014446496603117938	0.0014637120574892792	-0.0016134805808702074	-0.0016006860170780443
GM.5.0.C2H2_ZF.0232	0.0016239514122036725	0.0014613861228585207	-0.0015231829158548406	-0.0015890633868349837	-0.0015336364729550795
GM.5.0.C2H2_ZF.0168	-0.001519918897627295	0.0014556408512040448	-0.0014590255574946794	0.0016267347341812005	-0.0015690151413599574
GM.5.0.Unknown.0093	-0.0016993778991795801	-0.0016004845920239556	0.0018513667164173967	0.0013605685368741904	0.0014292233374793542
GM.5.0.Homeodomain.0143	0.0015317290939924292	0.001446040850560186	0.0015787242410454806	-0.0016376109389842689	-0.0017119464476390053
GM.5.0.C2H2_ZF.0285	0.0015229442784734412	0.0014977985121470909	-0.001560115656410432	-0.001461279553996391	0.0014675610019065206
GM.5.0.Mixed.0087	-0.001582433744725024	-0.0017459792443293028	0.001520446465612081	0.001487745338475185	0.0016429324177863135
GM.5.0.Homeodomain.0042	-0.0013865254984706226	0.0015679412817046381	0.0015592378875016776	-0.001486755207999589	-0.0016375346579335457
GM.5.0.Homeodomain.0080	0.0016409473685410603	-0.0015183750322425868	0.0015236886887166248	-0.0015022914119465517	-0.0014546953926822782
GM.5.0.Unknown.0124	0.0013730444486530523	0.0014708377767648413	-0.0013028559303616047	-0.0013373997912443094	-0.0012201054050204876
GM.5.0.IRF.0005	0.001528528990478815	0.0014357104688451272	0.001488048835740418	-0.0016034765104668556	-0.001617128799791296
GM.5.0.Homeodomain.0136	-0.001395117389711114	-0.0014881388797027587	-0.001546777981795813	0.0014878736762117917	-0.0015374606281821621
GM.5.0.C2H2_ZF.0112	-0.0015332377555973256	0.001562438708679902	0.0015903731923127315	-0.0016776610669255606	-0.0016397192709847203
GM.5.0.Ets.0031	0.0015023978460692658	0.0014710742224193587	0.001500780006318593	-0.0016897544027001596	-0.001478058199205269
GM.5.0.Mixed.0075	-0.0014561600772323726	-0.0016894389993679056	0.0016419803139282002	0.0015677212469390712	0.001472674812998456
GM.5.0.Mixed.0030	0.0015180849966496864	0.0018839710470438344	0.0015165954842519542	-0.0015868537897524323	-0.0015586619874950341
GM.5.0.MADS_box.0015	-0.0015987648194299394	-0.0016276317380049604	0.0014904568730174964	0.0014942495106091296	0.0015978186252118948
GM.5.0.Unknown.0133	0.0016421224959334868	-0.0014472433091168681	0.0014828651890097066	0.00161112636586552	-0.0015983229747192264
GM.5.0.Unknown.0085	-0.0015391615704159114	-0.0015244504572613795	0.0014468120173831485	0.0017760881267306148	0.0015172744126073319
GM.5.0.CENPB.0001	0.0018406807349537263	0.0016716274161726538	0.0015736123057520216	-0.001675385580943421	-0.0016525039193740698
GM.5.0.Unknown.0176	0.0023648185990980037	0.001948507111322951	0.0008589127505487009	-0.0018596092335679882	-0.00175503732620029
GM.5.0.Forkhead.0004	0.001481572313587192	-0.0016341336891803552	0.001535753946886325	-0.0015979155259158411	-0.0014863919438848914
GM.5.0.GATA.0012	-0.001235511072074388	-0.001345649460559716	0.0012635966177723093	0.001141824332289698	0.001051175520044873
GM.5.0.Homeodomain.0201	-0.0015247014407210274	-0.0015163594325391635	0.0015247610612954823	0.0014919520524126532	0.0016300554734777829
GM.5.0.Unknown.0121	0.0010972184472343243	0.0011123084839894353	0.000898634360362495	0.0009338992903482076	0.0008127845991041233
GM.5.0.bZIP.0043	0.0016658133229675426	0.0015579970668063029	0.0014873192988645943	-0.0015194867653197893	-0.0014674618920219001
GM.5.0.Unknown.0175	0.0015088250205983382	-0.0014499440251613703	0.001404681664530064	-0.001480786138318726	-0.0014368812259563787
GM.5.0.C2H2_ZF.0162	-0.0016423157495198846	-0.001605575799401295	0.0019837542759087515	0.0015415037718584219	0.0015289764859370417
GM.5.0.Homeodomain.0037	0.0016078342055792438	0.0016735814877890459	0.0014276859483464363	-0.0015964489094067616	-0.0016433854361582777
GM.5.0.Unknown.0196	0.001617777308745428	0.0015629906631317127	-0.0017117777595828604	-0.0016207997511472577	-0.0014860099063054
GM.5.0.Sox.0031	-0.0014043601718045828	-0.0013054480527081946	0.0021670729281232535	-0.0013493939853642832	-0.0014417162534537142
GM.5.0.Unknown.0078	-0.0015133764576905349	-0.0016217868371326447	0.0015440779457529677	-0.0017408900887748372	-0.0015426786674202005
GM.5.0.E2F.0008	0.0015391383291884708	0.0015301234499573166	0.001803724575958556	-0.0017895514140267884	-0.0017561059608635352
GM.5.0.Unknown.0183	-0.0015441489134311774	-0.0015798169062684123	0.0014727752250321786	0.0015432339785269957	0.0015356815041067254
GM.5.0.C2H2_ZF.0150	-0.0016884818125025482	-0.0014654427879196056	0.0016998030620255702	-0.001534067164764514	-0.0015165931295632545
GM.5.0.Homeodomain.0030	0.0014775376370272308	0.001609298946074657	0.001528349657433245	-0.0016291052276975976	-0.0017052102492419842
GM.5.0.Unknown.0173	0.0017040862492181444	0.0016089048463515166	0.0015025191311190725	-0.0016417039720395587	-0.0018159510742971837
GM.5.0.bZIP.0068	-0.001463065880632141	-0.0015532812753965056	0.0015414084117366508	0.0015416336784519374	0.001522337292670441
GM.5.0.Nuclear_receptor.0128	-0.0015016729993096347	-0.001518807905029594	0.0014758899633807612	0.0016068779382042934	0.001605657495564408
GM.5.0.bHLH.0112	0.001498818124154527	0.001530830225268842	-0.0016389320491421782	-0.0016187696486366795	0.0016599901132871775
GM.5.0.IRF.0019	-0.0016739908304529792	-0.0017292014057254516	0.001446915288361111	-0.0015090414673207262	0.0015823733535986744
GM.5.0.Sox.0012	0.001564639420612144	-0.0016497393281909125	-0.001512738757993634	-0.0016506206252043906	-0.0015745593642039126
GM.5.0.bHLH.0051	0.0014436085647253458	0.0014736865544911753	0.001480963435432916	-0.0016779860507604221	-0.0015569604376567184
GM.5.0.HSF.0004	-0.001511544134939948	-0.001522466589607151	0.0015309206253839027	-0.0014986487056372732	0.0015698071882281322
GM.5.0.T-box.0016	-0.0014889227158338088	-0.0015474430201829618	0.001553816412148281	0.0016224874670349749	-0.001540010961929686
GM.5.0.bHLH.0057	0.00138970918159914	0.0014455010630313656	-0.0013664629415850924	0.0014392213952906091	0.001387446600008665
GM.5.0.C2H2_ZF.0271	-0.0016074670764827156	-0.0015999759500859342	0.0014378396117319093	0.0015321568733676193	0.0014869072870104937
GM.5.0.Nuclear_receptor.0144	-0.001768292325426176	-0.0016900893091367642	0.0016085098125145554	0.0015932407422397565	0.0014918230679907235
GM.5.0.Grainyhead.0005	-0.0012527663463395712	-0.001208897709825358	0.00119259800476871	0.001074797118548926	0.0011926395324752957
GM.5.0.Unknown.0122	-0.0015010820559661475	-0.0015243789143244066	0.0015059276373778569	-0.001490675772664602	0.0014400690434502941
GM.5.0.Unknown.0147	0.0015397017476907451	0.0014603015881115118	0.0015490592027057643	-0.001606702640202587	-0.0014658521871587715
GM.5.0.SAND.0008	0.001660592049497021	0.0015781212900990499	-0.0016356925826516672	-0.0015102885534464872	-0.0015852222422496512
GM.5.0.STAT.0007	0.0015504791631044223	0.0015707825698477102	0.0015254439374851759	-0.0016114448108302266	-0.0015341896792261886
GM.5.0.C2H2_ZF.0088	-0.0014204582389268498	-0.001557117288935603	0.0016832842497829794	0.001596194963067388	0.0014672087558222123
GM.5.0.Homeodomain.0010	-0.0014885665020131543	-0.0015046191847218617	0.0016724787067451893	-0.0015839722707039264	-0.0015428411050401334
GM.5.0.C2H2_ZF.0179	-0.0014744951750053465	-0.0016544497668208211	0.001527278368083474	0.001605020530761928	0.0015528371558299389
GM.5.0.Unknown.0109	-0.0016300826787940645	-0.0015131551998932577	0.0016242331864850335	0.001576869431411723	-0.001696913126373751
GM.5.0.Unknown.0057	-0.0015696647140981002	-0.0017098165395101747	0.0015413975397135474	-0.0014665219394822465	0.0015952812006510635
GM.5.0.C2H2_ZF.0105	0.0014548169310527551	0.0014567340118575973	-0.0016836685114799907	0.0015277063584403115	0.0016126308963587122
GM.5.0.MADS_box.0017	-0.0014418601191133306	0.0014943028948277376	-0.001465856091064605	0.001523233516040707	0.001586487723164314
GM.5.0.GATA.0030	-0.0016693065600214762	-0.0015885242336579133	0.0014948662697048822	0.0015993771359174849	0.001585029126882607
GM.5.0.STAT.0019	0.0015829859348239932	0.0015104796770139086	0.0015276621597894357	-0.001639215866219017	-0.001623020035184457
GM.5.0.bHLH.0119	-0.0016344904382805392	-0.001735701955611619	0.001579987399507538	-0.0015982917522701604	-0.0015353339490628364
GM.5.0.bHLH.0126	-0.001688900480075099	-0.0016235108939169265	-0.0015162146494819154	0.0015514990163226793	0.0016665985733473878
GM.5.0.Nuclear_receptor.0122	-0.0014094191667889033	0.001520818713493677	0.0015719389520071612	-0.0016457340366909162	-0.0015856634749395904
GM.5.0.Unknown.0182	-0.0015927481445227596	-0.0016582266410007243	0.0014522092058732348	0.001511891185676685	-0.0016027532175071036
GM.5.0.CSL.0003	-0.0014429112163711342	-0.0016121476816831437	0.001463840889677534	0.0014462476245772301	0.0014276442616286756
GM.5.0.C2H2_ZF.0303	0.0016867713274257758	0.0017009935844788083	0.0014455164894670066	-0.0015833473887088096	0.0014410992064947728
GM.5.0.bHLH.0037	-0.0015186051674748874	-0.0017178547480482026	0.0013548837818052662	0.0014928820094038866	0.001553988020904945
GM.5.0.bZIP.0020	0.001503774663102036	0.0014481942430266453	0.001576398655109945	-0.0014324006582940188	-0.0016340743367278746
GM.5.0.Ets.0024	0.0015309157558315402	0.0014512962275347887	0.0016268848272609742	-0.0016086170873497087	-0.0016632838277289897
GM.5.0.C2H2_ZF.0229	-0.00156518601095656	-0.0014526062118850435	0.001534515093558744	0.0016713118416530406	0.0015295786216481364
GM.5.0.bHLH.0083	0.0015193434080819225	0.0015751551597013153	0.001505752135754527	-0.001685207633169716	-0.0016035566973255165
GM.5.0.Homeodomain.0112	0.0014990060079254062	0.0015086309556199165	-0.001496675930667541	0.001496376382511469	-0.0015824831070737084
GM.5.0.Unknown.0079	0.0012153126325801422	0.001180728053680983	-0.0025901752171939595	0.0013512110518390324	0.0012685773044277151
GM.5.0.Sox.0023	0.0015384660284490817	0.0013783701463713066	-0.0015302014225021003	-0.0015172240790893546	-0.0015191318913914148
GM.5.0.C2H2_ZF.0052	0.0016284127792381268	0.001503486150799771	0.0015547575955047802	-0.0015133180528796434	-0.0016082083947837513
GM.5.0.C2H2_ZF.0094	0.0016748768027071384	0.0014451186750123934	-0.0015036692007557285	0.001560896542118251	0.0014328988363693515
GM.5.0.Mixed.0096	-0.0015717989149891221	-0.001517665059026298	0.0016459358308793131	-0.0015586111900723737	-0.001592699333094295
GM.5.0.Homeodomain.0038	0.0013927679390189946	0.0014905738125448262	0.0013561083000383789	-0.0013247642357346796	-0.0013066011883067974
GM.5.0.Homeodomain.0079	0.00156275793557808	0.00158998509232503	0.00142074074357499	-0.001410759339441258	-0.0015040245815480348
GM.5.0.MADS_box.0004	-0.001666510146964921	-0.0015306100919194885	0.0015774617438277822	0.0016054953899647343	0.0015032440707437437
GM.5.0.SMAD.0014	-0.0015756710872281757	-0.0015746707187113682	0.0016848655596497677	-0.0015991581517685984	-0.0015935661738016005
GM.5.0.C2H2_ZF.0003	-0.0014851007554498256	-0.001517160221304027	-0.0015234331147888358	0.0016237390621214637	0.001554234327632843
GM.5.0.Forkhead.0047	-0.0015628155597646473	-0.0017553189557160663	0.001457261060449613	-0.001446271236245105	-0.0016612387070291561
GM.5.0.C2H2_ZF.0173	-0.001574488715750928	-0.0015675936050525985	0.00146286218117122	-0.0016423283278886158	0.001429094622780393
GM.5.0.T-box.0004	-0.001700603128519325	-0.0016965976237619071	0.0016571065420111924	0.0015742752027062038	0.0014965730708188035
GM.5.0.Unknown.0148	-0.001550282797587117	0.00158834866535311	-0.0015759228482634035	-0.0015634117010188042	0.0015749250234161508
GM.5.0.C2H2_ZF.0170	-0.0016109020542232728	0.0015466185345952331	0.0015204147337103515	-0.0017348581316850434	-0.0015786401190039487
GM.5.0.Unknown.0073	0.0013308857581697414	0.0013267246483099832	0.0015128564127405697	-0.001702314681402555	-0.0016658334525856053
GM.5.0.C2H2_ZF.0266	-0.0013907724947291639	-0.0015985760133194462	0.001566567658909307	0.0016335668152261508	0.0015531277304136563
GM.5.0.Unknown.0056	-0.001372642293040734	-0.0015435325244747859	0.0016141687238459376	-0.0014636726553604543	0.001381440718273294
GM.5.0.C2H2_ZF.0046	0.0016235244648618358	0.0016389380624069162	-0.0015325808198656202	-0.0014624306526985489	-0.0015495639573168659
GM.5.0.E2F.0007	0.001465231373559219	0.0015294985117140084	0.0015956250328829735	-0.0016639361370278242	-0.0017819033653442078
GM.5.0.Unknown.0011	0.0014843311608035185	0.0018080920227690031	0.0016588890770226079	-0.0015310245470848366	-0.0015553013304955112
GM.5.0.C2H2_ZF.0183	0.0016659480754809177	0.0015159384825439394	0.0015550835499209853	-0.0015148592373900444	-0.0016788855455244093
GM.5.0.Homeodomain.0130	0.0015451820895220078	0.001505645351198627	-0.0015613560322810588	0.0014531983886177267	-0.0015509937378590118
GM.5.0.C2H2_ZF.0316	-0.0015447094540791935	-0.0014945008462507688	0.0015398028911638776	0.0016716315987003725	0.001550877131644003
GM.5.0.C2H2_ZF.0143	-0.0016202494083783828	-0.001689142891007033	0.001736966209344869	0.0015215352676854926	0.0015850467182233715
GM.5.0.Homeodomain.0050	-0.0015569791047837917	0.0014985074896607833	0.001594564804568174	0.0015538329649083598	-0.0015840393850880276
GM.5.0.Homeodomain.0160	0.0015207765686042552	0.001410542769557818	0.0015737289228618754	-0.0017745025343123297	-0.0015625351820591532
GM.5.0.Unknown.0139	0.0015262283826329801	0.0017108752424052807	0.001558737464400626	-0.0016476813336017387	-0.0015419751510094748
GM.5.0.C2H2_ZF.0043	0.0015743813212173196	0.0014730564240989885	-0.0015909123031073388	-0.0014368218968825316	-0.001482834347649864
GM.5.0.Homeodomain.0138	0.001367973126445972	0.0013983400916752317	0.0011785719130975253	-0.0013234818692168734	-0.0012993501676635234
GM.5.0.Unknown.0014	-0.0017113499861857442	-0.0016355174499784455	0.0015111880876787249	0.001477061054345876	0.0016275668160224404
GM.5.0.bZIP.0016	0.0015675193779190826	0.0016237544786880543	-0.001541862014837666	-0.0014773787476570698	-0.0013156147917496358
GM.5.0.Homeodomain.0180	0.0015750443566668606	0.0015308886752147248	0.001469222641871815	-0.0015437718038561659	-0.001533364043753381
GM.5.0.C2H2_ZF.0136	0.0016087522342161313	0.0016821440133675506	-0.0015161949492243742	-0.0015434485277456488	-0.0015222555590442216
GM.5.0.C2H2_ZF.0208	-0.0014756153192771397	-0.0014581565861391539	-0.001580849893906119	0.0016282830018968994	0.0015787975340660996
GM.5.0.C2H2_ZF.0060	0.0017931723795749914	0.0018107394522527585	-0.001561472376479696	-0.0015763786126179679	-0.0017232726184902183
GM.5.0.Myb_SANT.0006	0.0015909317003122913	0.0017158359975661805	-0.0015423005019701824	-0.0014546281148488168	-0.0015093719914503546
GM.5.0.Unknown.0208	-0.001695957121134305	-0.0014976381381754799	0.001560016364513487	-0.0015104232639976572	0.001650237606629035
GM.5.0.Forkhead.0045	-0.0015373873461628274	0.0015349547778343636	0.0018414778162122788	-0.0016218928491720202	-0.0015236598350108843
GM.5.0.Homeodomain.0077	-0.0015977578965414457	0.0013823225122155806	-0.0014658981740749918	0.0013992315268491428	0.0016011442642331418
GM.5.0.C2H2_ZF.0228	0.001569256529377909	0.00157848731971477	0.0015620460700048685	-0.0017585327358022535	-0.0015376620017327394
GM.5.0.C2H2_ZF.0018	-0.0015928006631091985	0.0017778249882910739	-0.0015340402530017389	-0.0015352523639346105	0.0015760186564298178
GM.5.0.Mixed.0049	0.0015088802795377957	0.0014130622803730656	0.0013458436399384438	-0.0014271701830131803	-0.0014562693520001626
GM.5.0.GATA.0009	-0.0015673469189276742	-0.001615453986931573	0.00147650977792796	0.0017128838272331066	0.0015191180397515663
GM.5.0.C2H2_ZF.0063	-0.0014995021078364021	-0.0014661715538718603	0.0015277769323199868	-0.0017061701622508624	-0.001647067035572313
GM.5.0.Unknown.0140	0.0016330249793880137	0.0016932443559867772	-0.0015518798803420561	-0.001499211832349307	-0.0015658565578353545
GM.5.0.Mixed.0053	-0.0016979504268207074	-0.001485654337151749	0.001525230251674083	0.0016230629952566427	-0.001649833174515984
GM.5.0.Homeodomain.0151	0.0015028941428680883	0.0013645128102809558	0.001586641348409681	-0.0015295913225378348	-0.001652767599597168
GM.5.0.Forkhead.0044	-0.001486734145838854	-0.0014249178767794376	0.0021741250467535063	-0.0015951626528934253	-0.0016765454669013433
GM.5.0.Forkhead.0015	-0.0015129427718318421	-0.0015579125562137786	0.001937760754710429	-0.0016233463641761228	-0.0016127807899719848
GM.5.0.Nuclear_receptor.0086	-0.001485008653922424	-0.0016989251195936265	-0.0016487629555177019	0.0015787487781992863	0.0015708897776559585
GM.5.0.Homeodomain.0054	0.0015605800059804512	0.0016543040990483996	-0.001748345163022347	0.0015228939439638162	-0.0014776919813019108
GM.5.0.Ets.0035	0.0015953718825813662	0.0016489179606761185	0.0016592486392402067	-0.0018097267298350578	-0.0019312356283288632
GM.5.0.Homeodomain.0169	0.0014347008751608753	-0.001360196294840616	0.001604620306177386	-0.0015553309198255208	-0.0016893521565183988
GM.5.0.Nuclear_receptor.0025	-0.0015250612670739225	-0.001649687957424757	0.0015960816164001246	-0.0015933016178160536	0.0015001177070300042
GM.5.0.bHLH.0076	-0.001582726685590934	-0.0015431902883217801	0.0015027080683451405	0.0017418473959414586	-0.0014987175611825474
GM.5.0.Homeodomain.0181	0.001592049467834221	0.0016108914061200286	0.0015473659598023092	-0.0016694417763099445	-0.0014609017909856237
GM.5.0.bHLH.0085	-0.0017352760677555314	-0.0017448176750048652	0.0017481143365549187	0.0015929295233054724	0.0015419282555295475
GM.5.0.Homeodomain.0188	-0.0016236089392623492	-0.001635163405867459	0.0016180068537882306	-0.0017284416762746893	0.0016130373455325133
GM.5.0.bZIP.0096	0.0015419338416581955	0.0015318508840555997	-0.0014522804124437122	0.0013731963189715926	-0.0016107068869892314
GM.5.0.MADS_box.0012	0.0015336680245506766	0.001390212621011957	0.0016515968119618155	-0.0016717025146982623	-0.0017316711271331327
GM.5.0.Homeodomain.0052	-0.0017199624441696685	-0.0016189576764184662	0.0015632970257049338	-0.001437603342453235	0.0016174826338748046
GM.5.0.Forkhead.0013	-0.0016730304038331603	-0.0015624577359807752	0.0025010427831473154	-0.0015301637251722813	-0.0016070520261743581
GM.5.0.Forkhead.0037	-0.0015868291327858803	-0.0015875407366560785	0.0017767583509489544	-0.0016499205817263193	-0.0016678029687693136
GM.5.0.AT_hook.0001	0.0015501456071716946	0.001395083013421017	0.0016555560674013977	-0.0017292398142747922	-0.0017676005501041272
GM.5.0.RFX.0009	-0.0016380150994849557	-0.0015622984329755666	0.0015885498890721957	-0.0015459310109025104	-0.001616508569583443
GM.5.0.Sox.0025	0.0013550780377955874	0.0014753606335136302	0.0014635316598892517	0.0013679714794371232	0.0013771488853490607
GM.5.0.bHLH.0094	0.0016215586667268666	0.001582905381574364	0.001517777303688449	-0.001672428267142067	-0.0016037408668132238
GM.5.0.Rel.0020	-0.001537209488333319	-0.0015095497382913554	0.0015008427318133192	-0.0017309139821637932	-0.0014663865747223791
GM.5.0.SAND.0005	0.001624519868568168	0.0017869381467627676	0.001515059147689283	-0.001770908058374975	-0.0019945226457703264
GM.5.0.bZIP.0006	0.0015796219290757315	0.0015506999387870674	-0.0016294088041449099	-0.0016345412463470161	-0.0016236375389663093
GM.5.0.Mixed.0024	0.0015066051565287583	-0.0015414340885593165	0.001543585469310541	-0.001670213261617523	-0.0016215201274994004
GM.5.0.RFX.0011	-0.0016468243074440696	-0.0015611648211814916	0.001565408445645102	-0.0015287232285074127	0.0017564681156666236
GM.5.0.bZIP.0041	0.0015479812337904518	0.0015517927519845753	0.0014932138360767852	-0.0015851371284493418	-0.0015608133036071289
GM.5.0.Unknown.0008	0.0014286704545821607	0.0016032243403175605	0.0017237365974871247	-0.0015397677700588227	-0.0016588662862163542
GM.5.0.bZIP.0073	0.0018602309962945998	0.0016122447360446567	0.001413368043973659	0.001370286708167254	0.0015115857087392671
GM.5.0.Unknown.0004	-0.0018864517212193576	-0.0016475375634047754	0.0015998865500925093	0.001537287378120706	0.00175745305646926
GM.5.0.C2H2_ZF.0243	0.0013774877797486172	0.00173688062190707	-0.0014913789768069036	-0.00182890280663097	-0.001589633333047156
GM.5.0.SMAD.0005	-0.001553559770736077	-0.0016703058862464716	0.0015668138727649502	0.0015315115337552563	0.001464768766186913
GM.5.0.E2F.0017	0.0016208822399736283	0.0017888195560605362	0.0015378675643729714	-0.0018651905323428311	-0.002076723753857455
GM.5.0.bZIP.0080	0.0017303066366428802	0.001439087423228812	0.0016160802778583674	-0.0016842386568747731	-0.0015828385807509684
GM.5.0.Forkhead.0007	-0.001432216185169599	-0.0015561937044249103	0.0045944530869497825	-0.0016011267306842742	-0.0016263717158581186
GM.5.0.Paired_box.0003	0.0016836708985395494	0.0016388070900147102	-0.0015646467744520913	-0.0015540751178500067	-0.001663905354730828
GM.5.0.MADS_box.0023	-0.001472564941931126	0.001607185311669205	0.0017281368201132882	-0.0014930981203369437	-0.0016155886379793137
GM.5.0.GATA.0031	-0.0019894797395643747	-0.002237794466911472	0.003104998638585825	0.0017192056379021084	0.0015492736369323622
GM.5.0.Mixed.0010	0.0016187334831401334	0.0013966153720366536	-0.0016363499748663344	-0.001549455674833233	-0.0015919321972324334
GM.5.0.Unknown.0110	-0.001754362050964674	-0.0017219502499762548	0.0023119269321812685	-0.0014558562478162202	0.0016289769423239323
GM.5.0.SMAD.0002	-0.0014463938076237223	-0.0014233377807855066	0.001868580811906914	0.001433126923709434	0.001309442776235407
GM.5.0.Homeodomain.0183	0.0013259918718911204	0.001496398360239341	0.0014343089415533256	-0.00144534977730542	-0.0013906251649400108
GM.5.0.MBD.0001	0.0017029171467150986	0.00165204659284176	0.001535263921099444	-0.0017366377202325208	-0.0017573845114889194
GM.5.0.Unknown.0080	-0.0017862565508819264	-0.0016529258972059649	0.0017850831821256922	0.0015352250800001427	0.0015883254912269003
GM.5.0.Mixed.0034	0.0015513686104602037	0.0015135824281235918	-0.001431991776127369	-0.00165291564690867	-0.001621382926070823
GM.5.0.SMAD.0012	0.0016594530433357972	0.0014883381267734137	0.0015381024387570736	-0.0016444294706533247	-0.0015874584167398487
GM.5.0.Unknown.0050	-0.0015777596793766161	-0.0015127721585914107	0.0018353662011717923	-0.0015867979932032144	0.0014642888138219335
GM.5.0.C2H2_ZF.0221	-0.0015452076638603329	-0.0015563836434522493	0.0014844767514951172	0.0018124237762888696	0.0015773113634738488
GM.5.0.Unknown.0198	-0.0016209454209038846	-0.0015771972747629492	0.0019115397544723	-0.0016790477367511281	-0.0016225585862382297
GM.5.0.Homeodomain.0129	-0.001423513523955495	0.001448918463967124	0.0018332736401708981	-0.0014414805607660499	-0.0015214152773159778
GM.5.0.bHLH.0001	0.0016406101487593055	0.0013281129176100684	0.0010947723407679578	-0.001455659266714837	-0.001420045969298016
GM.5.0.Homeodomain.0056	-0.0014971254404012027	-0.0015659501864243195	0.0021976779604698333	0.0015227471176023396	0.0014583652014054243
GM.5.0.Forkhead.0028	0.001627745129339194	0.0018173581571911995	0.0014964583031384351	-0.0016402706058352662	-0.0020909317697636346
GM.5.0.bHLH.0032	-0.0020777794381376543	-0.0019404872305493954	0.002975982849053316	-0.0016394489828664715	0.001460691107315851
GM.5.0.RFX.0002	-0.0015362543137844027	-0.0016242750774743883	0.0015652699837835954	-0.0015795912761061846	0.0015619921527992276
GM.5.0.Nuclear_receptor.0121	-0.0015549429536230767	-0.0014874305759667223	0.0016199151978010568	0.0015439134997447467	0.0015971726228184448
GM.5.0.Unknown.0064	0.002132211995754622	0.0017305958962236334	0.001497844520441542	-0.0018530900911845317	-0.0020307909806098383
GM.5.0.Mixed.0002	-0.0013174172868848756	-0.0014323937161652008	0.002096107046294629	-0.0015328687787889447	-0.0016059502650617272
GM.5.0.bZIP.0003	-0.0016175827017954952	-0.0016002416841645172	0.0017691000684719625	-0.0015351434037516561	0.001801149126588558
GM.5.0.RFX.0003	-0.001578050079555657	-0.0015834269657212497	0.0014797513969556073	-0.0014902930264419011	0.00157507555308099
GM.5.0.C2H2_ZF.0064	-0.0014587058798945557	-0.0016094730325011749	0.0018411024944572235	-0.002233287977962489	-0.001556411279393825
GM.5.0.bZIP.0013	-0.001532744245750102	-0.0014122685562540866	0.0021656140386125994	-0.0015820999333962648	0.0016207144045534984
GM.5.0.bHLH.0137	-0.00241206517042683	-0.0027870407573025303	0.005764394431272325	-0.0014659276842242802	0.0015244294704406405
GM.5.0.bHLH.0006	-0.0031881387798912138	-0.00317935431426863	0.010125133159911728	-0.0019397173332510358	-0.00156167533065514
GM.5.0.RFX.0018	-0.0016082362485280897	-0.0015206476996385409	0.001534101522963523	0.0016255563267919954	0.0015387996392500819
GM.5.0.Forkhead.0043	0.003807987529389979	0.003082795346443373	0.0009603565408528685	0.001868224157503937	0.0018414926659328188
