	z-score cluster_1	z-score cluster_2	z-score cluster_3	z-score cluster_4	z-score cluster_5	cluster_1 % with motif	cluster_2 % with motif	cluster_3 % with motif	cluster_4 % with motif	cluster_5 % with motif
GM.5.0.GATA.0029	3.2218817392346626	3.2218817392346626	-1.2776809777549398	-2.5738852613476677	-3.4856253819538874	0.0	0.0	0.0	0.0	0.0
GM.5.0.Unknown.0161	-1.0571037087981514	-1.5602806621897776	-0.7387373981183264	0.7747572444560694	0.31076488946297665	0.0	0.0	0.0	0.0	0.1552175262761098
GM.5.0.Unknown.0159	1.663367839527963	1.3401371223628993	0.25891031246193014	2.041437053420419	0.6326002184746787	0.0	0.0	0.0	0.0	0.16852188567120494
GM.5.0.C2H2_ZF.0188	-0.031040691667956317	0.08085214517430146	0.0008481429432458213	3.1248991500118355	0.32568849872170547	0.0	0.0	0.0	0.0	0.27939154729699767
GM.5.0.Nuclear_receptor.0061	1.3828835213702182	1.6389844810708587	-1.7003058480461328	2.7941283581368648	1.2593300412656872	0.0	0.0	0.0	0.0	0.487826511153488
GM.5.0.Unknown.0028	-0.3533482773527563	0.1547958330339235	-2.1604897840501467	-1.7789688047487688	-1.765886157349862	0.0	0.0	0.0	0.0	0.23504368264668057
GM.5.0.Homeodomain.0049	0.6357297165560994	-0.7487599791898019	-0.7712243044271055	-0.8755483480616963	0.6478759980808716	0.0	0.0	0.0	0.0	0.18182624506630005
GM.5.0.C2H2_ZF.0095	2.056695470272629	1.5029855468443951	-1.3756728256021626	2.635849151519763	0.5343762998077649	0.0	0.0	0.0	0.0	0.2705219743669342
GM.5.0.Unknown.0113	1.304195836576052	1.9231543497390589	0.5573401792140023	-0.3955258450117843	-1.080002261052731	0.0	0.0	0.0	0.0	0.19069581799636348
GM.5.0.Myb_SANT.0012	-1.5249605646216362	-0.5284093136151603	-0.47365008003691766	-2.272108836088092	-1.1989256269344142	0.0	0.0	0.0	0.0	0.46565257882832944
GM.5.0.Unknown.0171	-0.7929804172028596	-0.287008160934906	0.234791728040458	1.3226171896225287	1.2942682819783273	0.0	0.0	0.0	0.0	0.2572176149718391
GM.5.0.Mixed.0104	-2.66054581345086	-2.794026256566657	-1.1146635796462505	-0.36760390515537994	0.8765527808179809	0.0	0.0	0.0	0.0	0.19513060446139519
GM.5.0.RFX.0016	-0.5851205992724301	-0.4794817080010811	1.1521128229435356	-0.6249765876884599	0.2533634551062466	0.0	0.0	0.0	0.0	0.7317397667302319
GM.5.0.DM.0004	-0.6470474294727195	-0.12773008238008352	-0.822694223897923	0.31227843669206506	-0.572636814136117	0.0	0.0	0.0	0.0	0.2705219743669342
GM.5.0.Nuclear_receptor.0125	1.7663195660472906	2.1422728320566153	-0.8916755423477567	2.5419283478775876	-0.7027625434717908	0.0	0.0	0.0	0.0	0.23060889618164884
GM.5.0.T-box.0026	-1.033294650876882	-1.047055473816754	-0.5050830852477302	0.2670582289013049	0.8023928275976382	0.0	0.0	0.0	0.0	0.49226129761851967
GM.5.0.C2H2_ZF.0138	1.6987778334562702	1.1438416820303128	-0.12616674619507165	0.28896847609093124	-0.2415712649160085	0.0	0.0	0.0	0.0	0.1552175262761098
GM.5.0.Unknown.0048	2.483228258196531	2.251169407362117	0.7098121744942515	1.315889045284867	-1.1379944186024782	0.0	0.0	0.0	0.0	0.11530444809082442
GM.5.0.Nuclear_receptor.0042	1.6622618583205413	0.9970771749770061	-0.8185989566857201	2.1196310667206326	0.7964973933412588	0.0	0.0	0.0	0.0	0.27939154729699767
GM.5.0.bHLH.0120	-0.5957544290180333	-0.758319501260735	0.6570142080125446	0.741235457629358	2.126540514793467	0.0	0.0	0.0	0.0	0.6519136103596612
GM.5.0.C2H2_ZF.0281	1.169310374864756	1.7883420686350409	-2.2021775375845487	1.748908963063179	0.32094937631578924	0.0	0.0	0.0	0.0	0.16408709920617323
GM.5.0.bZIP.0031	0.5013754958489092	-0.7541351425631713	0.6214669886801266	-1.1730269465589345	-1.1651814838548784	0.0	0.0	0.0	0.0	0.2971306931571245
GM.5.0.C2H2_ZF.0101	-1.0280032976802829	-1.0231738176613143	-1.4383109226063624	0.3803822783908333	0.7712544381855455	0.0	0.0	0.0	0.0	0.4124351412479489
GM.5.0.Nuclear_receptor.0087	-0.4710218434608548	1.1158677089288467	-1.4127027318576966	2.0307991838184214	0.7289887887318185	0.0	0.0	0.0	0.0	0.487826511153488
GM.5.0.Unknown.0128	1.1534386959114002	0.6230056269298694	-1.4737535195911045	-1.8222161558801133	-1.3329817461155533	0.0	0.0	0.0	0.0	0.350348130737505
GM.5.0.Unknown.0123	-0.8182306888805493	0.2894534091312143	-1.32015212503157	2.2650901826040144	0.36018594582067504	0.0	0.0	0.0	0.0	0.22617410971661717
GM.5.0.Nuclear_receptor.0117	0.26046827515346294	0.5865740350798061	-1.890323727131982	0.49560632565716106	0.290963212675552	0.0	0.0	0.0	0.0	0.2882611202270611
GM.5.0.C2H2_ZF.0171	0.3775923960276662	0.9641938915200978	-1.6846662766617035	0.1196393063470875	-0.06535116104910146	0.0	0.0	0.0	0.0	0.0
GM.5.0.Mixed.0078	-0.21350986145962025	-0.10634420785510094	-0.4108043375894831	1.8440362438958136	1.4867787323517565	0.0	0.0	0.0	0.0	0.3104350525522196
GM.5.0.C2H2_ZF.0217	-0.6489587820565594	0.9546446756912697	-0.8260019181995042	1.309314106096547	0.5344466309972854	0.0	0.0	0.0	0.0	0.2572176149718391
GM.5.0.Nuclear_receptor.0148	0.8084773859587933	0.006423418313696055	-1.5877885919313222	-0.8070683212834232	-0.8446392985596102	0.0	0.0	0.0	0.0	0.0
GM.5.0.Nuclear_receptor.0088	0.15461883019747272	0.9473440005752961	-2.562100491074579	0.5286321834959405	-0.02025017561758719	0.0	0.0	0.0	0.0	0.10200008869572931
GM.5.0.Nuclear_receptor.0064	1.3626135464960907	1.2533679180528736	-1.157760378768568	0.7001565518811508	0.7465298895585153	0.0	0.0	0.0	0.0	0.2660871879019025
GM.5.0.Homeodomain.0159	0.48402472254815004	1.2683378519151156	-0.09506503061018752	-2.357238964932671	-1.4250845974517465	0.0	0.0	0.0	0.0	0.3060002660871879
GM.5.0.C2H2_ZF.0224	-0.9443897735305191	0.11404242262742263	-1.9539560021477196	0.6077528767283964	-0.7625482989752107	0.0	0.0	0.0	0.0	0.2527828285068074
GM.5.0.C2H2_ZF.0038	0.20951690849354873	0.2194039027509791	-2.7879720496202713	0.23643107630452498	0.22703697067113446	0.0	0.0	0.0	0.0	0.22173932325158544
GM.5.0.T-box.0007	-0.6900102246952413	-1.5033426487342563	-1.2947773360597834	-0.6393329774289704	0.8917388597252718	0.0	0.0	0.0	0.0	0.4479134329682026
GM.5.0.C2H2_ZF.0126	0.4616321856666684	0.14823219296224527	-0.9372416325566699	-0.6094412331081245	0.09147725736175809	0.0	0.0	0.0	0.0	0.18626103153133175
GM.5.0.bZIP.0060	0.8040077525736868	0.806140465384366	-0.6753302897978322	-0.5217278624845983	-1.1853583942601118	0.0	0.0	0.0	0.0	0.2527828285068074
GM.5.0.Nuclear_receptor.0046	-0.02059365269356944	0.6459739520543789	0.3846236869005552	3.240665187358966	1.1565216521890498	0.0	0.0	0.0	0.0	0.2660871879019025
GM.5.0.C2H2_ZF.0161	-0.47433177841724655	0.16180702453217774	0.8023295345662323	1.5017792934054013	1.5326062204116246	0.0	0.0	0.0	0.0	0.4124351412479489
GM.5.0.Unknown.0040	0.15657316180505176	-0.2692480444268318	-1.1852512349729631	1.123082670668717	1.3638067789245591	0.0	0.0	0.0	0.0	0.49669608408355137
GM.5.0.C2H2_ZF.0129	-0.07106876348362814	-0.803326934664653	-1.6419271947273095	0.850426780674967	1.873918976867732	0.0	0.0	0.0	0.0	0.4390438600381391
GM.5.0.Nuclear_receptor.0047	0.1873871553200473	-0.17894429416308655	-3.5486737267594353	0.29412978974898857	1.5903972283374863	0.0	0.0	0.0	0.0	0.3547829172025367
GM.5.0.C2H2_ZF.0280	-1.0421495647456325	-0.6491614396109117	0.8016239564330487	0.719602155142905	-1.0835336648191567	0.0	0.0	0.0	0.0	0.4035655683178855
GM.5.0.Homeodomain_POU.0011	0.8651579603694877	1.3287051522081958	1.2067435076965876	0.048255328627520216	-0.15258889626958352	0.0	0.0	0.0	0.0	0.4745221517583928
GM.5.0.C2H2_ZF.0073	1.7260979994783265	1.3042873774299968	0.044862530904349926	0.267371303850974	-1.1261840544263977	0.0	0.0	0.0	0.0	0.2882611202270611
GM.5.0.Unknown.0049	1.8872066942930403	2.3878380902403977	0.5566356092861426	1.3282116698535895	0.13206997114318073	0.0	0.0	0.0	0.0	0.2705219743669342
GM.5.0.Mixed.0060	-0.8875616496830315	-0.9277602788635366	-3.203150231647037	-1.0386899991850629	-3.0533207957259334	0.0	0.0	0.0	0.0	0.0
GM.5.0.C2H2_ZF.0158	-0.7177089225092607	-1.3187894260374675	-1.6172469732678627	-0.6845947778047373	1.2444946951774618	0.0	0.0	0.0	0.0	0.3636524901326001
GM.5.0.Mixed.0009	-0.01918453366185597	-0.2869395985364764	1.5497102093884243	-0.14738234053097604	0.15269296995637677	0.0	0.0	0.0	0.0	0.49669608408355137
GM.5.0.Unknown.0054	1.3132098562562449	1.1710706046583288	0.19719857467802715	1.6788872368919554	0.660877307261387	0.0	0.0	0.0	0.0	0.37695684952769526
GM.5.0.C2H2_ZF.0076	0.9131103654386418	0.5009494709693245	-0.337974738625073	-1.3967628758831439	-1.073399528290005	0.0	0.0	0.0	0.0	0.2882611202270611
GM.5.0.Rel.0021	0.947283258184534	0.666301220579458	0.8403507143392371	-0.8615366040984156	-1.4509116922609542	0.0	0.0	0.0	0.0	0.46565257882832944
GM.5.0.C2H2_ZF.0233	-0.18095268435987943	-2.3461746357944366	-2.7582207031748265	0.6100712827806409	0.09190714875533411	0.0	0.0	0.0	0.0	0.32817419841234646
GM.5.0.Nuclear_receptor.0134	-0.840171190215434	-0.6428195939157111	-1.5089326889975152	1.0835975526985562	0.9509270776689396	0.0	0.0	0.0	0.0	0.28382633376202937
GM.5.0.Unknown.0059	0.45695506183923484	-0.10918156719089715	1.1459940096899197	1.9576173147955733	0.9206253480155581	0.0	0.0	0.0	0.0	0.319304625482283
GM.5.0.Nuclear_receptor.0065	-3.2246048527660545	-3.926851979596607	-4.346141544910075	-0.2966120607999363	1.273734013791568	0.0	0.0	0.0	0.0	0.5011308705485831
GM.5.0.Pipsqueak.0001	1.1122213857069252	1.048609930560722	0.980917706892813	0.4400541365654736	-1.0580665635332693	0.0	0.0	0.0	0.0	0.0
GM.5.0.Unknown.0129	-0.723330571446436	0.06868565228948746	-2.1451765072374096	0.2897237477995588	-0.6194282019171885	0.0	0.0	0.0	0.0	0.3060002660871879
GM.5.0.Nuclear_receptor.0016	1.4091766159507655	1.2008478733467243	-1.3454132418860034	2.7071032669925015	1.5222186679300307	0.0	0.0	0.0	0.0	0.2572176149718391
GM.5.0.Grainyhead.0007	-1.2994502505875627	-1.0745488392142795	0.17061404662941831	1.6525708072532408	0.4638824920169376	0.0	0.0	0.0	0.0	0.3237394119473147
GM.5.0.CUT_Homeodomain.0006	0.9496514843890388	-0.2426833503362268	0.9953164539162329	0.10602588530417328	0.7572950391211051	0.0	0.0	0.0	0.0	0.38139163599272696
GM.5.0.T-box.0018	1.2058821133003395	-0.08848796340434617	0.2838087396802075	0.2774886451544324	-0.6916603119421815	0.0	0.0	0.0	0.0	0.17739145860126834
GM.5.0.C2H2_ZF.0302	1.0511115090489336	1.1393735584970792	-1.6547453219951167	0.14559442403499182	-0.13320653832161833	0.0	0.0	0.0	0.0	0.21730453678655373
GM.5.0.C2H2_ZF.0289	0.33779636900867677	-0.027592453302124523	0.6086037269947467	0.25230105700591343	-0.8365125096032934	0.0	0.0	0.0	0.0	0.3237394119473147
GM.5.0.C2H2_ZF.0225	-1.922156429206961	-1.9513030211626206	-1.9009588262270187	1.0297580142106446	1.2142565655023065	0.0	0.0	0.0	0.0	0.26165240143687085
GM.5.0.Forkhead.0058	-0.3359899045083231	1.4649898619222537	0.18919292187556436	0.8149078185182922	1.3655227872326894	0.0	0.0	0.0	0.0	0.43017428710807576
GM.5.0.Nuclear_receptor.0114	1.265658501222347	0.6011494157130143	-0.0738518840985481	2.6244038206112297	2.398465169806848	0.0	0.0	0.0	0.0	0.38582642245775867
GM.5.0.C2H2_ZF.0293	1.07530161482111	-0.4971907093273261	-0.5596674363946574	1.4996454394264587	0.3401322717880868	0.0	0.0	0.0	0.0	0.3414785578074416
GM.5.0.Ets.0029	0.6899237272187667	0.6818960162732378	1.2699262951301677	-1.2838863265815283	-1.3708886961515248	0.0	0.0	0.0	0.0	0.3991307818528538
GM.5.0.bZIP.0062	-1.1405242721176712	-0.4142512603557008	0.3404410369319342	0.6598360338338081	1.0267397373133609	0.0	0.0	0.0	0.0	0.39026120892279037
GM.5.0.C2H2_ZF.0235	-1.463565839416376	0.5968522178901137	-1.425681660897225	0.7956823140440663	0.8263574421769659	0.0	0.0	0.0	0.0	0.3636524901326001
GM.5.0.Mixed.0020	1.4328757252463002	1.0478549135069692	0.9255269726219726	1.7651401000160174	-0.13167051208338662	0.0	0.0	0.0	0.0	0.3414785578074416
GM.5.0.Forkhead.0040	-1.6959938343743548	-1.1975753766922432	0.3285930945574883	0.22324204853795487	1.2517815122045535	0.0	0.0	0.0	0.0	0.5188700164087099
GM.5.0.Rel.0008	-0.19795761723173486	-0.23092163417969935	-1.6358140368604357	-1.323340145039244	-1.544258502758126	0.0	0.0	0.0	0.0	0.23947846911171228
GM.5.0.Nuclear_receptor.0111	0.2129045818371268	1.0726009994248067	-0.22513723545404976	1.808155244224621	1.484003654785953	0.0	0.0	0.0	0.0	0.38139163599272696
GM.5.0.C2H2_ZF.0203	0.8686043534125972	1.1600536114898694	-0.05507248399484667	0.39880350329047254	0.30196597791437235	0.0	0.0	0.0	0.0	0.0
GM.5.0.Unknown.0190	-1.6708529773600624	-2.83351085175933	-0.7052986590851846	-1.7929522889136362	-0.5832981442896881	0.0	0.0	0.0	0.0	0.2971306931571245
GM.5.0.EIN3.0001	-1.4218175382845768	-1.3404106502204503	1.9759716429776155	-1.2269927509961955	-2.160409638010914	0.0	0.0	0.0	0.0	0.0
GM.5.0.C2H2_ZF.0010	-0.8286978380266576	-0.66168454575285	1.5220286515033772	1.6156994726759903	1.439145735468408	0.0	0.0	0.0	0.0	0.425739500643044
GM.5.0.Nuclear_receptor.0085	-0.48258453883677804	0.2935606863806688	-0.832418201995103	-0.6298980415939652	1.6208323559557407	0.0	0.0	0.0	0.0	0.39469599538782213
GM.5.0.C2H2_ZF.0197	-0.46479572766928334	0.9677890070026837	-2.859827910889001	-2.858727605519148	-2.7523372268363824	0.0	0.0	0.0	0.0	0.20400017739145862
GM.5.0.Paired_box.0013	-0.3387983685957516	-0.3387983685957516	-0.13718840845575545	1.0797927901102051	-0.14474844858592592	0.0	0.0	0.0	0.0	0.0
GM.5.0.Mixed.0007	-0.8050058943829937	-0.30506755527917	0.27495420511654733	1.2296600192226779	0.011928047347518634	0.0	0.0	0.0	0.0	0.0
GM.5.0.bHLH.0075	-2.7589057476379355	-2.36634750073488	1.6013204022224343	0.78048858870111	0.9791696186256693	0.0	0.0	0.0	0.0	0.48339172468845626
GM.5.0.Mixed.0047	0.5650602989871909	0.4784462509085646	0.8582394066357987	0.9880054865567583	1.0221532413490588	0.0	0.0	0.0	0.0	0.7849572043106123
GM.5.0.GCM.0004	-0.3839912032445868	0.1975568181986082	1.4071255297308853	1.4969766566678169	-0.5641039585720472	0.0	0.0	0.0	0.0	0.3104350525522196
GM.5.0.Mixed.0055	0.5383731050778018	1.302333758496559	0.8120580648712649	0.05309383748811062	-1.3875502857086142	0.0	0.0	0.0	0.0	0.26165240143687085
GM.5.0.Nuclear_receptor.0115	1.8176156935108125	0.788119592295432	-0.746444543273545	0.5527667206839242	0.14990730489649587	0.0	0.0	0.0	0.0	0.31486983901725135
GM.5.0.Nuclear_receptor.0131	-0.9625631444305893	0.6479057231181147	-1.0924965848177335	2.056770400715916	1.0786975078602477	0.0	0.0	0.0	0.0	0.39026120892279037
GM.5.0.Unknown.0141	-0.7418691193118297	-0.8095556940690474	-1.2165512682840347	0.7617262193679636	1.083393659456295	0.0	0.0	0.0	0.0	0.48339172468845626
GM.5.0.Ets.0043	-0.0877924996527576	-0.07468332929697918	0.21316874332290975	0.8949626541584795	-0.2591484939599612	0.0	0.0	0.0	0.0	0.23504368264668057
GM.5.0.C2H2_ZF.0209	-1.316859713407796	-1.8771456991546904	0.11884751397989866	1.1076086515335744	0.8352810243100819	0.0	0.0	0.0	0.0	0.3991307818528538
GM.5.0.Nuclear_receptor.0100	-0.4923295218968476	-0.37658664374050776	-0.8774265567430708	0.48808747221515086	0.32354110036613665	0.0	0.0	0.0	0.0	0.2572176149718391
GM.5.0.Mixed.0065	0.9309985448808964	1.169085811713052	-1.0814908308359958	-0.9388774692919444	-1.1308523152287702	0.0	0.0	0.0	0.0	0.2660871879019025
GM.5.0.bHLH.0105	1.921003991629938	1.9771645048714297	0.6928664779421361	1.2927853505542244	0.9671071825319614	0.0	0.0	0.0	0.0	0.9313051576566589
GM.5.0.C2H2_ZF.0083	-0.05616550842264556	0.022570527475793373	-0.7119435036667696	1.3646325260375098	1.9205198230514038	0.0	0.0	0.0	0.0	0.44347864650317087
GM.5.0.STAT.0025	2.032405094907493	2.897856395351188	0.49487255807619385	1.3002088453866796	-1.0319397114122875	0.0	0.0	0.0	0.0	0.3060002660871879
GM.5.0.Unknown.0138	0.498036584552952	0.2746470600732122	1.2710755204933233	1.7275713917747688	0.2705226770957322	0.0	0.0	0.0	0.0	0.3725220630626635
GM.5.0.C2H2_ZF.0039	-0.2444217160009083	-0.5943270388335548	-0.25614308246641543	1.5218151801812216	0.048728821136692455	0.0	0.0	0.0	0.0	0.23504368264668057
GM.5.0.C2H2_ZF.0298	0.5090390466150383	0.8294585217936191	0.09949027264389883	-1.721833004784214	-1.6379053338373053	0.0	0.0	0.0	0.0	0.3636524901326001
GM.5.0.Zinc_cluster.0001	-2.3480067489338188	-1.8830117004025169	0.22414189580046145	-2.4132554502576613	-0.11705701150979059	0.0	0.0	0.0	0.0	0.39026120892279037
GM.5.0.C2H2_ZF.0080	-0.4439551073679721	-0.5791556972037119	-0.17360979318903097	0.7384708788962339	-0.25408783774650345	0.0	0.0	0.0	0.0	0.487826511153488
GM.5.0.Unknown.0105	-0.8921167946949371	0.901633927076912	-0.9243752705467734	1.2270793290165012	0.7745534387881043	0.0	0.0	0.0	0.0	0.2705219743669342
GM.5.0.Nuclear_receptor.0118	-1.6939836750815875	-0.6299591085933598	-1.8411073312358859	1.0083909441849443	1.36412440976249	0.0	0.0	0.0	0.0	0.2660871879019025
GM.5.0.Unknown.0169	1.1330025307919005	0.5186624904863509	2.234692694992359	2.8053378403126032	0.24356466152557893	0.0	0.0	0.0	0.0	0.319304625482283
GM.5.0.C2H2_ZF.0147	0.3494364834298027	0.48824817771891593	-2.4947257283732434	-2.3691145400787614	-1.4777227468687044	0.0	0.0	0.0	0.0	0.36808727659763185
GM.5.0.T-box.0012	-0.03323840011615719	-0.7955414564198671	-1.0822150624025744	0.9913218590891638	1.5803176379535193	0.0	0.0	0.0	0.0	0.40800035478291724
GM.5.0.Prospero.0001	1.4802833950371181	1.4857935216065838	-0.08224976163255414	0.03493178053037102	0.21885192343672	0.0	0.0	0.0	0.0	0.46565257882832944
GM.5.0.C2H2_ZF.0146	-0.5852623853684014	-0.2796138668059915	-0.4534219535234529	1.608217393593892	1.1386065562369343	0.0	0.0	0.0	0.0	0.2971306931571245
GM.5.0.Homeodomain.0153	1.4181586614256116	1.4413156920154964	0.7854507478679935	1.3795569733184498	0.5935885553536617	0.0	0.0	0.0	0.0	0.5233048028737417
GM.5.0.Nuclear_receptor.0081	1.401841630885296	0.8429561034427483	-1.2362180354613719	2.0814628688553483	0.6703498753111203	0.0	0.0	0.0	0.0	0.24834804204177569
GM.5.0.Nuclear_receptor.0116	1.8222771751545606	0.7506147598709425	0.5651039013060157	2.2115277416943657	1.461993093173901	0.0	0.0	0.0	0.0	0.350348130737505
GM.5.0.Forkhead.0055	0.5905632774600196	-1.575912358310294	0.5809957626859674	-0.4496841343133643	-0.9011310410016518	0.0	0.0	0.0	0.0	0.2882611202270611
GM.5.0.Ets.0038	-0.9145713861691677	0.24500473436903228	-0.5210017953053186	1.2802709423624543	0.07674675611788873	0.0	0.0	0.0	0.0	0.20400017739145862
GM.5.0.Unknown.0015	0.6284439335855755	0.6034466862115181	-1.9673698404078517	-1.3597396150753094	-1.1071749955965795	0.0	0.0	0.0	0.0	0.3725220630626635
GM.5.0.TEA.0005	1.774936608471027	1.381262740235438	-0.5228204720447585	-0.1266500764261818	0.23373219834880163	0.0	0.0	0.0	0.0	0.594261386314249
GM.5.0.Paired_box.0018	-0.6927340957560157	-1.3917571730803302	-1.7564997650597038	-0.2992759421944524	1.738633722536775	0.0	0.0	0.0	0.0	0.425739500643044
GM.5.0.C2H2_ZF.0286	-0.23434232053425846	0.014296705731876962	-2.504761946008569	-0.05060161984740873	1.7585143446906895	0.0	0.0	0.0	0.0	0.8736529336112466
GM.5.0.HSF.0008	-1.9383537555675296	-1.8915170001873074	-0.7220771638244721	-1.2028076969043604	-1.1167187097927527	0.0	0.0	0.0	0.0	0.3237394119473147
GM.5.0.STAT.0015	0.6521216150438196	0.2219467561105014	-0.755869802210536	-0.10920582355655306	-1.4134970247442993	0.0	0.0	0.0	0.0	0.31486983901725135
GM.5.0.Nuclear_receptor.0007	0.7384199996037829	-0.08128813457968175	-0.6498835452055624	-0.5165801168165818	0.5680638609611424	0.0	0.0	0.0	0.0	0.3547829172025367
GM.5.0.C2H2_ZF.0276	0.36430739575121945	0.9395409951796417	0.8591507850301614	1.6261919021928066	1.2215178219769924	0.0	0.0	0.0	0.0	0.6341744644995343
GM.5.0.Mixed.0103	-0.6321401091305285	-1.041273144523254	1.5391533528884676	0.9374275514251712	0.6266525545320286	0.0	0.0	0.0	0.0	0.3015654796221562
GM.5.0.C2H2_ZF.0307	-1.1967405453759496	-1.8313950965127506	0.30067907925081905	0.6726053417983311	0.2908887456042117	0.0	0.0	0.0	0.0	0.22617410971661717
GM.5.0.Forkhead.0042	-0.38758362590966544	-0.6412986271985359	0.7833393748011187	-0.5877729307032953	0.4245446828118478	0.0	0.0	0.0	0.0	0.7805224178455807
GM.5.0.STAT.0016	-0.9047304684699584	-0.4873856390160674	0.8054614200548786	0.3724121877073219	1.0747341836429305	0.0	0.0	0.0	0.0	0.3592177036675684
GM.5.0.bZIP.0032	-0.7306004373941903	-1.3963878710471658	-1.0504224630805705	1.3395049862986357	1.6546932212301797	0.0	0.0	0.0	0.0	0.3547829172025367
GM.5.0.Unknown.0062	1.2158043000918763	1.2575398706740188	-0.07655582211034935	1.1992160115544914	0.4296922796494365	0.0	0.0	0.0	0.0	0.26165240143687085
GM.5.0.GATA.0025	0.17615777704849273	0.17107451340314933	-0.08929850516035473	1.3001091723608822	0.12434856017204156	0.0	0.0	0.0	0.0	0.0
GM.5.0.C2H2_ZF.0123	-2.3037634292900875	-1.7488347675853981	0.3245733028878645	0.8432463221909322	0.42363488953023776	0.0	0.0	0.0	0.0	0.39469599538782213
GM.5.0.CSD.0001	-0.6131775128136386	-1.116358937611944	-0.35012166597846217	-1.683814131867178	-1.445223792125702	0.0	0.0	0.0	0.0	0.319304625482283
GM.5.0.C2H2_ZF.0079	-0.44306921422575024	-0.37220867199278035	-0.3199438478378506	1.0770172255158303	-0.48013719327560966	0.0	0.0	0.0	0.0	0.0
GM.5.0.SMAD.0007	0.42616583032923294	-1.334522065151562	-2.5233673334902913	-0.15388507845737315	1.2035531372562331	0.0	0.0	0.0	0.0	0.838174641890993
GM.5.0.C2H2_ZF.0256	0.1786079384114444	0.2706157223953643	1.2356393481569494	1.6234759539658101	0.738040104602668	0.0	0.0	0.0	0.0	0.22173932325158544
GM.5.0.Nuclear_receptor.0099	1.3467278263117903	1.6326653460049247	-0.895527218149297	1.3732679607806668	0.29542556977261497	0.0	0.0	0.0	0.0	0.2926959066920928
GM.5.0.C2H2_ZF.0284	0.10077890908346712	-0.05327338740163149	1.1375365381653584	-0.971005059082617	-0.21958111165194963	0.0	0.0	0.0	0.0	0.7938267772406759
GM.5.0.Homeodomain.0149	-1.8386769551179598	-2.4806177338491806	-0.9304037451672377	-2.6464287378064264	-1.7156912027967448	0.0	0.0	0.0	0.0	0.2926959066920928
GM.5.0.Sox.0001	0.848221108047192	0.7997458565286841	1.3162707775770504	0.7024381583837743	-0.9630561080234155	0.0	0.0	0.0	0.0	0.0
GM.5.0.Homeodomain.0108	-0.013240521400281088	-0.09647318982694701	1.1277799003920026	1.2415019174686197	1.1856383410853828	0.0	0.0	0.0	0.0	0.40800035478291724
GM.5.0.C2H2_ZF.0181	1.267614843885808	1.6479373502616448	-0.08517824328254736	0.20962082642635926	-0.6319758675149891	0.0	0.0	0.0	0.0	0.3725220630626635
GM.5.0.Unknown.0042	-2.879345746091266	-2.9432364324360503	-2.541420713367571	1.2231104345334143	0.7299722520247011	0.0	0.0	0.0	0.0	0.33260898487737817
GM.5.0.bHLH.0109	0.011571389010845711	-0.713643939101454	-0.6203360712190434	0.1977330006164128	0.4861216719859058	0.0	0.0	0.0	0.0	0.3991307818528538
GM.5.0.Mixed.0017	-0.2467449681887062	-0.23145787532931975	0.09371168449974769	-1.0783771988078528	-0.1805092795148947	0.0	0.0	0.0	0.0	0.27495676083196596
GM.5.0.SAND.0006	0.7244378612185972	0.8096332265375247	-1.271992053598919	-0.1932683979278346	-1.5422598868237558	0.0	0.0	0.0	0.0	0.2926959066920928
GM.5.0.Unknown.0202	0.2679859677056257	1.3310087543870286	-0.043933915421996574	2.139354397113363	0.5796155267592769	0.0	0.0	0.0	0.0	0.3060002660871879
GM.5.0.Ets.0032	0.2780891672248442	0.48824009178879574	-0.33130783249996765	-1.0467980660399792	-1.8619222987810682	0.0	0.0	0.0	0.0	0.350348130737505
GM.5.0.Paired_box.0020	-0.8987653737909015	-0.8959098377236424	-1.1465055700890774	0.5324965403365771	1.1546974988446896	0.0	0.0	0.0	0.0	0.5676526675240587
GM.5.0.Forkhead.0024	-0.7519936634783113	-1.1283514929662963	-0.8576077322965769	0.3177820743573324	1.1120355621852744	0.0	0.0	0.0	0.0	0.27939154729699767
GM.5.0.Runt.0006	-0.24928140786926165	0.05753374240702277	-3.329509589714729	-3.472622173459148	-3.002658777204207	0.0	0.0	0.0	0.0	0.31486983901725135
GM.5.0.RFX.0012	-2.6268000713178234	-2.9574100679782163	-0.09403135747213384	-2.867344743851702	-2.3231773408047207	0.0	0.0	0.0	0.0	0.27939154729699767
GM.5.0.C2H2_ZF.0132	1.7207411467661102	1.3496369816561216	-1.269898641430276	-0.30318093777174016	-1.1005756880282502	0.0	0.0	0.0	0.0	0.33704377134240987
GM.5.0.Nuclear_receptor.0056	2.1406740356378315	1.2811338230050775	-0.8246357639740329	1.3222841748217922	1.7942447226524123	0.0	0.0	0.0	0.0	0.425739500643044
GM.5.0.HSF.0009	0.2613805344131202	1.2613819371397372	0.257733451153044	2.2214822441243385	0.5428927376124028	0.0	0.0	0.0	0.0	0.40800035478291724
GM.5.0.Unknown.0072	-3.0691206897475363	-3.084932427556523	-1.4943372459189426	-3.1762046425477943	-1.3646925576273308	0.0	0.0	0.0	0.0	0.0
GM.5.0.C2H2_ZF.0177	-0.15761267966171982	-0.47732513233910806	-1.6726610789686593	-1.9700655105036866	-0.6298935268911937	0.0	0.0	0.0	0.0	0.5986961727792807
GM.5.0.Nuclear_receptor.0095	0.6477176016941555	1.3229500277662036	-1.5377279887866746	-0.9287531219674354	-1.1777186154817167	0.0	0.0	0.0	0.0	0.43017428710807576
GM.5.0.Homeodomain.0053	0.2945618117577134	0.730191269192876	0.12902196430023005	1.9919116956666567	1.3845527215952564	0.0	0.0	0.0	0.0	0.43460907357310746
GM.5.0.Nuclear_receptor.0059	0.5202106479806856	0.6061111203131383	-2.6422353014367497	1.4677980812399074	0.796717441808445	0.0	0.0	0.0	0.0	0.23947846911171228
GM.5.0.Unknown.0065	0.7057356283952395	-0.5070280984806305	0.4035157733715149	1.0795493851890252	1.7611283785330234	0.0	0.0	0.0	0.0	0.7406093396602953
GM.5.0.Unknown.0127	-0.6518099184822722	-0.3326836192072011	1.196591337045863	-0.22546439809927327	-0.6869838628592315	0.0	0.0	0.0	0.0	0.319304625482283
GM.5.0.C2H2_ZF.0216	-1.8588057008953838	-2.267757975748978	-1.2409935331961408	0.9151890079265027	0.9850215057319002	0.0	0.0	0.0	0.0	0.45234821943323433
GM.5.0.bZIP.0084	-0.44537146885758994	0.9178227240553891	-0.8852168055631003	-0.5784807379836148	-1.301787903542601	0.0	0.0	0.0	0.0	0.2572176149718391
GM.5.0.Mixed.0005	-1.1287004739294566	-1.1856590243607845	-0.7246328664424597	-2.6695160563931783	-1.779502685169654	0.0	0.0	0.0	0.0	0.46565257882832944
GM.5.0.C2H2_ZF.0154	0.3405159146033232	0.9783837883755462	0.8674351184871691	-0.570494681335869	-1.0366622289159628	0.0	0.0	0.0	0.0	0.31486983901725135
GM.5.0.C2H2_ZF.0236	-1.6226347263648282	-1.8253421604433322	-0.558424024094633	0.1388635061154464	0.5927214469591168	0.0	0.0	0.0	0.0	0.5055656570136148
GM.5.0.C2H2_ZF.0178	1.2723561013395788	1.1782592267376761	-0.41331041849582806	-0.009833257428222024	-0.5178892232912958	0.0	0.0	0.0	0.0	0.33260898487737817
GM.5.0.Forkhead.0057	0.47492570116081095	0.5870076013056438	-0.4692810570483221	0.47115234412352447	0.032870915019758015	0.0	0.0	0.0	0.0	0.43017428710807576
GM.5.0.bHLH.0078	-0.029065620622365812	0.28057274747629046	0.8340806275438494	-0.17852470594513803	0.09557132363777703	0.0	0.0	0.0	0.0	0.2882611202270611
GM.5.0.Forkhead.0041	-1.4307387788450452	-1.776115298905026	0.8734608590252606	-1.7987879514350236	-1.201942897625375	0.0	0.0	0.0	0.0	0.319304625482283
GM.5.0.bZIP.0075	-2.9248006542859355	-2.5899994874109398	0.12125144229621308	0.06316860821607645	2.0516457580998737	0.0	0.0	0.0	0.0	0.5499135216639319
GM.5.0.Mixed.0109	1.1169006632862009	0.88776721063475	-0.8936724498552517	-1.3988425587102578	-2.2816211058093177	0.0	0.0	0.0	0.0	0.2572176149718391
GM.5.0.C2H2_ZF.0283	1.2193611402120825	0.6772863372268643	-1.0276412654535585	1.7017376893557925	-0.26991266939342523	0.0	0.0	0.0	0.0	0.28382633376202937
GM.5.0.C2H2_ZF.0092	-0.4663874689297042	0.010301689523735747	0.5994103055659137	-0.100100968556483	0.09603964734984961	0.0	0.0	0.0	0.0	0.5233048028737417
GM.5.0.C2H2_ZF.0219	-0.8630051731155419	-1.3738982452015187	0.4048489019904674	1.6703681083244637	1.0563148191012703	0.0	0.0	0.0	0.0	0.3060002660871879
GM.5.0.Mixed.0042	0.23362456281373556	1.6498527167823784	1.6130880074855	-0.03530895494876354	-0.12980561416681147	0.0	0.0	0.0	0.0	0.4612177923632977
GM.5.0.C2H2_ZF.0107	1.818572638242276	1.244913471114863	-2.8837542823026796	-0.7128428065689342	-0.9533844639381995	0.0	0.0	0.0	0.0	0.2705219743669342
GM.5.0.Mixed.0035	-1.2221770832740706	-0.48694780631358053	-0.3325968477984928	0.03350360587339181	-1.4335653885994848	0.0	0.0	0.0	0.0	0.0
GM.5.0.Nuclear_receptor.0102	0.10199405859965895	0.06977357850957151	-1.089473498616562	-0.8016700468494908	-0.384576952035695	0.0	0.0	0.0	0.0	0.43460907357310746
GM.5.0.GATA.0018	1.3195397371075162	1.0849214334022914	0.7742142779163567	1.667607360483183	-0.14379107148707782	0.0	0.0	0.0	0.0	0.3104350525522196
GM.5.0.bZIP.0069	-3.37015588458162	-3.9790714487703878	-0.7512797815741251	-1.6768341391370074	-1.210384825666587	0.0	0.0	0.0	0.0	0.43460907357310746
GM.5.0.Homeodomain_POU.0018	-0.45580866288366556	0.27164910278654514	0.16476258020508774	-0.6498876067088721	-1.461495207203468	0.0	0.0	0.0	0.0	0.2882611202270611
GM.5.0.Mixed.0022	1.646078768098426	1.6436386629544706	0.7529378930657413	-1.3046683309711347	-1.417554073649553	0.0	0.0	0.0	0.0	0.5188700164087099
GM.5.0.RFX.0007	0.7109510225129225	-1.1983689616178779	-1.4481357467971456	-0.9668512746793377	0.5169329802733807	0.0	0.0	0.0	0.0	0.23504368264668057
GM.5.0.bHLH.0088	0.30215367820635475	-0.08656328617141211	-0.42065178517037655	-2.410518649946515	-0.9918083794727506	0.0	0.0	0.0	0.0	0.41686992771298065
GM.5.0.bZIP.0082	0.17832186201951258	0.43348779645503605	1.202739395234168	2.0538215828974455	1.3607307517176765	0.0	0.0	0.0	0.0	0.38139163599272696
GM.5.0.Mixed.0105	-0.6936773675635144	-0.3594050415429934	-0.3970655836762416	1.410032356014299	1.7221826375163163	0.0	0.0	0.0	0.0	0.49669608408355137
GM.5.0.Nuclear_receptor.0050	0.45979633470080705	0.16874786489366897	-3.265823718280466	-0.04186600633775591	0.06795276773734882	0.0	0.0	0.0	0.0	0.23504368264668057
GM.5.0.Grainyhead.0006	-1.4676256116009077	-1.3749043998067665	0.5390651403230363	0.5233981915874762	0.4048980856559499	0.0	0.0	0.0	0.0	0.39026120892279037
GM.5.0.C2H2_ZF.0106	-3.2904829527482815	-3.299557338229279	-1.6708095810742292	-1.1234411076459252	1.5840837769997376	0.0	0.0	0.0	0.0	1.0421748192824514
GM.5.0.bZIP.0061	0.3407335650909727	0.8109309072488078	0.3341665574940576	-0.9125985686117439	-0.3579423817608111	0.0	0.0	0.0	0.0	0.4479134329682026
GM.5.0.Unknown.0193	0.2638361764813341	-1.2625128514919557	-1.7891249598221133	0.11588623444341137	0.0022890336288540164	0.0	0.0	0.0	0.0	0.28382633376202937
GM.5.0.STAT.0008	0.388235501517727	0.42981960887271486	0.015459688192369684	1.4526817472319127	0.7369574911004568	0.0	0.0	0.0	0.0	0.487826511153488
GM.5.0.Mixed.0006	0.826779363478778	1.1185503872583218	-0.9046131823923879	0.6735269401810837	-1.0415819606154717	0.0	0.0	0.0	0.0	0.22617410971661717
GM.5.0.CxxC.0001	1.1874491982527615	0.681884019680263	2.140727264735484	0.0987094851605934	-0.6459202192835005	0.0	0.0	0.0	0.0	0.6297396780345027
GM.5.0.Homeodomain.0146	0.16520110555490114	0.31750647876390936	-1.2283511580925663	-0.8018252950098312	-1.5869318349312858	0.0	0.0	0.0	0.0	0.0
GM.5.0.C2H2_ZF.0239	0.1477428134240011	-0.09516113898046219	-0.31767915394768986	0.8312205712995046	0.9670038031141955	0.0	0.0	0.0	0.0	0.27495676083196596
GM.5.0.Unknown.0185	0.17016788407072772	-0.15732374363215912	0.9644314036869446	1.8365093400233472	-0.5483537890009574	0.0	0.0	0.0	0.0	0.36808727659763185
GM.5.0.C2H2_ZF.0255	-1.614848322243496	-1.1507962195588421	-0.7678612386167056	-1.5808054370120423	0.5373335528378225	0.0	0.0	0.0	0.0	0.4390438600381391
GM.5.0.SMAD.0018	0.3118655828109898	1.2263659473272126	0.8125060789793369	-1.554232137689474	-0.4815403549206508	0.0	0.0	0.0	0.0	0.4745221517583928
GM.5.0.C2H2_ZF.0192	-0.883884521568075	-0.9251284619748259	0.162458575880492	1.088849842283744	-0.5192376509176253	0.0	0.0	0.0	0.0	0.23504368264668057
GM.5.0.Homeodomain.0184	0.1820405678040556	0.09163771163794565	-0.8496695513668732	-1.6334494654943492	-2.3623373142802917	0.0	0.0	0.0	0.0	0.0
GM.5.0.Homeodomain.0194	-0.4478384128594092	-0.18351393473288677	-1.572400255547497	-1.2749147762972743	-0.7710964844254945	0.0	0.0	0.0	0.0	0.4035655683178855
GM.5.0.Nuclear_receptor.0082	-1.1349166497868484	-1.5179268024191803	-1.982174650259901	2.394174898671413	2.3558341313904587	0.0	0.0	0.0	0.0	0.3104350525522196
GM.5.0.Mixed.0050	-0.6791995482686591	-0.29298086587604844	-0.39438977400486414	-2.423009681211903	-2.3226744710689005	0.0	0.0	0.0	0.0	0.32817419841234646
GM.5.0.Grainyhead.0008	0.06884068010127595	-0.17025455880282223	0.7014636702757747	1.3513047731654264	0.7655351451802151	0.0	0.0	0.0	0.0	0.33704377134240987
GM.5.0.Unknown.0047	1.7717391618836464	1.2142017125565314	-0.7631205390373718	-0.5575100464438546	-1.0253496257598602	0.0	0.0	0.0	0.0	0.28382633376202937
GM.5.0.C2H2_ZF.0012	0.9965055797675735	0.4557241130437371	1.8140827973361897	1.1050577744790895	0.9638469848374477	0.0	0.0	0.0	0.0	1.0111313140272296
GM.5.0.Mixed.0031	0.4760936563212356	-0.0678216041762758	-0.016761666721162104	-1.9898455461947788	-2.1680202977669105	0.0	0.0	0.0	0.0	0.23060889618164884
GM.5.0.Paired_box.0017	-0.37927633428396235	-0.4805794646892905	-1.6454671481093013	-1.7977380211325682	-1.3877708353242642	0.0	0.0	0.0	0.0	0.33704377134240987
GM.5.0.GATA.0022	-1.2616615620150078	-1.4916521067997213	-0.864794122968399	0.6348774466301637	1.1033639416442393	0.0	0.0	0.0	0.0	0.4612177923632977
GM.5.0.Nuclear_receptor.0069	0.35051851379560023	-0.2695639081340118	-0.030678224543425066	-1.8107123725560792	-1.0358974441492366	0.0	0.0	0.0	0.0	0.3592177036675684
GM.5.0.C2H2_ZF.0114	1.0658668802155098	2.1670505879444932	-0.36463299663659804	1.9484701206681598	1.1373915946243875	0.0	0.0	0.0	0.0	0.44347864650317087
GM.5.0.C2H2_ZF.0151	1.8285159387561156	2.2041202235765525	1.4197341802664327	1.0940572345436572	0.5697929388409506	0.0	0.0	0.0	0.0	0.44347864650317087
GM.5.0.Unknown.0017	-1.001844862472093	-0.10764713257128511	-0.48693378977088847	1.3552669343387214	1.646258885258791	0.0	0.0	0.0	0.0	0.5765222404541221
GM.5.0.Grainyhead.0001	-1.7315891115749353	-1.6649375506997548	0.5081176739076803	1.5699473598114755	0.6086013540011163	0.0	0.0	0.0	0.0	0.532174375803805
GM.5.0.C2H2_ZF.0087	0.06996716006910196	0.17184558551669868	-1.5535769988958927	-0.27707524799823124	-0.8752028315111102	0.0	0.0	0.0	0.0	0.0
GM.5.0.Unknown.0044	0.37349420130149713	0.9734292005724806	0.25848834693131073	-1.1044574104643972	-0.5440810975966159	0.0	0.0	0.0	0.0	0.5410439487338684
GM.5.0.TEA.0006	0.880705509590808	0.8435397018641957	-0.8304385711904427	0.7487267423494545	0.36249232397329534	0.0	0.0	0.0	0.0	0.41686992771298065
GM.5.0.Homeodomain.0044	-0.3807766075396765	-0.5150824268337932	-0.5340996951848115	1.410020974720295	0.3981984630014293	0.0	0.0	0.0	0.0	0.38139163599272696
GM.5.0.ARID_BRIGHT.0003	-0.7449344799417023	-0.6127724915689703	0.12888904340935847	-1.2526899389122375	-1.3201485068444707	0.0	0.0	0.0	0.0	0.0
GM.5.0.Homeodomain.0165	0.3291876713902205	1.3354543989692678	1.560961799444139	0.4634692595255335	-0.6377974703010857	0.0	0.0	0.0	0.0	0.39026120892279037
GM.5.0.Rel.0007	-0.8866474784518817	-0.8471778233992815	1.2727676823976466	-1.4470926407111957	-0.8384311672756835	0.0	0.0	0.0	0.0	0.33704377134240987
GM.5.0.T-box.0014	0.42418385851993845	0.9040725790398724	1.88367584840339	0.29996446687000156	0.8734291141422529	0.0	0.0	0.0	0.0	0.8559137877511197
GM.5.0.T-box.0025	0.6853892764235052	-0.5169831247951258	-0.5548626376281053	0.029006546565967455	0.621321920076891	0.0	0.0	0.0	0.0	0.5366091622688368
GM.5.0.p53.0009	-1.9919025853976071	-1.5645458618089856	-0.310817648277345	1.4589627970549723	1.7580651105082208	0.0	0.0	0.0	0.0	0.41686992771298065
GM.5.0.C2H2_ZF.0257	-2.5246681846648515	-2.519222280669479	-2.330768374690197	0.4231500490103024	0.8973690392772103	0.0	0.0	0.0	0.0	0.2660871879019025
GM.5.0.GATA.0016	-0.44528246127621657	-0.09170483672688924	0.49762705149250686	0.04875267525651202	0.12783216746790863	0.0	0.0	0.0	0.0	0.48339172468845626
GM.5.0.Homeodomain.0195	-1.5250039086824394	-0.7620801227919033	-0.4614138425177365	-1.5799238127689932	0.5544520247554232	0.0	0.0	0.0	0.0	0.33704377134240987
GM.5.0.Homeodomain.0189	-1.9523399271858244	-2.2341618166503956	-1.1853692195605259	-2.3569548919068954	1.6376924988671049	0.0	0.0	0.0	0.0	0.6341744644995343
GM.5.0.Unknown.0066	-1.024510307245537	-1.1445084882752325	0.031176923532807866	0.5465569078787368	0.351255477661829	0.0	0.0	0.0	0.0	0.638609250964566
GM.5.0.T-box.0010	-0.3646140286368309	-1.1516947309889043	-1.0178956017470482	1.447663115499591	0.8852380562139137	0.0	0.0	0.0	0.0	0.3237394119473147
GM.5.0.CUT_Homeodomain.0010	0.6919483759743892	-0.18846421523248943	0.3886625632970672	-0.5847420337281551	-1.034940777751553	0.0	0.0	0.0	0.0	0.4745221517583928
GM.5.0.TEA.0002	-1.7958495683406472	-1.9636792074786158	0.8803797094038068	-0.8773498951599081	-0.668517175647985	0.0	0.0	0.0	0.0	0.3991307818528538
GM.5.0.bHLH.0084	-0.041823245669195167	-0.3010308046069665	-0.5018696993270753	0.5475710170135364	0.33849199559762466	0.0	0.0	0.0	0.0	0.4124351412479489
GM.5.0.Nuclear_receptor.0080	0.2338771593325612	0.36285607554235627	-2.326653642084006	0.17954108221360604	0.829469826717201	0.0	0.0	0.0	0.0	0.2527828285068074
GM.5.0.Unknown.0005	0.5107824638609105	0.6943424054505091	-0.14827055375776121	-1.2860126867954427	-0.5624622666873692	0.0	0.0	0.0	0.0	0.5366091622688368
GM.5.0.Myb_SANT.0007	1.8743851357385934	1.8999762301823884	0.7896122468563441	-0.07729439916870265	-1.5605042573822856	0.0	0.0	0.0	0.0	0.1995653909264269
GM.5.0.Nuclear_receptor.0063	0.702752186520544	0.47986735807544706	-0.6155301038744616	-0.3037176968188752	0.26451856568596493	0.0	0.0	0.0	0.0	0.3015654796221562
GM.5.0.Homeodomain.0199	1.5972859936261734	1.078432129129623	0.20828577054118988	-0.30767170878625777	-0.8795127357913116	0.0	0.0	0.0	0.0	0.33704377134240987
GM.5.0.Sox.0022	0.4492516057002124	0.4555046860044901	0.5493986283714002	-0.9157932151987322	-0.23759597132782823	0.0	0.0	0.0	0.0	1.658610137921859
GM.5.0.Homeodomain.0132	-0.5066944786260537	0.6333128981610051	-1.777412152635505	0.24939498253692782	0.014006955812458225	0.0	0.0	0.0	0.0	0.2882611202270611
GM.5.0.C2H2_ZF.0202	-2.109694169996295	-1.7413229073402587	-0.6148356130512733	-1.7205708851900405	0.20471571642793507	0.0	0.0	0.0	0.0	0.319304625482283
GM.5.0.bZIP.0094	0.504162551828874	1.436703783088945	-0.3377672949356612	0.843793143585684	1.4318149333799428	0.0	0.0	0.0	0.0	0.4745221517583928
GM.5.0.bZIP.0070	-0.3613698279499829	-0.25079777375004947	0.5273112877121571	1.6278467224929396	1.6807793324887854	0.0	0.0	0.0	0.0	0.4035655683178855
GM.5.0.C2H2_ZF.0278	0.05368784466849373	0.1295831604935676	-1.7346649863577184	-1.8761555738629296	-0.5107416105758412	0.0	0.0	0.0	0.0	0.33704377134240987
GM.5.0.Unknown.0018	-0.23691303707909558	0.032194857205253134	1.5278030370513598	1.2835569065315269	-0.6924408187777636	0.0	0.0	0.0	0.0	0.39026120892279037
GM.5.0.STAT.0013	1.12451910231099	0.4436190201978771	-1.207906374678529	1.0964676093225338	0.31274522811513433	0.0	0.0	0.0	0.0	0.3237394119473147
GM.5.0.SMAD.0009	-1.8764366991675896	-2.8069432860036203	0.6130769353968051	0.4668356630029212	1.3122188138111712	0.0	0.0	0.0	0.0	0.487826511153488
GM.5.0.bHLH.0086	-0.9903361103977304	0.12860265827963566	-1.039627902900498	0.5298282350218059	-0.29259949735865354	0.0	0.0	0.0	0.0	0.0
GM.5.0.C2H2_ZF.0149	0.23455232751118002	0.24529916525301565	0.7621477207971913	0.959673019442262	-0.42473004440186923	0.0	0.0	0.0	0.0	0.0
GM.5.0.RFX.0014	-1.102698912146064	-1.3664962961109102	-0.32946084269121634	-0.09960639375420013	0.11674652171095579	0.0	0.0	0.0	0.0	0.47008736529336115
GM.5.0.Paired_box.0010	-0.14746596641780738	0.33988776198654996	1.9128092565657047	0.6566560434770761	0.9994622072893347	0.0	0.0	0.0	0.0	0.3725220630626635
GM.5.0.THAP_finger.0006	-0.34712642149081213	-0.27483462954155774	-0.7961197341561336	-0.03006553112620543	0.14616401974453636	0.0	0.0	0.0	0.0	0.6031309592443124
GM.5.0.ARID_BRIGHT.0005	1.2397207859809904	1.3956533177830535	1.503626681021709	0.7441699865998586	-1.5346850370235436	0.0	0.0	0.0	0.0	0.0
GM.5.0.bHLH.0061	-1.151946092477174	-2.0121914284411817	1.7103309728110523	1.3014774232153405	1.4770680501532565	0.0	0.0	0.0	0.0	0.5410439487338684
GM.5.0.Unknown.0077	0.25403183816606595	0.24671936337052958	0.5914814729262161	0.8608796469283979	1.2961883249713015	0.0	0.0	0.0	0.0	1.3038272207193224
GM.5.0.C2H2_ZF.0249	0.9735412364689437	-1.3897235704230375	-1.1226707733237984	1.200945190066876	1.0785400832882412	0.0	0.0	0.0	0.0	0.43017428710807576
GM.5.0.bZIP.0076	-0.023891502661136464	1.2228670651928726	-0.36021887645891615	1.3971106204969996	0.6290553803960378	0.0	0.0	0.0	0.0	0.3060002660871879
GM.5.0.C2H2_ZF.0157	-1.0895377736649674	-0.9100564922963034	0.1084888926215654	-0.9471094973856207	0.027179352302415572	0.0	0.0	0.0	0.0	0.3991307818528538
GM.5.0.C2H2_ZF.0069	-2.164883099185175	-2.726852756405947	0.7053407280321516	-1.2665490544568048	0.3612869347405607	0.0	0.0	0.0	0.0	0.5720874539890904
GM.5.0.MADS_box.0016	0.24080113844027007	-0.004662497542593762	-0.276447138932952	2.032168541070314	0.23051931945537438	0.0	0.0	0.0	0.0	0.3459133442724733
GM.5.0.C2H2_ZF.0240	-1.302103899877071	-1.1911443883366286	-0.5331484962870757	0.3760966831810006	0.5027760309861035	0.0	0.0	0.0	0.0	0.2572176149718391
GM.5.0.SMAD.0015	-0.837844781582277	-0.9801904724411938	0.6857435485653992	0.5463296970058589	1.3725333075027908	0.0	0.0	0.0	0.0	0.43017428710807576
GM.5.0.Sox.0017	1.0372479155841974	2.2894366707543403	-0.4850062463860583	0.05995304273818444	1.2717019055036378	0.0	0.0	0.0	0.0	0.913566011796532
GM.5.0.Nuclear_receptor.0090	0.4579422927414404	0.550881685641234	-1.00973273774328	-0.6563144386231293	-1.5341203556128116	0.0	0.0	0.0	0.0	0.0
GM.5.0.bZIP.0079	-1.7809677153541772	-1.5127169525914455	-2.084524177482843	-0.10770459317539494	1.6273009215416339	0.0	0.0	0.0	0.0	0.41686992771298065
GM.5.0.C2H2_ZF.0226	0.5819189720883815	0.10174098322734697	-0.13504356792757502	-1.4473160922597468	-1.0359048113580218	0.0	0.0	0.0	0.0	0.4390438600381391
GM.5.0.GATA.0028	0.3148535436059432	-0.15255308758761568	0.5074989973190213	0.49058197113330726	-0.669275111752214	0.0	0.0	0.0	0.0	0.3725220630626635
GM.5.0.Ets.0018	0.1154851158700069	-1.424042096603597	-1.4998332158923706	-0.3133973528859632	-1.073730343323341	0.0	0.0	0.0	0.0	0.0
GM.5.0.Unknown.0103	1.3482912190005452	1.1432754850266822	1.2009807585772976	2.269614864464043	1.2215421752664974	0.0	0.0	0.0	0.0	0.49669608408355137
GM.5.0.Forkhead.0048	-2.125685621723944	-1.3418207612295299	0.032262330261031924	0.6625112770957551	0.9177445522862994	0.0	0.0	0.0	0.0	0.4479134329682026
GM.5.0.Unknown.0074	-1.3984812901325354	-1.4102653158595948	0.01891853568056429	0.9046858186444182	0.3031669295747672	0.0	0.0	0.0	0.0	0.350348130737505
GM.5.0.HSF.0003	0.6989743996708293	1.0965513170958006	-1.9155934188818586	-1.4924313301645906	-1.0906384166886105	0.0	0.0	0.0	0.0	0.456783005898266
GM.5.0.Unknown.0034	-2.8388401783672683	-2.4819319225994656	-2.7768280139824277	0.23936072731607796	0.8886387380238179	0.0	0.0	0.0	0.0	0.33704377134240987
GM.5.0.Homeodomain.0118	-1.8557532370068448	-1.856411806188774	-2.1393391202507024	0.36031639315773795	-0.17169382601343736	0.0	0.0	0.0	0.0	0.0
GM.5.0.bHLH.0129	0.17043373558290992	0.14695213844718058	-0.7169229280266385	-1.2313916261807079	-0.22259707274599863	0.0	0.0	0.0	0.0	0.37695684952769526
GM.5.0.Rel.0005	0.24438235680954837	0.5616658691214752	-0.874741932090961	0.5518740878803867	1.15505810990592	0.0	0.0	0.0	0.0	0.47008736529336115
GM.5.0.T-box.0022	1.6986482075774323	1.941252791160433	-0.5880518050000964	-0.42155700831808385	-1.4751898307639064	0.0	0.0	0.0	0.0	0.319304625482283
GM.5.0.T-box.0023	-0.7601678662347878	-1.7479831677549131	-0.04913656847937716	0.5389226756929357	0.8954191310068643	0.0	0.0	0.0	0.0	0.6873919020799149
GM.5.0.Unknown.0098	-0.27138805936691174	0.2561423583577626	-0.5121139689708415	1.4099491169232696	0.566257030365952	0.0	0.0	0.0	0.0	0.2882611202270611
GM.5.0.Homeodomain_POU.0004	0.7169883546299184	0.25806231025856047	-0.8677857453574797	-1.5041763270682607	-0.9789313906685966	0.0	0.0	0.0	0.0	0.46565257882832944
GM.5.0.bZIP.0091	-0.3355600058404797	-0.1326229075941391	0.5823457627555779	0.5486743287546427	0.8260598125912372	0.0	0.0	0.0	0.0	0.5055656570136148
GM.5.0.Mixed.0057	-0.48360575905964887	-0.3734635592973839	-0.08018832687517131	-0.847436390582713	0.056126870462974175	0.0	0.0	0.0	0.0	0.487826511153488
GM.5.0.C2H2_ZF.0238	-1.0727648743476532	-1.0113055574077074	1.525835065171531	-0.8774710810518433	-0.6552320295080643	0.0	0.0	0.0	0.0	0.4035655683178855
GM.5.0.bZIP.0102	-0.40019696852175113	-0.12003873510802751	-0.6912459866078973	0.08826627272910322	1.4161976361484943	0.0	0.0	0.0	0.0	0.49226129761851967
GM.5.0.HSF.0006	-1.1806990557465176	0.16130107031137847	-0.5014877609984078	1.3449398772802137	0.6721421928016718	0.0	0.0	0.0	0.0	0.44347864650317087
GM.5.0.Paired_box.0011	0.6915114763262695	1.571881726050496	-1.103551879240132	-0.5214298602705998	-0.6490334707958098	0.0	0.0	0.0	0.0	0.42130471417801235
GM.5.0.C2H2_ZF.0075	-2.619568611116171	-1.2731289815511717	-3.125840577463403	-0.31781619036427855	-0.5869682690127641	0.0	0.0	0.0	0.0	0.0
GM.5.0.C2H2_ZF.0251	0.3518112843421914	-0.5258306636561078	0.8449386953319187	1.896391540495885	0.2310130643694653	0.0	0.0	0.0	0.0	0.3547829172025367
GM.5.0.Sox.0024	-0.4548835572984209	-0.8197937784411986	0.29615115477608855	1.4465593792099698	0.40396882856511906	0.0	0.0	0.0	0.0	0.39469599538782213
GM.5.0.Paired_box.0001	-0.8008082105836342	-0.03569725650794968	-0.3619222347591996	-0.04755673678890356	-0.5041814545164585	0.0	0.0	0.0	0.0	0.49226129761851967
GM.5.0.C2H2_ZF.0282	1.8229012019862205	0.1429139901458151	-1.0667770828092482	1.041989372523801	-0.44934018554989247	0.0	0.0	0.0	0.0	0.2926959066920928
GM.5.0.C2H2_ZF.0056	-1.7461715903960906	-0.8025514135337853	1.4378457340296376	0.5913586988641866	1.0088864520669905	0.0	0.0	0.0	0.0	0.5543483081289635
GM.5.0.Nuclear_receptor.0112	-0.5463948161335711	-1.732299337721192	-3.4466334392768854	1.8135395476439349	2.10591666740172	0.0	0.0	0.0	0.0	0.18626103153133175
GM.5.0.C2H2_ZF_Homeodomain.0003	2.5426016268209337	2.9608890754316572	1.2391351828651376	1.0492924958537553	-0.43320697438621	0.0	0.0	0.0	0.0	0.0
GM.5.0.MADS_box.0011	-0.9816482937685433	-1.0154144595311396	1.259835031946178	-0.5791785621902384	3.0440125921835355	0.0	0.0	0.0	0.0	1.0244356734223248
GM.5.0.AT_hook.0002	0.25463683695898176	0.21775290359509025	0.7311566252676287	-2.222145370985968	-1.4643187874018353	0.0	0.0	0.0	0.0	0.5100004434786465
GM.5.0.Nuclear_receptor.0145	-1.5980746921293674	-1.4483882107345645	0.6564058538245217	-1.2814851632997943	-0.8975352956231286	0.0	0.0	0.0	0.0	0.3991307818528538
GM.5.0.bHLH.0054	-1.300380078077844	-0.9979460356404988	-0.050851106453254274	0.06333227235880838	0.10182864116520633	0.0	0.0	0.0	0.0	0.425739500643044
GM.5.0.C2H2_ZF.0277	1.9973363201016618	0.4029302443559235	0.5544416586089248	0.4486515306763313	-0.7116864160781688	0.0	0.0	0.0	0.0	0.42130471417801235
GM.5.0.Nuclear_receptor.0133	0.05713383113805895	0.09738897822280343	-0.34188735458465647	1.2323435825575955	2.1301847472938733	0.0	0.0	0.0	0.0	0.5233048028737417
GM.5.0.Unknown.0106	-1.6254240618307854	-1.6272675338141545	1.0635694006292387	-1.6788502380373302	-1.2898880791845337	0.0	0.0	0.0	0.0	0.49226129761851967
GM.5.0.Homeodomain.0185	1.6540109278103807	1.550075864609294	-0.4517740259730377	0.4946305350583091	-0.559139504219113	0.0	0.0	0.0	0.0	0.31486983901725135
GM.5.0.bZIP.0021	-0.30576155364387286	0.17037000910840608	0.9907434618819081	1.2820145634925926	-0.7661503259767545	0.0	0.0	0.0	0.0	0.42130471417801235
GM.5.0.C2H2_ZF.0310	0.48670729996265844	0.6383513621337344	-0.023712193906236193	-0.5369954745257158	-0.7339875780335705	0.0	0.0	0.0	0.0	0.33704377134240987
GM.5.0.THAP_finger.0005	0.6183339735876825	0.500437035053468	-0.31244068920635076	-1.611529346504469	-0.6967712622625809	0.0	0.0	0.0	0.0	0.5454787351989001
GM.5.0.Unknown.0019	0.1957581143975366	0.14082580481433796	0.5268010716044785	-1.055676539899648	0.26372829682479154	0.0	0.0	0.0	0.0	0.8337398554259613
GM.5.0.GATA.0006	-1.7560955655208148	-1.6551255373404699	-0.2562810491377019	0.2317613294629131	1.2711257715737743	0.0	0.0	0.0	0.0	0.5898265998492173
GM.5.0.Homeodomain.0161	-0.08399973138386439	-0.4190632071436317	-0.16080287445952757	-1.674775149869486	-1.0989593265239812	0.0	0.0	0.0	0.0	0.4390438600381391
GM.5.0.Unknown.0001	-3.0477548170531077	-3.036236183417746	-1.199221105431272	-0.04946819016961954	1.0448139692748648	0.0	0.0	0.0	0.0	0.456783005898266
GM.5.0.C2H2_ZF_Homeodomain.0002	0.7361449624251547	0.7975830675691449	-1.8381520383987497	2.1430984607185377	0.22319878023864836	0.0	0.0	0.0	0.0	0.0
GM.5.0.GATA.0015	-2.228554331591331	-1.64412607220825	0.8240960523754101	0.6856416256776539	0.39378822039112815	0.0	0.0	0.0	0.0	0.3592177036675684
GM.5.0.MADS_box.0008	-1.3828107395921567	-1.2385532520487585	0.5102380303089271	-1.388718249550305	-0.03336927319554139	0.0	0.0	0.0	0.0	0.33260898487737817
GM.5.0.C2H2_ZF.0196	-0.2904968820540238	-0.11496694910801115	0.7160116873348947	1.908552546741955	0.9925436773094022	0.0	0.0	0.0	0.0	0.49226129761851967
GM.5.0.bZIP.0086	0.3822054163262099	0.6165234807564038	-0.8279921287433667	1.2753994724833169	-1.484228144858825	0.0	0.0	0.0	0.0	0.26165240143687085
GM.5.0.C2H2_ZF.0115	-0.6046442955870159	-0.878176745959	-0.44844619687589193	0.13841234382589204	1.856652346628945	0.0	0.0	0.0	0.0	1.1175661891879907
GM.5.0.Nuclear_receptor.0147	0.4498807494154074	-0.7504970710650494	0.015654111197923887	0.028067384592666174	0.3065454010903643	0.0	0.0	0.0	0.0	0.3547829172025367
GM.5.0.Unknown.0075	-0.36432804585034645	0.22091952996646944	1.224866538851131	0.9340455638017692	-0.3314761945316115	0.0	0.0	0.0	0.0	0.27495676083196596
GM.5.0.C2H2_ZF.0253	0.5968990789091906	0.8321215731721172	-1.1986752827699974	0.9973180382782134	0.6431617584213946	0.0	0.0	0.0	0.0	0.31486983901725135
GM.5.0.C2H2_ZF.0176	1.3459316026959347	1.1887720197430909	1.0249242970417873	0.2881644665988999	-0.6123382946983117	0.0	0.0	0.0	0.0	0.3636524901326001
GM.5.0.p53.0002	1.3017212028332674	0.5699385911538055	1.792418486228974	2.6425704685713813	1.0520285761062025	0.0	0.0	0.0	0.0	0.5410439487338684
GM.5.0.DM.0007	-0.3941964349710676	-0.040886723009296314	1.174977817241167	1.132622790956909	-0.36805741287275856	0.0	0.0	0.0	0.0	0.3725220630626635
GM.5.0.Homeodomain.0125	-0.7641436082671855	0.22786164773592357	0.28226166711359324	-0.7917049541465925	0.14385953185488623	0.0	0.0	0.0	0.0	0.4035655683178855
GM.5.0.bZIP.0099	0.8406391835101056	0.47156264912082085	1.525673787212542	-0.5021151165994957	-0.5444567302302604	0.0	0.0	0.0	0.0	0.38139163599272696
GM.5.0.C2H2_ZF.0124	-2.05216145027018	0.37660378214882	0.3405941604443391	-1.9047255188788041	-1.4807438465429679	0.0	0.0	0.0	0.0	0.39469599538782213
GM.5.0.Homeodomain.0148	0.5873851236062675	0.13579053047806952	-1.4706777613692048	-1.1495672396586283	-0.6357257787598178	0.0	0.0	0.0	0.0	0.42130471417801235
GM.5.0.Sox.0035	-0.7700039943629072	0.3924149636588864	-1.105686490480482	0.8767544859336032	0.7078345466383511	0.0	0.0	0.0	0.0	0.38582642245775867
GM.5.0.Myb_SANT.0002	2.2898000510630268	1.3515262187502233	-0.0707956350778928	-0.9539461024003306	-0.5848843502191193	0.0	0.0	0.0	0.0	0.745044126125327
GM.5.0.Rel.0013	0.8395080849436931	1.0182137501714903	-0.1461241890923637	-0.6933699343703604	-0.39255734120473074	0.0	0.0	0.0	0.0	0.45234821943323433
GM.5.0.Mixed.0008	1.472425135729162	1.5232285186731909	-0.7455650104067914	-0.31043849243511457	0.5183660588696744	0.0	0.0	0.0	0.0	0.6785223291498514
GM.5.0.GCM.0001	-0.6658559954997222	-0.19045092142414258	-2.7148148437606916	-0.2584851983596315	-0.9663117803767892	0.0	0.0	0.0	0.0	0.3725220630626635
GM.5.0.bHLH.0059	-2.1846391746828875	-2.3069750289158395	-1.017655735692227	0.437947892507804	0.7962807980077053	0.0	0.0	0.0	0.0	0.24834804204177569
GM.5.0.Homeodomain.0172	-1.1223726243069627	-0.8507902086105039	-0.7440924170792349	1.019139168969103	1.2813267448317847	0.0	0.0	0.0	0.0	0.48339172468845626
GM.5.0.Ets.0028	-1.2047316209339487	-1.8135784106416628	0.35873089053231333	1.3192137385519762	2.0956594958451884	0.0	0.0	0.0	0.0	0.5055656570136148
GM.5.0.Ets.0046	2.4662464911478543	1.6042669433630876	-0.2345666464611522	-0.9491969978424895	-2.9695024035484194	0.0	0.0	0.0	0.0	0.0
GM.5.0.Homeodomain.0135	0.9087964514425139	0.32038009516341714	0.37278377512528527	-1.0720090282069978	-0.5328218183747099	0.0	0.0	0.0	0.0	0.43017428710807576
GM.5.0.Homeodomain.0192	-0.8357803473519972	-0.8400639459523186	0.25447114194185705	-2.3053434053715924	-0.9979913595467044	0.0	0.0	0.0	0.0	0.4390438600381391
GM.5.0.Unknown.0126	0.009104590091186957	0.23932754326197614	1.9752248262780285	0.6424289091993175	1.0665748095957517	0.0	0.0	0.0	0.0	0.38582642245775867
GM.5.0.C2H2_ZF.0185	2.7691543758171964	2.4809552335055	-0.06513334264000066	0.9587867745245643	-0.7394766467113776	0.0	0.0	0.0	0.0	0.2705219743669342
GM.5.0.C2H2_ZF.0301	0.5583877115344625	1.1571525972402181	-0.4996389046073674	1.1029292050562292	-0.35749144254200926	0.0	0.0	0.0	0.0	0.41686992771298065
GM.5.0.Nuclear_receptor.0109	1.6923216714223581	1.4697274830898175	0.5226625012863629	-0.009732769493102901	-0.6268316318033335	0.0	0.0	0.0	0.0	0.43017428710807576
GM.5.0.Unknown.0070	-0.42831381949657193	1.6247852909944414	0.6515647530524978	-0.17281171813820081	-0.8897710266449881	0.0	0.0	0.0	0.0	0.38582642245775867
GM.5.0.C2H2_ZF.0248	-0.12058535359859789	-0.540905535864278	-0.9370233195817333	-2.978103240680758	-3.3041002630633787	0.0	0.0	0.0	0.0	0.0
GM.5.0.Forkhead.0027	-0.7718904742765493	0.5586432297165805	1.7209957599022774	-1.2443092072054047	-0.07992767758420861	0.0	0.0	0.0	0.0	0.6075657457093441
GM.5.0.GATA.0021	-0.7823298049544745	-0.7441432198981409	0.7999014295086482	0.5854305781939065	0.6457201664307	0.0	0.0	0.0	0.0	0.47895693822342456
GM.5.0.Mixed.0074	0.6988421605112225	0.9014800470279796	0.021186741680490815	-0.5395772950749329	-1.077627004107381	0.0	0.0	0.0	0.0	0.319304625482283
GM.5.0.Homeodomain.0098	-1.9295383891300883	-0.8612770713757522	0.05480267007166982	-2.0686398406828395	-0.4218165234213807	0.0	0.0	0.0	0.0	0.6341744644995343
GM.5.0.Mixed.0100	-2.240513044285695	-1.3483436350826135	-0.31080877402900997	-1.0970308283212729	-0.5088156960898141	0.0	0.0	0.0	0.0	0.3636524901326001
GM.5.0.bZIP.0083	-1.1875719873812975	-1.3686417479324642	0.2316681172520793	-0.6505768388099825	0.6735622319642178	0.0	0.0	0.0	0.0	0.8869572930063417
GM.5.0.Myb_SANT.0017	-0.08684384534895512	0.22355967737177224	-1.7718802788839696	-1.479199377530174	-1.6334723887689286	0.0	0.0	0.0	0.0	0.3547829172025367
GM.5.0.IRF.0012	0.655304485134874	0.5778752601662182	0.4872366923864497	-1.6021750344726575	-2.097647350454785	0.0	0.0	0.0	0.0	0.33260898487737817
GM.5.0.Mixed.0062	-0.4487430509794894	-0.3699038782282044	-0.5807556329768304	-2.175707420728943	-0.8560271606477015	0.0	0.0	0.0	0.0	0.42130471417801235
GM.5.0.Mixed.0061	0.9987639463460701	1.77604504869863	0.7866254727390859	0.6350186894558273	-0.10754306381955184	0.0	0.0	0.0	0.0	0.4035655683178855
GM.5.0.Nuclear_receptor.0079	1.1571059116688487	1.2405946545257933	-0.4822348118988124	-0.9407527752705442	-0.6057285341313257	0.0	0.0	0.0	0.0	0.47895693822342456
GM.5.0.Paired_box.0002	-0.7388809577683582	-0.7206393475511805	0.09750850248598981	0.6898124607979036	-0.3874468506206462	0.0	0.0	0.0	0.0	0.38582642245775867
GM.5.0.MADS_box.0019	0.675827154367126	0.9028841330522844	0.551275336205465	1.0494734592461459	-0.024777777944942746	0.0	0.0	0.0	0.0	0.36808727659763185
GM.5.0.bZIP.0065	1.7572145908160834	1.5223561811490829	1.8250689655328531	0.511900696253263	-0.0918438603502704	0.0	0.0	0.0	0.0	0.44347864650317087
GM.5.0.bZIP.0067	1.9067242815525918	2.247603066581185	-0.02687570276626614	1.2645661654538487	-0.09956507239590578	0.0	0.0	0.0	0.0	0.43460907357310746
GM.5.0.C2H2_ZF.0036	1.1781941818887165	1.0551025416656703	1.5099926757493536	0.249441780737484	-0.5865170262613464	0.0	0.0	0.0	0.0	0.33260898487737817
GM.5.0.Unknown.0060	-2.555115040390335	-2.4850715226675892	-0.48063501210432186	-2.21606795303917	-0.590823038466491	0.0	0.0	0.0	0.0	0.3414785578074416
GM.5.0.Unknown.0036	-1.775758162226296	-1.9403150182146034	-0.27699690062011806	-2.1462415398360495	0.2182760022607574	0.0	0.0	0.0	0.0	0.4035655683178855
GM.5.0.Rel.0019	0.4192986076002231	0.8346365991182664	0.6179507399652477	-0.9190229827211387	-1.569814398215739	0.0	0.0	0.0	0.0	0.46565257882832944
GM.5.0.Mixed.0056	-0.012047141478090191	-0.12783418876719088	1.319481405683371	-0.15809247025519169	-0.3027239244360569	0.0	0.0	0.0	0.0	0.42130471417801235
GM.5.0.C2H2_ZF.0200	2.359011786433089	2.2881296957991895	0.7358213382205454	2.395918709222154	0.04288564593307847	0.0	0.0	0.0	0.0	0.2572176149718391
GM.5.0.C2H2_ZF.0131	0.5274310316951473	0.7764750836884836	0.15844925413167446	-1.5598095986590488	-1.3737482264903296	0.0	0.0	0.0	0.0	0.39469599538782213
GM.5.0.Homeodomain_POU.0025	-0.3054124583797237	0.20302657859502415	-2.0532467804108827	-0.36800986145465525	1.0559134179079674	0.0	0.0	0.0	0.0	0.47008736529336115
GM.5.0.Unknown.0180	-2.610340718783171	-2.514838475250766	-2.9944405962548037	0.3324322666577156	0.5938192907345302	0.0	0.0	0.0	0.0	0.32817419841234646
GM.5.0.THAP_finger.0004	-0.15227186991724861	-1.0983226801419073	0.4670063472548257	-0.974923193787932	-0.9096223526332999	0.0	0.0	0.0	0.0	0.36808727659763185
GM.5.0.Unknown.0082	-1.3883125113055113	-1.8175229100270158	0.45209584559002475	-1.448765849266196	0.07063378292829002	0.0	0.0	0.0	0.0	0.43017428710807576
GM.5.0.TEA.0004	0.12171511465468433	1.1798069010292678	2.1301561321887417	0.04285926335412653	-0.8990292918674468	0.0	0.0	0.0	0.0	0.3015654796221562
GM.5.0.Mixed.0013	0.08325355641609146	0.2713774017281375	0.33556699625210595	-1.0711301136452998	-1.3420606004337658	0.0	0.0	0.0	0.0	0.319304625482283
GM.5.0.Unknown.0108	-1.7670968301819725	-2.637926909471196	-2.0960639955944447	0.8217401301269353	1.1952065843991582	0.0	0.0	0.0	0.0	0.4479134329682026
GM.5.0.Homeodomain.0187	0.3270359186925177	-0.5054345926261752	0.029349150178267187	-0.685354307512633	0.02361809885394664	0.0	0.0	0.0	0.0	0.32817419841234646
GM.5.0.C2H2_ZF.0077	1.216849282067884	1.3027179781621894	1.657720370862537	-0.41504677207688534	-1.349484906984573	0.0	0.0	0.0	0.0	0.243913255576744
GM.5.0.DP_E2F.0001	1.7461031660800097	1.5337267745824221	-0.27068025861995004	-1.184111335527665	-1.9473920185031306	0.0	0.0	0.0	0.0	0.32817419841234646
GM.5.0.Unknown.0009	2.152900928139796	1.105377524435251	0.8768698022394726	0.7780506119571511	0.30677202398872216	0.0	0.0	0.0	0.0	0.4035655683178855
GM.5.0.Paired_box.0022	1.1971619086793686	0.716890633537114	-0.8764799455496585	-0.42039751215456655	-0.671489809592184	0.0	0.0	0.0	0.0	0.33704377134240987
GM.5.0.bZIP.0027	0.6177179004484761	1.3034511785310572	-0.7850191261255497	-0.5255318023875418	0.2774803773644236	0.0	0.0	0.0	0.0	0.319304625482283
GM.5.0.Homeodomain.0082	1.5578823328643312	1.6923329584484896	0.8825406622771925	0.8868858802606292	-0.4193299264202213	0.0	0.0	0.0	0.0	0.31486983901725135
GM.5.0.C2H2_ZF.0195	-0.7193900859406089	-0.7971700486402535	-0.02033527167537575	0.08548468629635914	0.05599550096172907	0.0	0.0	0.0	0.0	0.4124351412479489
GM.5.0.Rel.0024	1.2102063627488069	0.9525662608612994	0.5550550024529107	2.0444272487851456	1.1378132551419646	0.0	0.0	0.0	0.0	0.47008736529336115
GM.5.0.bHLH.0019	-1.6613993911228924	-1.658505489087053	1.6074685231961607	0.9522868270084953	1.2754676672742098	0.0	0.0	0.0	0.0	0.456783005898266
GM.5.0.SAND.0007	0.6814760106636278	1.5589352204156346	-0.9986663663344775	0.6489223144483938	-1.3837517268610604	0.0	0.0	0.0	0.0	0.3060002660871879
GM.5.0.Homeodomain_POU.0026	0.801772692386465	1.9685872699964344	0.7036841974301831	-0.15424198383165413	-0.8117426364234034	0.0	0.0	0.0	0.0	0.3015654796221562
GM.5.0.C2H2_ZF.0134	-0.8722324271941813	-1.9562803203425139	-1.1978441943950386	-2.9139522630281363	-1.5742935833138476	0.0	0.0	0.0	0.0	0.456783005898266
GM.5.0.C2H2_ZF.0260	0.21035596925833305	0.3111443886392137	1.6783327247484974	0.27293314940377333	0.536900202504929	0.0	0.0	0.0	0.0	0.5986961727792807
GM.5.0.MADS_box.0018	-0.8126908687681185	-0.403518521761379	0.6120976305873351	1.3924739385192197	1.1246815272069308	0.0	0.0	0.0	0.0	0.49226129761851967
GM.5.0.p53.0004	-0.2632872023135306	-0.9698397539511947	-0.20069049238897718	0.87598122086639	0.6605749377772443	0.0	0.0	0.0	0.0	0.638609250964566
GM.5.0.Ets.0021	2.228005319924792	1.9897663958483809	1.3475556730889529	0.44871799675782603	-0.9646581657593842	0.0	0.0	0.0	0.0	0.3237394119473147
GM.5.0.T-box.0002	-1.2764575802856766	-1.4021118502918246	-0.1539763400876191	0.6405032317122378	0.8127131394168156	0.0	0.0	0.0	0.0	0.425739500643044
GM.5.0.Unknown.0055	-2.495619066484799	-2.9817346802116	0.6156584951302867	0.07632766628495452	1.8978379319735996	0.0	0.0	0.0	0.0	0.47895693822342456
GM.5.0.Unknown.0100	1.0397220831742677	0.7727726817981084	1.2792130685031067	-0.09429575504918594	-0.7968581158982879	0.0	0.0	0.0	0.0	0.5410439487338684
GM.5.0.C2H2_ZF.0140	1.199482946813045	1.5914647245222293	0.3937594787512192	0.7905558482186973	-1.087803764203266	0.0	0.0	0.0	0.0	0.0
GM.5.0.C2H2_ZF.0032	0.521414015606551	0.5499101266007239	-1.6491666044829323	-1.546652300535124	-0.15766842355413258	0.0	0.0	0.0	0.0	0.31486983901725135
GM.5.0.Mixed.0072	-1.602561480993238	-1.407610073156803	0.22219543740425163	-1.1519590725068	0.08233154865303481	0.0	0.0	0.0	0.0	0.2971306931571245
GM.5.0.Unknown.0043	-1.8175727259798302	-1.7291195983536622	-0.06395644929282983	0.3327172548571759	-0.33130996537256635	0.0	0.0	0.0	0.0	0.0
GM.5.0.Nuclear_receptor.0001	-1.9290182936280051	0.5055328299782513	-2.8638720053913356	1.048303016097682	2.0495964240006206	0.0	0.0	0.0	0.0	0.38139163599272696
GM.5.0.C2H2_ZF.0108	-0.5323094992657437	-0.6968788864311061	0.6086703419070449	-0.4167595402125936	-0.5810701504133838	0.0	0.0	0.0	0.0	0.45234821943323433
GM.5.0.Mixed.0076	0.7288641359026891	0.5084944085158866	-1.431941362249146	-1.0325758665358606	-0.0488451705710573	0.0	0.0	0.0	0.0	0.319304625482283
GM.5.0.AT_hook.0006	1.6021939027829497	1.1668767426664322	1.6882004985128318	0.49280609815995136	-1.0721109433089122	0.0	0.0	0.0	0.0	0.3060002660871879
GM.5.0.STAT.0014	-1.9353593627534147	-2.845061307067485	0.27620656309814007	-3.3457258595452455	-2.011293006778161	0.0	0.0	0.0	0.0	0.40800035478291724
GM.5.0.Mixed.0063	-0.21657527837298687	-0.8413805864425629	0.565116571839456	0.539114476600574	1.261767402256043	0.0	0.0	0.0	0.0	0.4612177923632977
GM.5.0.Unknown.0084	-1.151952920784113	0.2556909536299283	1.7935697099291477	-1.6242990174549952	-1.3051800157312357	0.0	0.0	0.0	0.0	0.5454787351989001
GM.5.0.Mixed.0058	-0.274512284164148	-0.18640701525770542	-1.2875823461027587	-0.9563925092843358	-1.7743607766360463	0.0	0.0	0.0	0.0	0.0
GM.5.0.C2H2_ZF.0230	-2.3269107478206834	-2.997190083782464	0.02448055073756069	-0.8443132421428957	0.4960402189529189	0.0	0.0	0.0	0.0	0.3237394119473147
GM.5.0.TEA.0008	-0.28200482521713227	-0.2829741656066787	0.2629682459285706	1.0235697747259305	1.0000045247912932	0.0	0.0	0.0	0.0	0.43460907357310746
GM.5.0.Paired_box.0015	-0.14302578741582475	0.7272683825200837	-0.3481146965700953	0.05508508581681249	-1.3377261746768963	0.0	0.0	0.0	0.0	0.37695684952769526
GM.5.0.Homeodomain.0113	-0.005290439008896834	-0.31208433577779376	1.5846518403278003	0.929939316734361	0.25893456757689914	0.0	0.0	0.0	0.0	0.3015654796221562
GM.5.0.C2H2_ZF.0078	0.41921414541914603	-0.17919816407232858	0.4481957901966058	0.004541263242494471	-0.3789560790635162	0.0	0.0	0.0	0.0	0.38582642245775867
GM.5.0.Homeodomain.0003	1.2530129126818923	0.7072898879239228	1.6543822686309724	0.8817424148173312	-0.27050806395802107	0.0	0.0	0.0	0.0	0.49226129761851967
GM.5.0.Mixed.0041	1.032631728529495	1.1363925976135079	1.552923459303749	-0.3859416397226076	-0.4429694580680407	0.0	0.0	0.0	0.0	0.7494789125903588
GM.5.0.Forkhead.0031	0.045166785954627434	-1.1716642873345764	-0.06114509793353767	-0.31952019544736976	0.1314927787120336	0.0	0.0	0.0	0.0	0.4612177923632977
GM.5.0.Mixed.0073	-0.4681937135076964	0.27136653574217917	1.0259368670168174	-0.8130698167319363	-1.0175319580840791	0.0	0.0	0.0	0.0	0.3991307818528538
GM.5.0.GATA.0001	-2.323677390277305	-1.0877081050440354	-1.5483696643768141	1.3422767917181673	-1.4737275739232285	0.0	0.0	0.0	0.0	0.38582642245775867
GM.5.0.Ets.0019	1.2475691824149433	1.1862931509965051	-0.7612678189528029	-0.5410417466887033	-0.6205976894229752	0.0	0.0	0.0	0.0	0.350348130737505
GM.5.0.C2H2_ZF.0252	-1.4482474867893937	-2.933561337720731	-2.146337388432166	-0.7080213119827549	-1.0427097741808204	0.0	0.0	0.0	0.0	0.319304625482283
GM.5.0.Sox.0036	1.1425363211438178	1.456900721628011	0.36220604405283774	0.6556547394837414	-0.33608568751464624	0.0	0.0	0.0	0.0	0.37695684952769526
GM.5.0.IRF.0003	1.4239565094009152	1.0179968704052789	0.7468504928307252	0.5567953920125196	-0.8080846013821535	0.0	0.0	0.0	0.0	0.0
GM.5.0.C2H2_ZF.0049	0.554889051993912	-0.27392040091604036	2.3603330390080974	2.1267443526911296	2.294896115293214	0.0	0.0	0.0	0.0	0.5277395893387733
GM.5.0.Myb_SANT.0001	1.060888098707348	1.115739853328382	0.2508565562430642	-1.455348140758574	-0.8900163946782518	0.0	0.0	0.0	0.0	0.46565257882832944
GM.5.0.bZIP.0034	1.4436514461463008	1.1590595986029957	-0.8108439628065868	-0.07692908208139537	-0.24257663222200138	0.0	0.0	0.0	0.0	0.47895693822342456
GM.5.0.Nuclear_receptor.0054	0.045573309717331326	-0.8165464665962412	0.13436724074247272	-0.625075508280664	0.9591695914170919	0.0	0.0	0.0	0.0	0.6829571156148831
GM.5.0.Nuclear_receptor.0094	-0.19402796185865084	0.13590876872904542	2.4673763883514055	-0.3493423524754032	-0.004826358633434622	0.0	0.0	0.0	0.0	0.6031309592443124
GM.5.0.Homeodomain_POU.0024	1.0204174886215505	0.9059772835804147	-0.039622091227412067	-0.8751316457200766	-1.2144085377626215	0.0	0.0	0.0	0.0	0.3547829172025367
GM.5.0.GATA.0020	-0.9051617554432901	-1.2319436857520043	0.1850625832558266	1.1672276938826869	1.4800525978410997	0.0	0.0	0.0	0.0	0.49226129761851967
GM.5.0.C2H2_ZF.0267	-2.5883924175133	-2.380011377538879	-0.0235216962380768	0.09725014541029509	1.5701516765627717	0.0	0.0	0.0	0.0	0.5454787351989001
GM.5.0.HSF.0007	1.2882914231864764	1.9649171089787116	-0.2807443008741898	-0.036621251943664335	-0.33778270572218044	0.0	0.0	0.0	0.0	0.3991307818528538
GM.5.0.C2H2_ZF.0098	-1.5994682790348618	-2.4103814291909442	0.37660081611801477	-0.5590024565469194	2.464190205827145	0.0	0.0	0.0	0.0	0.6297396780345027
GM.5.0.bHLH.0024	-0.26030493718634956	-0.4302827664015121	-0.9101369923545551	-2.8682166527566872	-0.8345226306743717	0.0	0.0	0.0	0.0	0.6031309592443124
GM.5.0.Unknown.0003	-0.39779696382731483	-0.13028134050164136	-1.911944983381789	-0.33434296156198845	-0.5627161099077227	0.0	0.0	0.0	0.0	0.0
GM.5.0.C2H2_ZF.0265	0.7636727118933546	1.116781865832507	-0.5586185961179766	-0.3595664920214552	-1.0008364982832323	0.0	0.0	0.0	0.0	0.3237394119473147
GM.5.0.Homeodomain.0170	0.651274394906529	0.7552794937297319	-0.3430905500540213	0.9945420515500211	1.04252201352533	0.0	0.0	0.0	0.0	0.5144352299436782
GM.5.0.C2H2_ZF.0011	0.30133007258915584	0.14107038745927347	0.8471738655689609	1.4627120063890822	0.15907882077697708	0.0	0.0	0.0	0.0	0.5100004434786465
GM.5.0.Homeodomain_POU.0022	0.6053231439550741	-0.7233017801500597	0.534646101074208	-1.6611007414564816	-1.812023208784208	0.0	0.0	0.0	0.0	0.31486983901725135
GM.5.0.Unknown.0046	0.37003582936061796	0.3200108400352369	0.4361066195711294	-1.1534154182740566	-1.812104294284762	0.0	0.0	0.0	0.0	0.2660871879019025
GM.5.0.Paired_box.0012	-2.4701406910579826	-2.696739546347588	-0.31330396825980916	-1.5550878630432619	1.2431779787425727	0.0	0.0	0.0	0.0	0.456783005898266
GM.5.0.Unknown.0038	1.4802449501872303	0.9723223775053226	0.5979999046342732	0.5982348260478729	0.9338817001450042	0.0	0.0	0.0	0.0	0.9357399441216906
GM.5.0.bZIP.0089	1.934084008298696	1.2285201681604674	-1.1646622999615714	-0.9398016162201259	-1.7434389739612666	0.0	0.0	0.0	0.0	0.20843496385649032
GM.5.0.Homeodomain.0046	0.01339818252174851	0.13498666751499325	0.4214473544133189	0.7394259861509388	0.28837781854245026	0.0	0.0	0.0	0.0	0.6652179697547563
GM.5.0.Sox.0016	-0.11418667522241666	0.7338889250931224	1.390436330138867	-0.4081276540396597	-1.0521439058101907	0.0	0.0	0.0	0.0	0.47008736529336115
GM.5.0.STAT.0017	0.26845906280850784	-0.07473402543281339	0.8083681248486922	0.3700950166923255	0.09086928992510791	0.0	0.0	0.0	0.0	0.44347864650317087
GM.5.0.Unknown.0206	1.414590470767508	0.7154180923065477	-0.5738508511784011	1.050151821482294	-0.687709653025889	0.0	0.0	0.0	0.0	0.3991307818528538
GM.5.0.Unknown.0102	0.38736431100359076	-1.650146068097998	-1.495321142496685	-2.494619309170209	0.10697874189762942	0.0	0.0	0.0	0.0	0.45234821943323433
GM.5.0.Homeodomain.0150	0.01161143886683805	1.1818981416976826	-0.025870540262340425	0.18140824295915883	-0.3599619064562175	0.0	0.0	0.0	0.0	0.38139163599272696
GM.5.0.bZIP.0092	-1.5305495708023331	-0.8600958313971488	-0.4490990235154668	-0.8721474696916877	0.5302944680242354	0.0	0.0	0.0	0.0	0.4035655683178855
GM.5.0.Forkhead.0050	-1.9173153365018356	-1.9301299568954617	1.4612939640887548	-1.9096970120899708	-0.18877213165157605	0.0	0.0	0.0	0.0	0.6652179697547563
GM.5.0.Unknown.0119	1.6315994571257662	0.9717970466366338	-0.684335897814424	-0.24883950232214885	0.8229849884943123	0.0	0.0	0.0	0.0	0.350348130737505
GM.5.0.Unknown.0181	-1.2652163632838984	-0.8490832050441536	1.454305252368595	-0.17154644679728023	1.3430683388202225	0.0	0.0	0.0	0.0	0.5543483081289635
GM.5.0.C2H2_ZF.0034	2.1795101193145014	1.715492558701823	-0.5235143592129615	-0.17626467458453618	-0.7641886943271522	0.0	0.0	0.0	0.0	0.39026120892279037
GM.5.0.E2F.0020	2.495254062128614	1.4611288033738699	1.822903379991386	0.569192923875929	-0.15322044876800867	0.0	0.0	0.0	0.0	0.7361745531952637
GM.5.0.Unknown.0024	0.9959571287502241	1.0379012666374003	-0.36482181503766264	0.021142542553782184	-1.2585265378169261	0.0	0.0	0.0	0.0	0.0
GM.5.0.Mixed.0108	-1.1052212807033888	-1.3637086100512927	0.5374319660665322	0.7156968182782367	1.2285848915598216	0.0	0.0	0.0	0.0	0.5587830945939953
GM.5.0.Mixed.0037	1.0001751990497862	0.9305161922489266	0.4193470935469258	-1.058329323126612	-1.0397407512218604	0.0	0.0	0.0	0.0	0.36808727659763185
GM.5.0.C2H2_ZF.0232	2.200138105434503	1.5183706578060905	-0.6189035936778308	-0.36206127142824457	-0.9606106013518748	0.0	0.0	0.0	0.0	0.3104350525522196
GM.5.0.C2H2_ZF.0168	-1.15363529142443	0.2218451691861822	-1.266611195644432	0.6002285488270225	0.05985650408182261	0.0	0.0	0.0	0.0	0.7805224178455807
GM.5.0.Unknown.0093	-2.1583725737168593	-1.7262170716429581	1.8832970168743812	-0.03658362992627585	1.254231989127928	0.0	0.0	0.0	0.0	0.563217881059027
GM.5.0.Homeodomain.0143	1.3016594497522174	1.1869667310487193	1.521957602715828	-0.30422834816702865	-1.2780768886918505	0.0	0.0	0.0	0.0	0.3547829172025367
GM.5.0.C2H2_ZF.0285	0.925739480799417	0.8143403317365667	-0.6745197658961728	0.11757439451811352	0.7869220825644853	0.0	0.0	0.0	0.0	0.456783005898266
GM.5.0.Mixed.0087	-0.2388897577956889	-0.8335376166094647	0.8358403858685297	0.8636259382228382	1.3285138453590168	0.0	0.0	0.0	0.0	0.43460907357310746
GM.5.0.Homeodomain.0042	0.454850586085769	1.073604832254464	1.005678060274828	-0.20207931573499108	-1.1617568929789721	0.0	0.0	0.0	0.0	0.36808727659763185
GM.5.0.Homeodomain.0080	1.0482647401714942	-0.46413272342025985	-0.052352356928799144	-1.1828380485912984	-0.9103040637776025	0.0	0.0	0.0	0.0	0.40800035478291724
GM.5.0.Unknown.0124	0.2295215292847797	0.3229712934759222	-1.7729470352597936	-1.4723206921126974	-2.172255026285574	0.0	0.0	0.0	0.0	0.0
GM.5.0.IRF.0005	0.41148218709383494	0.3811559237083698	-0.04890130307134307	-1.5402026065979422	-1.5395217977839322	0.0	0.0	0.0	0.0	0.3237394119473147
GM.5.0.Homeodomain.0136	0.535069778031444	0.43444738962611523	-0.15932796841397062	1.7089135713142	0.5956849369005851	0.0	0.0	0.0	0.0	0.6164353186394076
GM.5.0.C2H2_ZF.0112	-0.11229653820332938	0.0036189118077770486	1.2094577077305269	-1.2204745822416574	-0.6615432795303946	0.0	0.0	0.0	0.0	0.487826511153488
GM.5.0.Ets.0031	0.9350105955728548	1.2832020758905065	0.8889506096542916	-0.3169063586688317	-0.22961292509592238	0.0	0.0	0.0	0.0	0.5499135216639319
GM.5.0.Mixed.0075	-1.689891557551592	-2.5096114862433407	-0.8438044862720832	0.8149116947582244	0.4625869222034222	0.0	0.0	0.0	0.0	0.3592177036675684
GM.5.0.Mixed.0030	0.5934297723302223	1.6995027295906882	-0.4581501999966171	-2.000532837210379	-1.477556992727737	0.0	0.0	0.0	0.0	0.47895693822342456
GM.5.0.MADS_box.0015	-1.5699483235630387	-1.690394117991032	0.2463087362103199	0.33165315179204835	1.2992853097881791	0.0	0.0	0.0	0.0	0.5410439487338684
GM.5.0.Unknown.0133	1.0227345125459515	0.10681262311100016	0.6065351895156414	1.3214792799627182	-0.2580057204809527	0.0	0.0	0.0	0.0	0.44347864650317087
GM.5.0.Unknown.0085	-0.037113199875671875	0.06652593720549049	0.5134743851991427	2.778490005726307	0.9086386962414564	0.0	0.0	0.0	0.0	0.43460907357310746
GM.5.0.CENPB.0001	3.0701677514681838	2.526650301929514	1.1630980415051926	-0.18745355080469267	-1.2267199842314487	0.0	0.0	0.0	0.0	0.2926959066920928
GM.5.0.Unknown.0176	2.4041145780469333	2.3399370417930965	-0.4829554547764897	-2.9155080554389587	-3.2534846191593854	0.0	0.0	0.0	0.0	0.0
GM.5.0.Forkhead.0004	0.053794079073904974	-1.523756259790576	0.21580055666482825	-1.242109842058972	-0.9375768813815096	0.0	0.0	0.0	0.0	0.3237394119473147
GM.5.0.GATA.0012	0.5545249036699704	0.5269403452728344	-0.6719898851901188	0.6042560358710091	-1.3846360253972316	0.0	0.0	0.0	0.0	0.0
GM.5.0.Homeodomain.0201	-1.478216260860392	-1.423054961781555	0.013557408738603923	-0.12637634722366883	0.8421757605447024	0.0	0.0	0.0	0.0	0.6341744644995343
GM.5.0.Unknown.0121	-1.9540484847018524	-1.942593442125279	-0.7794413131867275	-0.19759677132808273	2.608619637897095	0.0	0.0	0.0	0.0	2.1819149407956004
GM.5.0.bZIP.0043	1.2695818606381029	0.480548676854033	0.1770243974094922	-0.4641511523240116	-0.4981120518578579	0.0	0.0	0.0	0.0	0.43460907357310746
GM.5.0.Unknown.0175	0.9203830876085376	0.5539057163923823	0.33310400997203543	0.3375889701015006	0.2548980246215661	0.0	0.0	0.0	0.0	0.5055656570136148
GM.5.0.C2H2_ZF.0162	-0.5337919722423088	-0.3846709502111108	2.699499623637472	0.9923991068659983	0.9849989603294484	0.0	0.0	0.0	0.0	0.49226129761851967
GM.5.0.Homeodomain.0037	1.745724577333906	2.0943506425471643	-0.3825270633384239	-0.6245646486024471	-1.6197769374698996	0.0	0.0	0.0	0.0	0.2705219743669342
GM.5.0.Unknown.0196	0.6453818800369661	0.3719885744870625	-3.3966051671725306	-2.7004590428672173	-1.5901820890396183	0.0	0.0	0.0	0.0	0.319304625482283
GM.5.0.Sox.0031	0.7441726687269534	0.7053456842088933	3.38568277700683	0.8751765458284294	-0.9485607809058915	0.0	0.0	0.0	0.0	0.0
GM.5.0.Unknown.0078	-1.0247869245729186	-1.3958458719594407	0.8749880226586481	-1.8263658454846747	-0.7988805148545128	0.0	0.0	0.0	0.0	0.37695684952769526
GM.5.0.E2F.0008	1.2893012296449782	1.2045989336965746	2.4924712722505236	-0.7322582383142122	-0.9740503429368987	0.0	0.0	0.0	0.0	0.4612177923632977
GM.5.0.Unknown.0183	-1.4987399423279868	-1.6054122924280627	-0.335554344539574	0.13478507105805757	0.5581891460777056	0.0	0.0	0.0	0.0	0.36808727659763185
GM.5.0.C2H2_ZF.0150	-1.4697901161744131	-0.6769814465330282	1.843685798989517	-0.7277724180889692	-0.6666688893494936	0.0	0.0	0.0	0.0	0.38582642245775867
GM.5.0.Homeodomain.0030	1.6821019853338748	1.8534837279207141	1.3369358005339969	0.03808850409389448	-0.4443517923477049	0.0	0.0	0.0	0.0	0.5277395893387733
GM.5.0.Unknown.0173	2.422716381392069	1.9600033962786512	1.1901948202593386	-0.3608337107047325	-1.3397184409252874	0.0	0.0	0.0	0.0	0.39026120892279037
GM.5.0.bZIP.0068	-0.7315527835206567	-0.9742429771090574	-1.352700056528609	-1.3552468653936551	0.649749264613507	0.0	0.0	0.0	0.0	0.4124351412479489
GM.5.0.Nuclear_receptor.0128	-0.43714269503384584	-0.4538246707718943	0.4230091722438772	1.0858669255371707	1.4535475481489826	0.0	0.0	0.0	0.0	0.5144352299436782
GM.5.0.bHLH.0112	1.1688771784009087	0.8958735963314758	-0.6382966992090271	0.003754094002300889	1.3316254726802916	0.0	0.0	0.0	0.0	0.4612177923632977
GM.5.0.IRF.0019	-0.900259387646359	-1.0842619710467525	0.6223016499307236	-0.08752395328902773	1.530287428164004	0.0	0.0	0.0	0.0	0.49226129761851967
GM.5.0.Sox.0012	-0.08377004919425371	-1.4430940887829957	-2.103336970765145	-1.1445274505031289	-0.42442326232316996	0.0	0.0	0.0	0.0	0.39469599538782213
GM.5.0.bHLH.0051	1.0492776636348826	0.9381026695398912	0.4855254859539256	-0.42699620355120677	-0.1275195917410105	0.0	0.0	0.0	0.0	0.4612177923632977
GM.5.0.HSF.0004	-0.022661621545055303	-0.001402617812187404	0.9247591488410083	0.21155328411842972	0.8165468719857155	0.0	0.0	0.0	0.0	0.4745221517583928
GM.5.0.T-box.0016	-0.3159377031775887	-0.4284311374876729	0.24224810343078257	0.14923679064638812	-0.16230866976913289	0.0	0.0	0.0	0.0	0.851479001286088
GM.5.0.bHLH.0057	0.0817823111893781	-0.049631295218318196	-1.1940764107660025	0.04868766809746819	0.8307059855500969	0.0	0.0	0.0	0.0	0.6918266885449466
GM.5.0.C2H2_ZF.0271	-0.5528051325137339	-0.51366752413478	0.6482297056265728	1.015336603326356	0.10789154578684801	0.0	0.0	0.0	0.0	0.38139163599272696
GM.5.0.Nuclear_receptor.0144	-1.3301854257470707	-1.0070559812018995	0.8610336565242442	1.4492281449334599	1.084822640904597	0.0	0.0	0.0	0.0	0.43017428710807576
GM.5.0.Grainyhead.0005	-1.2753590763240656	-1.3001480943339545	-0.6883507634820538	-0.09188062601723807	-0.8143147065994075	0.0	0.0	0.0	0.0	0.0
GM.5.0.Unknown.0122	-0.9709701724417105	-1.0093198930058354	0.032439100568417915	-0.16994830703503952	0.7258497998512591	0.0	0.0	0.0	0.0	0.5366091622688368
GM.5.0.Unknown.0147	2.1305279138105555	1.6255138260973538	1.3695548301551144	0.4837163794043072	-0.4250118626830594	0.0	0.0	0.0	0.0	0.3237394119473147
GM.5.0.SAND.0008	2.0475986902300267	1.6649989760884185	-1.5286316873233667	-0.5669222959475414	-0.788248940698634	0.0	0.0	0.0	0.0	0.4479134329682026
GM.5.0.STAT.0007	0.9609939844035073	0.8483264197915401	0.37270115586432023	-1.1306335458833248	-1.062470643560644	0.0	0.0	0.0	0.0	0.39469599538782213
GM.5.0.C2H2_ZF.0088	-0.9600798411803303	-1.2810476158763384	0.49973962085944934	0.5077893130264252	0.5331050756480137	0.0	0.0	0.0	0.0	0.41686992771298065
GM.5.0.Homeodomain.0010	-0.6484134371584126	-0.6472140722061328	1.771071283298773	-0.8137879505909998	0.461614574260796	0.0	0.0	0.0	0.0	0.8869572930063417
GM.5.0.C2H2_ZF.0179	-0.7822458420809402	-1.4323695687160616	0.5550039269762539	1.266865278167445	1.6122720280944927	0.0	0.0	0.0	0.0	0.6031309592443124
GM.5.0.Unknown.0109	1.0606374794097069	1.5190867356208102	3.027293278886873	2.33858714867641	-1.2780987536581352	0.0	0.0	0.0	0.0	0.3015654796221562
GM.5.0.Unknown.0057	-0.2482437602340512	-0.7689198885285172	1.1153477014529718	0.5054518502774749	1.2797751435277538	0.0	0.0	0.0	0.0	0.532174375803805
GM.5.0.C2H2_ZF.0105	0.6413682375903311	0.8551794180884824	-1.7752465072757742	0.5416621781356434	-0.05686238055974744	0.0	0.0	0.0	0.0	0.23947846911171228
GM.5.0.MADS_box.0017	0.4871077275222837	0.9577270787825476	0.10945941926110977	1.6258802518512308	1.745157816717018	0.0	0.0	0.0	0.0	0.7672180584504856
GM.5.0.GATA.0030	-1.1040080655003992	-0.8023122745806596	0.5803148638422849	0.8768501892421922	1.3863574485929655	0.0	0.0	0.0	0.0	0.532174375803805
GM.5.0.STAT.0019	1.2745339211390616	1.0298526506123784	1.0187750530765525	-0.0024288042209137032	-0.21194802509349894	0.0	0.0	0.0	0.0	0.5011308705485831
GM.5.0.bHLH.0119	-0.6426533479262625	-1.0099221980900734	0.9863151329865603	-0.022959272444119647	-0.24283493317393637	0.0	0.0	0.0	0.0	0.3725220630626635
GM.5.0.bHLH.0126	-0.7993003428821036	-0.7451967560865831	-0.7138353056906941	1.5199656624267261	1.3256408353160425	0.0	0.0	0.0	0.0	0.4479134329682026
GM.5.0.Nuclear_receptor.0122	0.16472408033076757	0.39279335402936194	0.7996006860770284	-1.0736494026207881	-0.36694723198614365	0.0	0.0	0.0	0.0	0.49669608408355137
GM.5.0.Unknown.0182	-1.2851396040445742	-1.5488949067385394	0.026544651060744405	0.3302930010886464	-0.0031436544709020128	0.0	0.0	0.0	0.0	0.49226129761851967
GM.5.0.CSL.0003	-2.2637718345156066	-2.7456302229577676	-0.861558962344199	-0.6857920468569462	1.2910224099384489	0.0	0.0	0.0	0.0	0.6785223291498514
GM.5.0.C2H2_ZF.0303	0.6784179325156852	0.6554776212987116	-1.0952434883448012	-2.8973845993093605	-1.633683029169699	0.0	0.0	0.0	0.0	0.2971306931571245
GM.5.0.bHLH.0037	-0.7696313850230646	-1.4938309538055599	0.07474025233797298	-0.2241691400693961	1.058761820441258	0.0	0.0	0.0	0.0	0.6607831832897246
GM.5.0.bZIP.0020	0.11827701552396662	-0.22507465810634947	-1.1317214783470033	-1.6432530027656336	-0.9925927951783966	0.0	0.0	0.0	0.0	0.5499135216639319
GM.5.0.Ets.0024	0.5138918882441202	0.22909522469759777	0.6029304107114315	-1.5501268488517095	-1.5476567143802997	0.0	0.0	0.0	0.0	0.36808727659763185
GM.5.0.C2H2_ZF.0229	-1.6928904878357431	-1.3913971649394574	-0.06681426080984612	1.1018054761549532	0.6773010745450437	0.0	0.0	0.0	0.0	0.319304625482283
GM.5.0.bHLH.0083	1.0015154148137007	1.0518675226945884	0.8048480090027728	-0.6107218312286481	0.004457264910632941	0.0	0.0	0.0	0.0	0.5765222404541221
GM.5.0.Homeodomain.0112	-0.06367696319618012	0.18972927063365305	-2.2825020264296856	-0.4060911043749469	-0.45466455314854504	0.0	0.0	0.0	0.0	0.3592177036675684
GM.5.0.Unknown.0079	0.44980658914678545	0.5455705821160405	-1.7429942736439223	1.8741234831495241	0.36868630348902487	0.0	0.0	0.0	0.0	0.0
GM.5.0.Sox.0023	0.8255184576085174	0.05120957103600112	-0.6421068439816502	-0.07694912825546965	-0.03088222129529139	0.0	0.0	0.0	0.0	0.5100004434786465
GM.5.0.C2H2_ZF.0052	2.043633150756531	1.1224667949276772	1.2836104754518765	0.5614203790610215	-0.1907330679019132	0.0	0.0	0.0	0.0	0.49226129761851967
GM.5.0.C2H2_ZF.0094	1.0143783689127595	0.18867839899049596	-0.9616458660639675	0.766073540743698	1.1034624943384317	0.0	0.0	0.0	0.0	0.7539136990553905
GM.5.0.Mixed.0096	-0.33524308657125845	-0.10501448008189791	2.045519541278311	-0.1029692215130164	-0.3495127295002473	0.0	0.0	0.0	0.0	0.5277395893387733
GM.5.0.Homeodomain.0038	0.8363475346016025	0.9086038436796025	-0.29777910992114703	0.006314598098311648	-1.2303094776375205	0.0	0.0	0.0	0.0	0.0
GM.5.0.Homeodomain.0079	1.4215388882116156	1.4834075913092548	0.5918899360607287	-0.02333132451817772	-1.3680024494888319	0.0	0.0	0.0	0.0	0.0
GM.5.0.MADS_box.0004	-1.5742455974744847	-1.0668338185310942	1.1554223216049968	0.8469651883983093	1.7997865211234279	0.0	0.0	0.0	0.0	0.6607831832897246
GM.5.0.SMAD.0014	-1.3610483918084575	-1.3376564309317833	1.4544009318794802	-1.3285817878828623	-0.6508805908031919	0.0	0.0	0.0	0.0	0.487826511153488
GM.5.0.C2H2_ZF.0003	0.42615278076570595	0.38233616199919634	-0.04200349935657087	1.9183053694987209	0.9407590203811682	0.0	0.0	0.0	0.0	0.37695684952769526
GM.5.0.Forkhead.0047	-1.0886395686106134	-1.85222116963697	0.3260164980372068	-0.6607645233187894	-0.4373471168421505	0.0	0.0	0.0	0.0	0.6474788238946294
GM.5.0.C2H2_ZF.0173	-0.011127262092010972	0.05366784003083842	1.1428538753523891	-0.1307406705413222	0.5111059857224831	0.0	0.0	0.0	0.0	0.4745221517583928
GM.5.0.T-box.0004	-2.2468798191534027	-2.201758825411564	1.2557276495039567	0.19971990610344048	1.2278165660854452	0.0	0.0	0.0	0.0	0.5366091622688368
GM.5.0.Unknown.0148	-2.296483109306059	-0.17622130790146986	-2.7747409170884336	-0.8385945084578565	0.7770627988541723	0.0	0.0	0.0	0.0	0.42130471417801235
GM.5.0.C2H2_ZF.0170	-0.24558818219430295	0.6347192769342135	0.3737685685372706	-1.2324166187644727	-1.2116238783101583	0.0	0.0	0.0	0.0	0.2705219743669342
GM.5.0.Unknown.0073	0.836687541130553	1.0010522347199182	0.436668189964172	-1.539806045699992	-1.2164546110430627	0.0	0.0	0.0	0.0	0.40800035478291724
GM.5.0.C2H2_ZF.0266	1.0202429237032746	0.5341542071270171	1.8895162913668029	2.333132926302709	0.7680070349661922	0.0	0.0	0.0	0.0	0.4124351412479489
GM.5.0.Unknown.0056	-1.3181119276447655	-1.6372716323707295	0.9353149170946148	-1.3359501687224251	-1.9311084489736803	0.0	0.0	0.0	0.0	0.0
GM.5.0.C2H2_ZF.0046	2.068781789551466	1.9744932605057937	-0.6076381517477939	0.06725174369316152	0.08649937620201995	0.0	0.0	0.0	0.0	0.532174375803805
GM.5.0.E2F.0007	0.8137635779966114	1.1545799277728008	1.096463965488588	-0.7949631378659209	-0.7402213423274111	0.0	0.0	0.0	0.0	0.5765222404541221
GM.5.0.Unknown.0011	0.3837972531079831	1.4316448242206161	0.7308733853784656	-0.9792046878054104	-0.17180121590046218	0.0	0.0	0.0	0.0	0.6652179697547563
GM.5.0.C2H2_ZF.0183	2.057740542031235	1.4743664251210022	0.7405803477905499	0.04667757205936685	-0.7858223457328848	0.0	0.0	0.0	0.0	0.4612177923632977
GM.5.0.Homeodomain.0130	0.1166425585484426	0.24142027526180784	-1.6511608028972569	0.3352910821023874	0.3370228890041956	0.0	0.0	0.0	0.0	0.4745221517583928
GM.5.0.C2H2_ZF.0316	-0.0948771865594321	0.1276600847107188	0.8523580096334239	1.5949750198173627	1.1057925322396485	0.0	0.0	0.0	0.0	0.487826511153488
GM.5.0.C2H2_ZF.0143	-2.222670193441807	-2.51427797581035	1.2387542936246978	-0.14235891527918734	1.4143117538721826	0.0	0.0	0.0	0.0	0.6208701051044392
GM.5.0.Homeodomain.0050	-0.6286232219066219	0.6006802654571973	1.037818316665603	0.25274850861206316	0.0734453419571918	0.0	0.0	0.0	0.0	0.9579138764468491
GM.5.0.Homeodomain.0160	-0.1911644219671887	-0.4553932922433585	-0.1539853483995272	-2.911999708326591	-1.3163403552374429	0.0	0.0	0.0	0.0	0.39026120892279037
GM.5.0.Unknown.0139	1.165485849197834	1.7483920954133896	1.3507985951062496	0.022574210714727646	0.06128325551044622	0.0	0.0	0.0	0.0	0.487826511153488
GM.5.0.C2H2_ZF.0043	1.0526012603655734	0.7474803071906105	-1.9112960260124356	-0.9825972543608195	-0.9276594722533872	0.0	0.0	0.0	0.0	0.3459133442724733
GM.5.0.Homeodomain.0138	0.9370734182245114	0.6168162168461224	0.2570990292731676	0.40850057002286144	-1.0585342827559225	0.0	0.0	0.0	0.0	0.0
GM.5.0.Unknown.0014	-1.0260304937651856	-0.6625730585545597	0.6122029238870215	1.3460887465846287	2.0217444039683024	0.0	0.0	0.0	0.0	0.4390438600381391
GM.5.0.bZIP.0016	2.205409181033062	2.464960670672004	0.14408957169969575	0.9192903137522357	-0.17479778122254966	0.0	0.0	0.0	0.0	0.425739500643044
GM.5.0.Homeodomain.0180	0.7818476097426436	0.5375066221188558	0.32546890358840463	-0.47230948802023526	0.0005453616458173662	0.0	0.0	0.0	0.0	0.5676526675240587
GM.5.0.C2H2_ZF.0136	1.3732431961977274	1.8505903010348128	-1.8203055925435612	-1.5148222756892173	-1.2437531083574678	0.0	0.0	0.0	0.0	0.3414785578074416
GM.5.0.C2H2_ZF.0208	-0.08210326444505504	-0.03902823669061279	-0.802180465261245	1.8584648360542784	1.4087447983746355	0.0	0.0	0.0	0.0	0.5499135216639319
GM.5.0.C2H2_ZF.0060	2.9656883368083915	3.0489752943177515	-0.6830223105147898	-0.19154434272840665	-1.097195442116356	0.0	0.0	0.0	0.0	0.4035655683178855
GM.5.0.Myb_SANT.0006	1.5016364278391505	1.7913504866731176	-0.8261571468288069	-0.09017081889951356	-0.2519768125186477	0.0	0.0	0.0	0.0	0.46565257882832944
GM.5.0.Unknown.0208	-1.2344834432483465	-0.4638276172108816	1.1715143009919176	0.4562006379352026	2.665927875171184	0.0	0.0	0.0	0.0	0.669652756219788
GM.5.0.Forkhead.0045	-0.7203443850975948	0.015680780293693394	1.7981721907629875	-1.48129892016335	-0.7724988323359206	0.0	0.0	0.0	0.0	0.3991307818528538
GM.5.0.Homeodomain.0077	-2.6350412565641506	-0.9239624124192048	-2.5869035882357583	-0.3371302886637302	1.6608794083442975	0.0	0.0	0.0	0.0	0.39469599538782213
GM.5.0.C2H2_ZF.0228	1.3975872562539768	1.614737131259077	-0.14636200077998654	-1.6321753081056094	-0.41068792903891255	0.0	0.0	0.0	0.0	0.44347864650317087
GM.5.0.C2H2_ZF.0018	0.6399999756372222	2.6353465812116936	0.4980817016293276	1.0821798763975592	1.0598666628891646	0.0	0.0	0.0	0.0	0.41686992771298065
GM.5.0.Mixed.0049	0.9826089586663767	0.5869814733760178	0.2222179205825705	-0.29148940781228233	-0.3844085395062057	0.0	0.0	0.0	0.0	0.4035655683178855
GM.5.0.GATA.0009	-0.3383036923894771	-0.49526595070789403	0.43818258647410524	1.9925688193653426	0.7963009513710048	0.0	0.0	0.0	0.0	0.8026963501707393
GM.5.0.C2H2_ZF.0063	0.017382951201250663	-0.30001619466511953	0.9741572346532994	-1.0852260128098468	-0.6462251692181886	0.0	0.0	0.0	0.0	0.48339172468845626
GM.5.0.Unknown.0140	2.0786455822173786	2.5683439806124566	-0.8186156267478111	-0.11738721248271684	-0.3342332323600169	0.0	0.0	0.0	0.0	0.49669608408355137
GM.5.0.Mixed.0053	-1.1263541399052217	-0.2946563668779016	0.9884388145769069	0.6359796187737647	-0.1812715736088855	0.0	0.0	0.0	0.0	0.988957381702071
GM.5.0.Homeodomain.0151	-0.17244912392152684	-0.06765250303715704	-0.7010569152048803	-1.4758019229725974	-0.8678410747655754	0.0	0.0	0.0	0.0	0.5720874539890904
GM.5.0.Forkhead.0044	0.8092660272215464	0.7746334136577263	3.122204080741955	0.4229453821977643	-0.48796699543305955	0.0	0.0	0.0	0.0	0.6785223291498514
GM.5.0.Forkhead.0015	-0.3665698046396161	-0.46911190445833506	2.215403281709349	-0.59527074965474	-0.7392288820363114	0.0	0.0	0.0	0.0	0.43017428710807576
GM.5.0.Nuclear_receptor.0086	-1.3642668326779668	-2.1637500859860834	-2.2588043661060926	0.901025424126647	1.4845778981216222	0.0	0.0	0.0	0.0	0.44347864650317087
GM.5.0.Homeodomain.0054	0.3061383616056303	0.6032124992780995	-2.639134697158126	0.09765361217726838	0.6868760321622615	0.0	0.0	0.0	0.0	0.5898265998492173
GM.5.0.Ets.0035	1.0083592283566227	1.1861383938832033	1.0406131447888418	-2.6044900627212844	-2.258535684426649	0.0	0.0	0.0	0.0	0.3592177036675684
GM.5.0.Homeodomain.0169	-0.5591282196385442	-1.1212287369938418	0.28529895485029183	-2.886408485427985	-1.708763382496646	0.0	0.0	0.0	0.0	0.6829571156148831
GM.5.0.Nuclear_receptor.0025	0.37246767491237126	-0.06451682355954032	2.047140039978792	0.3561038017107226	1.2160087526666936	0.0	0.0	0.0	0.0	0.6563483968246929
GM.5.0.bHLH.0076	-0.21073852503252286	-0.014112866571258272	1.0975965861988903	1.6290650564715277	0.16808198412753803	0.0	0.0	0.0	0.0	0.5100004434786465
GM.5.0.Homeodomain.0181	0.6662534398270286	0.894759034742897	0.43913139663046824	-1.5841899917465974	-0.10063111433735164	0.0	0.0	0.0	0.0	0.6120005321743758
GM.5.0.bHLH.0085	-1.6268998503084797	-1.602772298947697	2.1178960073534507	0.6571031185540416	1.6827952623147775	0.0	0.0	0.0	0.0	0.6120005321743758
GM.5.0.Homeodomain.0188	-1.3223021946172457	-1.3860787915502983	1.2760220192424043	-1.7049737897215052	0.8552947264041368	0.0	0.0	0.0	0.0	0.5898265998492173
GM.5.0.bZIP.0096	0.47169478234089235	0.3826434550298056	-1.0175603909780164	0.5746150328084675	0.04805658187329907	0.0	0.0	0.0	0.0	0.913566011796532
GM.5.0.MADS_box.0012	1.9817135930983336	1.5522480660995452	2.1831959588285925	0.09801088520537092	-0.7978215794669923	0.0	0.0	0.0	0.0	0.44347864650317087
GM.5.0.Homeodomain.0052	-1.4521353473701675	-1.0148528830300345	1.2104805832837549	-0.34072186179233876	1.9332771649775369	0.0	0.0	0.0	0.0	0.5233048028737417
GM.5.0.Forkhead.0013	-1.8383957918853129	-1.3963410481656628	2.362951019468304	-1.1749892610878478	-1.37407025930695	0.0	0.0	0.0	0.0	0.32817419841234646
GM.5.0.Forkhead.0037	-0.10762539312560374	-0.07520152463337555	2.5272346351052013	-0.2149920850520841	-0.4911736311238946	0.0	0.0	0.0	0.0	0.851479001286088
GM.5.0.AT_hook.0001	0.34809477934879257	-0.1122482271437291	0.9386249119616428	-2.910143402833072	-3.547008348508342	0.0	0.0	0.0	0.0	0.0
GM.5.0.RFX.0009	-0.5609784462108921	-0.24131394982761298	1.7002483075235937	-0.03779880411498587	-0.0009123689934349648	0.0	0.0	0.0	0.0	0.6164353186394076
GM.5.0.Sox.0025	0.4645129250653952	0.8648934242174314	0.2648088233173506	0.26878704564551587	-1.0858334189022123	0.0	0.0	0.0	0.0	0.0
GM.5.0.bHLH.0094	3.3888869298583186	3.158820907215906	1.5766821292683355	0.5989364842045718	-0.5778416831409174	0.0	0.0	0.0	0.0	0.3725220630626635
GM.5.0.Rel.0020	0.6359811557645308	0.8339132322239734	1.4249339119345292	-0.07769916817735488	0.5822619367304515	0.0	0.0	0.0	0.0	1.051044392212515
GM.5.0.SAND.0005	2.0752242418914393	2.572718286661792	0.7425218439399279	-1.3824585069555657	-1.3231112391506783	0.0	0.0	0.0	0.0	0.5233048028737417
GM.5.0.bZIP.0006	1.0826471978386474	0.9169897907311655	-1.9451798831566915	-1.5130423930968722	-1.7832383681323292	0.0	0.0	0.0	0.0	0.26165240143687085
GM.5.0.Mixed.0024	0.7187833207764497	-0.06359982770075616	1.0271936748518564	-0.7887822277669754	-0.45134956790577646	0.0	0.0	0.0	0.0	0.49226129761851967
GM.5.0.RFX.0011	0.05463807170495751	0.32576156472958234	1.4321486935677241	0.6244043480228153	2.2459484935740357	0.0	0.0	0.0	0.0	0.7184354073351368
GM.5.0.bZIP.0041	-0.09057637674476487	-0.06407962906667142	-0.21696120105412425	-1.7862501823989043	-0.4342340201761253	0.0	0.0	0.0	0.0	1.06434875160761
GM.5.0.Unknown.0008	0.4778940931119693	0.9663162114085085	1.7458494781652594	-0.595411933637998	-1.0051084526982939	0.0	0.0	0.0	0.0	0.45234821943323433
GM.5.0.bZIP.0073	3.2618894964356895	2.6069976259263923	0.5256388956675249	0.9254821793779153	0.9545465057037675	0.0	0.0	0.0	0.0	0.70069626147501
GM.5.0.Unknown.0004	-2.1447970842405675	-1.4712494830308824	1.3548252259630609	0.5770216536890101	3.104583238486516	0.0	0.0	0.0	0.0	1.3348707259745443
GM.5.0.C2H2_ZF.0243	1.3752707853482795	2.4023797215995377	-0.07367335125577276	-0.7210440471209936	0.18776748548309463	0.0	0.0	0.0	0.0	0.5853918133841856
GM.5.0.SMAD.0005	-0.17369043350626343	-0.6016718543536292	1.7072314407074978	1.5049633135866096	1.3681828392015358	0.0	0.0	0.0	0.0	0.49669608408355137
GM.5.0.E2F.0017	1.3751513186293187	1.8150000349783733	0.07090193505979141	-2.9545935658536737	-2.169465835398008	0.0	0.0	0.0	0.0	0.4745221517583928
GM.5.0.bZIP.0080	3.2832793010133843	1.9844275806512317	1.991012233217082	0.23190531157588615	0.13301792731639026	0.0	0.0	0.0	0.0	0.5410439487338684
GM.5.0.Forkhead.0007	0.10527515746499992	-0.16536911928100845	3.4561239670514388	-0.20811848105808223	-1.7108592055031495	0.0	0.0	0.0	0.0	0.0
GM.5.0.Paired_box.0003	2.393755226989526	1.9623665846737057	-0.6593460083979651	-0.06111453872535829	-0.42074269452137636	0.0	0.0	0.0	0.0	0.532174375803805
GM.5.0.MADS_box.0023	0.22332781355189574	1.107431933496572	1.8429081898765554	-0.06227617857203654	-0.3253338205384505	0.0	0.0	0.0	0.0	0.5188700164087099
GM.5.0.GATA.0031	-1.7865931599431988	-1.8507706961970385	2.9337515294185756	1.5276601920595347	2.5739134299911868	0.0	0.0	0.0	0.0	1.1175661891879907
GM.5.0.Mixed.0010	1.7153455102155046	0.9911254104295907	-0.7339035829529608	0.14588367988519196	-0.5550502267856067	0.0	0.0	0.0	0.0	0.3592177036675684
GM.5.0.Unknown.0110	-1.7030429531266043	-1.538278559132478	2.643990997860707	0.1398067316699751	2.1434509483484723	0.0	0.0	0.0	0.0	0.5809570269191539
GM.5.0.SMAD.0002	-1.23720580328574	-1.2215148438877486	1.8424395552851578	-1.0050250678078354	-1.8472901603903908	0.0	0.0	0.0	0.0	0.0
GM.5.0.Homeodomain.0183	-0.4644322324221167	-0.13283058717186147	-0.47211836989843925	-1.559261206983961	-0.3654555182388593	0.0	0.0	0.0	0.0	0.5454787351989001
GM.5.0.MBD.0001	2.163687834132878	1.5944705862457216	0.4385267317757662	-1.9355923772573345	-1.5170960398453124	0.0	0.0	0.0	0.0	0.7051310479400417
GM.5.0.Unknown.0080	-1.7556884991582828	-1.2805456245623317	2.079858087147692	0.9936682478122191	1.7979568123176406	0.0	0.0	0.0	0.0	0.5100004434786465
GM.5.0.Mixed.0034	0.4720739324276558	0.2649628373677012	-1.9410410029043454	-2.3416235257098093	-0.868396389854773	0.0	0.0	0.0	0.0	0.5765222404541221
GM.5.0.SMAD.0012	1.0335747969415254	0.2643495489272839	-0.6157715071295532	-2.7765442001080904	-1.734732913053786	0.0	0.0	0.0	0.0	0.38582642245775867
GM.5.0.Unknown.0050	-0.6708278469711022	-0.40723498090822124	2.29797797877483	-0.551992819991619	0.9184380127223437	0.0	0.0	0.0	0.0	0.5410439487338684
GM.5.0.C2H2_ZF.0221	0.018031630288789503	0.04666095148894862	1.4191097836261295	2.859652014276556	2.073961076965247	0.0	0.0	0.0	0.0	0.9623486629118808
GM.5.0.Unknown.0198	-1.1855917925324289	-1.0136554842858803	2.0935530369628292	-1.378683963011357	-0.09533439160111228	0.0	0.0	0.0	0.0	0.7539136990553905
GM.5.0.Homeodomain.0129	-0.013439211096959492	0.40551237811227514	1.7925750299185519	-0.4324665670360901	0.15007438797448402	0.0	0.0	0.0	0.0	0.6607831832897246
GM.5.0.bHLH.0001	1.766100895959239	0.8815790111467752	0.34810484888023585	0.35542419985519447	-1.07630648327332	0.0	0.0	0.0	0.0	0.0
GM.5.0.Homeodomain.0056	-0.11628010255839862	-0.2932134371006499	2.8666499974770825	0.8000123553781588	1.587281322584994	0.0	0.0	0.0	0.0	0.8559137877511197
GM.5.0.Forkhead.0028	1.4380370452176814	2.046252729232088	-0.3153609142021859	-2.0780997572745754	-2.601498682814518	0.0	0.0	0.0	0.0	0.3547829172025367
GM.5.0.bHLH.0032	-1.9550830799578034	-1.882064642085318	2.8727152970220997	-0.34802078235587297	1.5711400534006132	0.0	0.0	0.0	0.0	1.0421748192824514
GM.5.0.RFX.0002	-1.0665516764419805	-1.38388946309467	1.1934405780007282	-1.0631607203915407	1.6175369940052207	0.0	0.0	0.0	0.0	0.8647833606811832
GM.5.0.Nuclear_receptor.0121	-1.586668704743536	-1.3502692768347957	0.8585535745672458	0.07951071433241659	1.7964760432322282	0.0	0.0	0.0	0.0	0.9313051576566589
GM.5.0.Unknown.0064	2.841100037469898	2.410165656645336	0.29796189697875264	-1.7658152596236394	-1.8747241773997123	0.0	0.0	0.0	0.0	0.838174641890993
GM.5.0.Mixed.0002	0.23650517692166714	0.1745714544163683	2.733935643448262	0.1047094176336906	0.34795494521601583	0.0	0.0	0.0	0.0	0.8780877200762782
GM.5.0.bZIP.0003	0.14258519294545408	0.2179242407835393	2.682216170739222	0.6538780863546554	4.334256271567592	0.0	0.0	0.0	0.0	1.0244356734223248
GM.5.0.RFX.0003	-2.184728208206266	-2.1936679012347455	-0.4434439845552405	-1.80736661136112	0.5684220611162599	0.0	0.0	0.0	0.0	0.9490443035167856
GM.5.0.C2H2_ZF.0064	0.061179743284308814	-0.39902846945766335	2.6269577934572457	-1.4975857763108067	0.5820692543277778	0.0	0.0	0.0	0.0	0.8780877200762782
GM.5.0.bZIP.0013	-2.703404345059307	-2.417262066349804	0.8063704873087275	-2.7839586591920207	3.7149879163813746	0.0	0.0	0.0	0.0	1.8714798882433812
GM.5.0.bHLH.0137	-0.7463022273574242	-0.7348670058715773	4.378275705240698	1.0978551783781214	2.197894976065442	0.0	0.0	0.0	0.0	1.8847842476384762
GM.5.0.bHLH.0006	-4.295818673263782	-4.264958017090252	2.2354275370506618	-4.033936039364703	1.4248838424571306	0.0	0.0	0.0	0.0	1.9069581799636348
GM.5.0.RFX.0018	0.09975221032012196	0.42633234365669775	1.3625388142323605	2.0164815615695693	1.7503739133511038	0.0	0.0	0.0	0.0	2.1686105814005057
GM.5.0.Forkhead.0043	2.939287291278966	2.939287291278966	-1.1678066887506988	0.946414063045353	0.18509820873894858	0.0	0.0	0.0	0.0	0.0
