# maelstrom - GimmeMotifs version 0.16.1
# method: mwu with motif score
# motif table: /media/ia1014/2011CBA352BBC48B/ipek/K4me3_at_FOXG1_peaks_maelstrom.out/motif.nr.score.txt.gz
# activity values: BH-corrected -log10 Mann-Whitney U p-value
	cluster_1	cluster_2	cluster_3
GM.5.0.GATA.0029	inf	-0.0	-0.0
GM.5.0.Unknown.0161	-0.0	11.074726730492218	15.171685618868969
GM.5.0.Unknown.0159	4.540604449265327	-0.0	0.11302005966494717
GM.5.0.C2H2_ZF.0188	-0.0	2.6086052478851847	0.6765413381421452
GM.5.0.Nuclear_receptor.0061	78.90627254879924	-0.0	-0.0
GM.5.0.Unknown.0028	0.016208250034276412	0.22445791196500772	-0.0
GM.5.0.Homeodomain.0049	5.976367313465198	-0.0	-0.0
GM.5.0.C2H2_ZF.0095	50.07201814459203	-0.0	-0.0
GM.5.0.Unknown.0113	64.03362898467773	-0.0	-0.0
GM.5.0.Myb_SANT.0012	6.6838342985227674	-0.0	-0.0
GM.5.0.Unknown.0171	-0.0	-0.0	2.575476831171243
GM.5.0.Mixed.0104	-0.0	8.044782663873848	4.960873616739223
GM.5.0.RFX.0016	-0.0	1.6122312304863224	21.099637101027497
GM.5.0.DM.0004	11.245811567987754	-0.0	-0.0
GM.5.0.Nuclear_receptor.0125	151.68882097400964	-0.0	-0.0
GM.5.0.T-box.0026	-0.0	1.8183465642532786	3.0577474466621464
GM.5.0.C2H2_ZF.0138	14.646263157866253	-0.0	-0.0
GM.5.0.Unknown.0048	35.69991789065119	-0.0	-0.0
GM.5.0.Nuclear_receptor.0042	-0.0	0.5218220218041965	-0.0
GM.5.0.bHLH.0120	-0.0	9.958817567369767	4.865221192812172
GM.5.0.C2H2_ZF.0281	37.62469284312628	-0.0	-0.0
GM.5.0.bZIP.0031	10.919050628219109	-0.0	-0.0
GM.5.0.C2H2_ZF.0101	1.3281966630792639	-0.0	-0.0
GM.5.0.Nuclear_receptor.0087	2.400250885766993	-0.0	-0.0
GM.5.0.Unknown.0128	118.09267826657556	-0.0	-0.0
GM.5.0.Unknown.0123	-0.0	0.13083305848324447	0.04222025923473179
GM.5.0.Nuclear_receptor.0117	5.7241630569613315	0.08061013533516702	-0.0
GM.5.0.C2H2_ZF.0171	82.29272429827081	-0.0	-0.0
GM.5.0.Mixed.0078	-0.0	5.550732282329575	4.11570504692776
GM.5.0.C2H2_ZF.0217	-0.0	3.2307015128842753	0.05094138797155784
GM.5.0.Nuclear_receptor.0148	65.66890944065028	-0.0	-0.0
GM.5.0.Nuclear_receptor.0088	39.09331804457522	-0.0	-0.0
GM.5.0.Nuclear_receptor.0064	5.342912974920328	-0.0	-0.0
GM.5.0.Homeodomain.0159	193.37010867593585	-0.0	-0.0
GM.5.0.C2H2_ZF.0224	-0.0	1.2641362007230448	-0.0
GM.5.0.C2H2_ZF.0038	34.19223261448821	-0.0	-0.0
GM.5.0.T-box.0007	0.019101662826483796	-0.0	0.30425833696666577
GM.5.0.C2H2_ZF.0126	8.694839171695602	-0.0	-0.0
GM.5.0.bZIP.0060	2.079035220756233	0.3607226750030267	-0.0
GM.5.0.Nuclear_receptor.0046	-0.0	5.719874878301017	3.0972044367064004
GM.5.0.C2H2_ZF.0161	-0.0	5.015215638016582	17.886802562823945
GM.5.0.Unknown.0040	12.552821978345387	1.5310980799020597	-0.0
GM.5.0.C2H2_ZF.0129	-0.0	4.495496567275896	0.23203466785152957
GM.5.0.Nuclear_receptor.0047	9.64369041390943	-0.0	0.02697775853734152
GM.5.0.C2H2_ZF.0280	-0.0	10.7820379701563	9.693315604320574
GM.5.0.Homeodomain_POU.0011	35.51588993349718	-0.0	-0.0
GM.5.0.C2H2_ZF.0073	51.80244744325276	-0.0	-0.0
GM.5.0.Unknown.0049	-0.0	0.5710851930704006	0.8867425112018434
GM.5.0.Mixed.0060	21.07752140713044	-0.0	-0.0
GM.5.0.C2H2_ZF.0158	-0.0	1.15499172584403	0.2866835426917997
GM.5.0.Mixed.0009	1.9572182890727847	-0.0	-0.0
GM.5.0.Unknown.0054	-0.0	-0.0	0.5895056548623152
GM.5.0.C2H2_ZF.0076	1.3996104162450411	0.164963297839675	-0.0
GM.5.0.Rel.0021	85.53954658144139	-0.0	-0.0
GM.5.0.C2H2_ZF.0233	-0.0	0.1605396728682862	1.6870504927052314
GM.5.0.Nuclear_receptor.0134	-0.0	0.14105468067961388	8.760354768740731
GM.5.0.Unknown.0059	-0.0	0.11574989897329371	0.876948383391644
GM.5.0.Nuclear_receptor.0065	-0.0	1.2200394675658655	1.4093389202122544
GM.5.0.Pipsqueak.0001	114.05238831273496	-0.0	-0.0
GM.5.0.Unknown.0129	4.570827348991462	-0.0	-0.0
GM.5.0.Nuclear_receptor.0016	24.04052972409135	-0.0	-0.0
GM.5.0.Grainyhead.0007	-0.0	10.224067405353953	12.593677929022329
GM.5.0.CUT_Homeodomain.0006	3.5013949908342736	-0.0	-0.0
GM.5.0.T-box.0018	-0.0	0.5752936941731712	1.005406421223473
GM.5.0.C2H2_ZF.0302	19.711564684359725	-0.0	-0.0
GM.5.0.C2H2_ZF.0289	0.10367401000498402	-0.0	1.0612184794867123
GM.5.0.C2H2_ZF.0225	-0.0	8.420309408727821	12.694806209469036
GM.5.0.Forkhead.0058	0.11574989897329371	0.24999125460370586	-0.0
GM.5.0.Nuclear_receptor.0114	-0.0	0.45589611377080896	0.5486862322988941
GM.5.0.C2H2_ZF.0293	-0.0	2.3680274222492375	1.6052363893709038
GM.5.0.Ets.0029	87.92839516834857	-0.0	-0.0
GM.5.0.bZIP.0062	-0.0	2.5804971915032024	4.310601542745234
GM.5.0.C2H2_ZF.0235	2.8327306922342554	0.19104144459788702	-0.0
GM.5.0.Mixed.0020	28.215865772628902	-0.0	-0.0
GM.5.0.Forkhead.0040	-0.0	10.91193585224895	16.501812146989813
GM.5.0.Rel.0008	36.03591179044251	-0.0	-0.0
GM.5.0.Nuclear_receptor.0111	-0.0	0.0727311216135379	0.6645254757899449
GM.5.0.C2H2_ZF.0203	-0.0	0.030259292787926547	0.23203466785152957
GM.5.0.Unknown.0190	2.9351023550974076	0.2830432881322335	-0.0
GM.5.0.EIN3.0001	-0.0	0.18780156716221605	0.49734938405230367
GM.5.0.C2H2_ZF.0010	-0.0	12.968013121664727	28.828403281900453
GM.5.0.Nuclear_receptor.0085	1.2241864040929125	-0.0	-0.0
GM.5.0.C2H2_ZF.0197	63.16957381264891	-0.0	-0.0
GM.5.0.Paired_box.0013	-0.0	5.002395414446162	4.820062734339937
GM.5.0.Mixed.0007	-0.0	24.402210651893782	13.160735665093801
GM.5.0.bHLH.0075	-0.0	31.894434527395184	40.39452906951633
GM.5.0.Mixed.0047	-0.0	1.873854162714741	3.3600829262380363
GM.5.0.GCM.0004	-0.0	4.369344724612816	0.8148748082902395
GM.5.0.Mixed.0055	2.1950222010006653	-0.0	0.051218680295007105
GM.5.0.Nuclear_receptor.0131	-0.0	2.624430011182016	0.027662903918244042
GM.5.0.Nuclear_receptor.0115	5.338029925086698	-0.0	-0.0
GM.5.0.Unknown.0141	-0.0	16.440402547991155	8.557402255071178
GM.5.0.C2H2_ZF.0209	-0.0	2.76019844526967	4.278013356342199
GM.5.0.Ets.0043	-0.0	1.2851683978749038	4.432539853427668
GM.5.0.Nuclear_receptor.0100	-0.0	4.934137716360427	7.4607879400025325
GM.5.0.Mixed.0065	59.58443342451924	-0.0	-0.0
GM.5.0.bHLH.0105	50.92533626794735	-0.0	-0.0
GM.5.0.C2H2_ZF.0083	-0.0	2.3041954042790147	0.6329723175112008
GM.5.0.STAT.0025	6.208118993887764	-0.0	-0.0
GM.5.0.Unknown.0138	-0.0	3.790737004464537	3.6376790354598256
GM.5.0.C2H2_ZF.0039	-0.0	0.7186898086135428	-0.0
GM.5.0.C2H2_ZF.0298	19.761009984158775	-0.0	-0.0
GM.5.0.Zinc_cluster.0001	-0.0	2.003120599823469	1.6174446070415267
GM.5.0.C2H2_ZF.0080	0.33026930886109673	-0.0	0.6181297296058688
GM.5.0.Unknown.0105	-0.0	-0.0	0.23455254027527087
GM.5.0.Nuclear_receptor.0118	-0.0	-0.0	1.6569564525512535
GM.5.0.Unknown.0169	-0.0	7.078261814512381	13.051456502329469
GM.5.0.C2H2_ZF.0147	46.43229291593472	-0.0	-0.0
GM.5.0.T-box.0012	-0.0	0.005467923621027496	5.550732282329575
GM.5.0.Prospero.0001	27.615341200843602	-0.0	-0.0
GM.5.0.C2H2_ZF.0146	-0.0	1.8759216347415537	1.8173373305908405
GM.5.0.Homeodomain.0153	42.57793432665524	-0.0	-0.0
GM.5.0.Nuclear_receptor.0081	0.7807489395808055	-0.0	0.049785724895264005
GM.5.0.Nuclear_receptor.0116	-0.0	0.5096860273624952	-0.0
GM.5.0.Forkhead.0055	23.011570778055102	-0.0	-0.0
GM.5.0.Ets.0038	-0.0	-0.0	0.05856042760440287
GM.5.0.Unknown.0015	83.13803264113683	-0.0	-0.0
GM.5.0.TEA.0005	inf	-0.0	-0.0
GM.5.0.Paired_box.0018	-0.0	-0.0	0.056386181932117016
GM.5.0.C2H2_ZF.0286	72.88248462423547	-0.0	-0.0
GM.5.0.HSF.0008	7.067806418432099	-0.0	-0.0
GM.5.0.STAT.0015	40.99420168877734	-0.0	-0.0
GM.5.0.Nuclear_receptor.0007	2.0328216579900293	-0.0	-0.0
GM.5.0.C2H2_ZF.0276	-0.0	7.952866849276153	-0.0
GM.5.0.Mixed.0103	-0.0	20.06119300055717	19.245232910598865
GM.5.0.C2H2_ZF.0307	-0.0	11.519949891227203	1.052320923702139
GM.5.0.Forkhead.0042	-0.0	0.6513475931333035	1.8547935619185516
GM.5.0.STAT.0016	-0.0	0.5367479247336312	-0.0
GM.5.0.bZIP.0032	-0.0	2.3263188659293985	8.802331464760867
GM.5.0.Unknown.0062	12.703594228804803	-0.0	-0.0
GM.5.0.GATA.0025	-0.0	1.5870579608061144	14.347772693256008
GM.5.0.C2H2_ZF.0123	-0.0	12.708980475984546	12.890031858943614
GM.5.0.CSD.0001	-0.0	1.7371500312199288	0.5745127552977642
GM.5.0.C2H2_ZF.0079	-0.0	3.448913496105654	4.442632252258379
GM.5.0.SMAD.0007	8.93812621200011	-0.0	-0.0
GM.5.0.C2H2_ZF.0256	-0.0	2.170370692873979	6.256209240111324
GM.5.0.Nuclear_receptor.0099	27.539298353184307	-0.0	-0.0
GM.5.0.C2H2_ZF.0284	4.961330995181	0.005467923621027496	-0.0
GM.5.0.Homeodomain.0149	-0.0	0.1595434303460335	0.15068419688808332
GM.5.0.Sox.0001	17.50049519603504	-0.0	-0.0
GM.5.0.Homeodomain.0108	-0.0	2.1726939569844443	0.2665704325628904
GM.5.0.C2H2_ZF.0181	16.102612840313938	-0.0	-0.0
GM.5.0.Unknown.0042	-0.0	9.408590510064098	-0.0
GM.5.0.bHLH.0109	3.254198699919297	0.2907229264596104	-0.0
GM.5.0.Mixed.0017	2.349205464957357	-0.0	-0.0
GM.5.0.SAND.0006	96.16677936652232	-0.0	-0.0
GM.5.0.Unknown.0202	-0.0	3.169939794618629	3.9189998904613237
GM.5.0.Ets.0032	90.19286268043722	-0.0	-0.0
GM.5.0.Paired_box.0020	-0.0	-0.0	5.8076719662133565
GM.5.0.Forkhead.0024	-0.0	0.3754899216547563	1.752151555625951
GM.5.0.Runt.0006	151.9050216576426	-0.0	-0.0
GM.5.0.RFX.0012	-0.0	0.03696827991460155	0.005014848927210816
GM.5.0.C2H2_ZF.0132	121.82433513969866	-0.0	-0.0
GM.5.0.Nuclear_receptor.0056	35.068296628757956	-0.0	-0.0
GM.5.0.HSF.0009	6.027596680383065	-0.0	-0.0
GM.5.0.Unknown.0072	-0.0	0.09870992694094498	0.42921175800797073
GM.5.0.C2H2_ZF.0177	30.116333068880298	-0.0	-0.0
GM.5.0.Nuclear_receptor.0095	27.895233750358337	-0.0	-0.0
GM.5.0.Homeodomain.0053	-0.0	1.022226915939807	0.4817751244389507
GM.5.0.Unknown.0065	-0.0	15.051916002540635	95.292894190006
GM.5.0.Nuclear_receptor.0059	7.763043310467531	-0.0	-0.0
GM.5.0.C2H2_ZF.0216	-0.0	6.1680566485231765	2.18491354300663
GM.5.0.Unknown.0127	-0.0	0.8996664337355447	2.2050946420813236
GM.5.0.bZIP.0084	5.503031126955698	-0.0	-0.0
GM.5.0.Mixed.0005	3.453020917804216	-0.0	-0.0
GM.5.0.C2H2_ZF.0154	-0.0	0.8648326303052509	-0.0
GM.5.0.C2H2_ZF.0236	-0.0	0.5305051464507341	13.165269088220775
GM.5.0.C2H2_ZF.0178	169.4990028973118	-0.0	-0.0
GM.5.0.Forkhead.0057	28.383835668939703	-0.0	-0.0
GM.5.0.bHLH.0078	9.05536224764367	-0.0	-0.0
GM.5.0.Forkhead.0041	-0.0	0.28515288297538816	3.1827684176052884
GM.5.0.Mixed.0109	133.81349404405725	-0.0	-0.0
GM.5.0.bZIP.0075	-0.0	13.63306863002835	27.55830189930514
GM.5.0.C2H2_ZF.0283	72.89267736285427	-0.0	-0.0
GM.5.0.C2H2_ZF.0092	-0.0	8.800475850775916	1.6430440179575203
GM.5.0.C2H2_ZF.0219	-0.0	7.050268834223866	5.686631461274732
GM.5.0.Mixed.0042	13.233672999201461	-0.0	-0.0
GM.5.0.C2H2_ZF.0107	137.65067996216555	-0.0	-0.0
GM.5.0.Mixed.0035	11.357786922302887	-0.0	-0.0
GM.5.0.Nuclear_receptor.0102	2.1322170955955535	1.3103203302417026	-0.0
GM.5.0.GATA.0018	0.07914229430105493	-0.0	0.01363490382605113
GM.5.0.bZIP.0069	-0.0	2.900916585239349	2.821015901978705
GM.5.0.Homeodomain_POU.0018	2.10899501562543	-0.0	-0.0
GM.5.0.Mixed.0022	inf	-0.0	-0.0
GM.5.0.RFX.0007	1.2864299933072698	0.6067569957034715	-0.0
GM.5.0.bHLH.0088	44.01595466196258	-0.0	-0.0
GM.5.0.bZIP.0082	-0.0	5.7241630569613315	12.033667276930514
GM.5.0.Mixed.0105	-0.0	7.181150360413248	1.9092559384065286
GM.5.0.Nuclear_receptor.0050	7.556368684493976	-0.0	-0.0
GM.5.0.Grainyhead.0006	-0.0	12.18554629202242	3.444360345738504
GM.5.0.C2H2_ZF.0106	-0.0	-0.0	3.8389986860043805
GM.5.0.bZIP.0061	0.18649756319098412	0.26157614443790855	-0.0
GM.5.0.Unknown.0193	5.135820088266606	-0.0	-0.0
GM.5.0.STAT.0008	-0.0	11.008263458997645	2.407486719443541
GM.5.0.Mixed.0006	2.837728498582279	0.005073265448296619	-0.0
GM.5.0.CxxC.0001	117.3080819121285	-0.0	-0.0
GM.5.0.Homeodomain.0146	20.79271894236953	-0.0	-0.0
GM.5.0.C2H2_ZF.0239	8.697227066743656	-0.0	-0.0
GM.5.0.Unknown.0185	-0.0	2.447788323440066	3.260636481367779
GM.5.0.C2H2_ZF.0255	-0.0	2.1720217335298386	2.08873576198104
GM.5.0.SMAD.0018	72.80867783736863	-0.0	-0.0
GM.5.0.C2H2_ZF.0192	-0.0	3.386145806952798	1.478177899083253
GM.5.0.Homeodomain.0184	156.71106953719914	-0.0	-0.0
GM.5.0.Homeodomain.0194	9.644454084605883	1.1650925853104275	-0.0
GM.5.0.Nuclear_receptor.0082	-0.0	19.0606993821911	7.991808713401339
GM.5.0.Mixed.0050	38.24022076102481	-0.0	-0.0
GM.5.0.Grainyhead.0008	-0.0	10.840662245686044	2.289520979853118
GM.5.0.Unknown.0047	49.291906690483984	-0.0	-0.0
GM.5.0.C2H2_ZF.0012	-0.0	0.443694553676819	3.148311440703846
GM.5.0.Mixed.0031	76.78614861779609	-0.0	-0.0
GM.5.0.Paired_box.0017	10.378438430080942	-0.0	-0.0
GM.5.0.GATA.0022	-0.0	7.391365911690436	12.916832067188636
GM.5.0.Nuclear_receptor.0069	37.338146643199245	-0.0	-0.0
GM.5.0.C2H2_ZF.0114	0.04968161901611766	0.24999125460370586	-0.0
GM.5.0.C2H2_ZF.0151	5.2130871671016585	-0.0	0.02697775853734152
GM.5.0.Unknown.0017	-0.0	8.185993618212766	11.097082988745667
GM.5.0.Grainyhead.0001	-0.0	17.991936953423494	6.111034297676767
GM.5.0.C2H2_ZF.0087	9.478020950807766	-0.0	-0.0
GM.5.0.Unknown.0044	72.22267274456138	-0.0	-0.0
GM.5.0.TEA.0006	0.5766894140201941	-0.0	1.8286618981274951
GM.5.0.Homeodomain.0044	-0.0	2.4192808096968297	1.920738416974124
GM.5.0.ARID_BRIGHT.0003	-0.0	0.01712096470013402	0.056386181932117016
GM.5.0.Homeodomain.0165	3.8681053638338767	-0.0	0.011802233949527181
GM.5.0.Rel.0007	-0.0	1.085531148048593	8.154923656416548
GM.5.0.T-box.0014	-0.0	-0.0	5.081998424941658
GM.5.0.T-box.0025	8.291186358788488	-0.0	-0.0
GM.5.0.C2H2_ZF.0257	-0.0	9.93728402637479	4.5131100509958335
GM.5.0.p53.0009	-0.0	17.9530164388245	25.848635784181017
GM.5.0.GATA.0016	-0.0	1.2011756910343432	0.4001350255384374
GM.5.0.Homeodomain.0195	-0.0	-0.0	1.5310980799020597
GM.5.0.Homeodomain.0189	-0.0	2.4955948973984516	-0.0
GM.5.0.Unknown.0066	-0.0	12.437721196764953	4.100784988339738
GM.5.0.T-box.0010	-0.0	0.6293951544520745	2.568789570415587
GM.5.0.TEA.0002	-0.0	0.10367401000498402	1.4093389202122544
GM.5.0.CUT_Homeodomain.0010	23.107109732413797	-0.0	-0.0
GM.5.0.bHLH.0084	-0.0	0.9619370265636804	0.2983280586536557
GM.5.0.Nuclear_receptor.0080	7.184496604502562	-0.0	-0.0
GM.5.0.Myb_SANT.0007	118.0436608362256	-0.0	-0.0
GM.5.0.Unknown.0005	22.1483799423651	-0.0	-0.0
GM.5.0.Homeodomain.0199	54.06658657304303	-0.0	-0.0
GM.5.0.Nuclear_receptor.0063	2.0723985599783563	-0.0	-0.0
GM.5.0.Sox.0022	22.981467728465102	-0.0	-0.0
GM.5.0.Homeodomain.0132	3.6455834246488146	-0.0	-0.0
GM.5.0.C2H2_ZF.0202	-0.0	0.8783190229547226	-0.0
GM.5.0.bZIP.0070	-0.0	19.398804627001585	14.155297077924114
GM.5.0.bZIP.0094	1.9309260586030081	-0.0	-0.0
GM.5.0.C2H2_ZF.0278	61.24515572908328	-0.0	-0.0
GM.5.0.Unknown.0018	-0.0	2.361616588030034	6.427075073826305
GM.5.0.STAT.0013	4.17851703288969	-0.0	-0.0
GM.5.0.SMAD.0009	-0.0	37.78063075255954	50.16809515816052
GM.5.0.bHLH.0086	8.16826410112047	-0.0	-0.0
GM.5.0.C2H2_ZF.0149	-0.0	11.814988607495065	10.733569744559667
GM.5.0.RFX.0014	-0.0	0.04613975916974886	0.1603225857646198
GM.5.0.Paired_box.0010	-0.0	6.664800233870416	12.285060394962937
GM.5.0.THAP_finger.0006	7.256767123142292	-0.0	-0.0
GM.5.0.ARID_BRIGHT.0005	21.460523490218453	-0.0	-0.0
GM.5.0.Unknown.0077	-0.0	3.9415807738626394	-0.0
GM.5.0.bHLH.0061	-0.0	23.556843042796665	30.681341248814466
GM.5.0.C2H2_ZF.0249	-0.0	1.352046934208629	0.3315422874985537
GM.5.0.bZIP.0076	-0.0	0.38325819336753875	0.5733128952586055
GM.5.0.C2H2_ZF.0157	-0.0	1.4000700660195473	3.231786255035386
GM.5.0.C2H2_ZF.0069	-0.0	1.8238610752636797	5.685861162275458
GM.5.0.MADS_box.0016	-0.0	0.8362847945802345	-0.0
GM.5.0.C2H2_ZF.0240	-0.0	5.5248697508891516	8.557402255071178
GM.5.0.SMAD.0015	-0.0	17.92174873539674	15.852381651342817
GM.5.0.Sox.0017	8.867324268882722	-0.0	-0.0
GM.5.0.Nuclear_receptor.0090	61.48891758926589	-0.0	-0.0
GM.5.0.bZIP.0079	-0.0	0.4772615253831717	4.594295867746284
GM.5.0.C2H2_ZF.0226	135.08755057099813	-0.0	-0.0
GM.5.0.GATA.0028	5.462560927444345	-0.0	-0.0
GM.5.0.Ets.0018	-0.0	-0.0	0.8483528719094678
GM.5.0.Unknown.0103	-0.0	13.828220888716427	23.768038956378998
GM.5.0.Forkhead.0048	-0.0	8.265384514905277	20.08164994158499
GM.5.0.Unknown.0074	-0.0	2.7440010269124104	1.1965172820736891
GM.5.0.HSF.0003	138.60713648199797	-0.0	-0.0
GM.5.0.Unknown.0034	0.4150463218405256	-0.0	0.029487750782700505
GM.5.0.Homeodomain.0118	-0.0	1.3870804994653914	3.366569534334181
GM.5.0.bHLH.0129	0.5058372538801714	-0.0	-0.0
GM.5.0.Rel.0005	21.983868039541598	-0.0	-0.0
GM.5.0.T-box.0022	191.1518628310058	-0.0	-0.0
GM.5.0.T-box.0023	-0.0	-0.0	2.684572591583539
GM.5.0.Unknown.0098	-0.0	0.4607254540053116	0.6296432729606487
GM.5.0.Homeodomain_POU.0004	16.278438246778776	-0.0	-0.0
GM.5.0.Mixed.0057	8.881940094929426	-0.0	-0.0
GM.5.0.bZIP.0091	-0.0	1.0257811000857373	3.6617825500178496
GM.5.0.C2H2_ZF.0238	-0.0	3.552358776986346	0.3918529468413946
GM.5.0.bZIP.0102	0.3132507149324515	-0.0	0.49548393912044036
GM.5.0.HSF.0006	0.0727311216135379	-0.0	-0.0
GM.5.0.Paired_box.0011	59.71010979011554	-0.0	-0.0
GM.5.0.C2H2_ZF.0075	2.3923918224439484	0.002922575315288614	-0.0
GM.5.0.C2H2_ZF.0251	-0.0	2.158386552744146	3.1818764014436502
GM.5.0.Sox.0024	-0.0	2.253750564726129	3.1643232223593927
GM.5.0.Paired_box.0001	0.5209368204019512	0.09870992694094498	-0.0
GM.5.0.C2H2_ZF.0282	3.9189998904613237	-0.0	-0.0
GM.5.0.Nuclear_receptor.0112	-0.0	1.2972036708514127	0.07502772662590475
GM.5.0.C2H2_ZF_Homeodomain.0003	inf	-0.0	-0.0
GM.5.0.C2H2_ZF.0056	-0.0	48.57977351992974	36.409180649407375
GM.5.0.MADS_box.0011	-0.0	1.1574812161869799	19.08339990788091
GM.5.0.AT_hook.0002	59.22631892782196	-0.0	-0.0
GM.5.0.Nuclear_receptor.0145	-0.0	4.894769824400972	4.859652736639014
GM.5.0.bHLH.0054	-0.0	3.470265448925583	2.161227648130073
GM.5.0.C2H2_ZF.0277	29.02127150866925	-0.0	-0.0
GM.5.0.Nuclear_receptor.0133	-0.0	0.7226078864809283	4.11718499898348
GM.5.0.Unknown.0106	1.1699687870917623	-0.0	0.4474685388421785
GM.5.0.Homeodomain.0185	81.68383820490622	-0.0	-0.0
GM.5.0.bZIP.0021	-0.0	0.07502772662590475	1.796235811651977
GM.5.0.C2H2_ZF.0310	10.408776487440525	-0.0	-0.0
GM.5.0.THAP_finger.0005	149.78383154310146	-0.0	-0.0
GM.5.0.Unknown.0019	11.434893839355384	-0.0	-0.0
GM.5.0.GATA.0006	-0.0	6.058323406005296	4.887308538552773
GM.5.0.Homeodomain.0161	-0.0	-0.0	4.1372417505607215
GM.5.0.Unknown.0001	-0.0	13.523668587839937	6.688440800832136
GM.5.0.C2H2_ZF_Homeodomain.0002	-0.0	0.6306714946455215	0.5247342179037815
GM.5.0.GATA.0015	-0.0	11.391572284410124	18.888888353063447
GM.5.0.MADS_box.0008	-0.0	2.699384351137346	2.2464418412416074
GM.5.0.C2H2_ZF.0196	-0.0	8.81888437172799	6.0972160895255545
GM.5.0.bZIP.0086	5.4528488425969694	-0.0	-0.0
GM.5.0.C2H2_ZF.0115	-0.0	3.2023252349898725	6.167232504298336
GM.5.0.Nuclear_receptor.0147	-0.0	0.3639949207097639	1.456736735482765
GM.5.0.Unknown.0075	-0.0	3.1821113407108745	5.386660997414853
GM.5.0.C2H2_ZF.0253	0.4175791394358089	1.0156157925031277	-0.0
GM.5.0.C2H2_ZF.0176	2.183975299058999	-0.0	-0.0
GM.5.0.p53.0002	-0.0	9.745799473987109	11.121335733959121
GM.5.0.DM.0007	-0.0	0.5733128952586055	2.647242091655916
GM.5.0.Homeodomain.0125	-0.0	2.6738660790173876	3.2145153354996436
GM.5.0.bZIP.0099	16.14570249531931	-0.0	-0.0
GM.5.0.C2H2_ZF.0124	11.403716703094915	-0.0	-0.0
GM.5.0.Homeodomain.0148	26.73593987724713	-0.0	-0.0
GM.5.0.Sox.0035	-0.0	0.06946082718704168	3.2087171029489387
GM.5.0.Myb_SANT.0002	inf	-0.0	-0.0
GM.5.0.Rel.0013	17.41858191338915	-0.0	-0.0
GM.5.0.Mixed.0008	inf	-0.0	-0.0
GM.5.0.GCM.0001	21.52719875128798	-0.0	-0.0
GM.5.0.bHLH.0059	-0.0	5.387064409575016	5.256586107656016
GM.5.0.Homeodomain.0172	-0.0	2.0473650478315872	2.219588960314522
GM.5.0.Ets.0028	-0.0	43.83529507350751	47.408847448922614
GM.5.0.Ets.0046	inf	-0.0	-0.0
GM.5.0.Homeodomain.0135	25.43849420961682	-0.0	-0.0
GM.5.0.Homeodomain.0192	0.728531675959336	-0.0	0.4772615253831717
GM.5.0.Unknown.0126	-0.0	1.513100372018311	5.809632270412133
GM.5.0.C2H2_ZF.0185	225.98547008043795	-0.0	-0.0
GM.5.0.C2H2_ZF.0301	0.4094961986992447	0.21145913635004623	-0.0
GM.5.0.Nuclear_receptor.0109	2.190351966423863	0.5196149929632038	-0.0
GM.5.0.Unknown.0070	1.0942213366377866	-0.0	-0.0
GM.5.0.C2H2_ZF.0248	212.2142478780332	-0.0	-0.0
GM.5.0.Forkhead.0027	13.12986412134411	-0.0	-0.0
GM.5.0.GATA.0021	-0.0	0.35564270909494067	2.0796939896103197
GM.5.0.Mixed.0074	9.745799473987109	-0.0	-0.0
GM.5.0.Homeodomain.0098	-0.0	-0.0	0.32207560028665716
GM.5.0.Mixed.0100	0.4345066917461915	-0.0	0.7794101258489139
GM.5.0.bZIP.0083	-0.0	3.3239458468886665	2.6553006713272578
GM.5.0.Myb_SANT.0017	-0.0	-0.0	1.2732213514773498
GM.5.0.IRF.0012	188.9941665575044	-0.0	-0.0
GM.5.0.Mixed.0062	3.802970373208881	-0.0	-0.0
GM.5.0.Mixed.0061	21.950016516061865	-0.0	-0.0
GM.5.0.Nuclear_receptor.0079	2.350849003816786	-0.0	-0.0
GM.5.0.Paired_box.0002	-0.0	0.00935141665071439	1.1574812161869799
GM.5.0.MADS_box.0019	4.538705089035608	-0.0	-0.0
GM.5.0.bZIP.0065	18.062017325045975	-0.0	-0.0
GM.5.0.bZIP.0067	63.085502166151784	-0.0	-0.0
GM.5.0.C2H2_ZF.0036	45.268649089938314	-0.0	-0.0
GM.5.0.Unknown.0060	-0.0	-0.0	1.3646951930022388
GM.5.0.Unknown.0036	-0.0	-0.0	1.1600586853776678
GM.5.0.Rel.0019	15.269975172569598	-0.0	-0.0
GM.5.0.Mixed.0056	-0.0	1.2879255764605753	6.058323406005296
GM.5.0.C2H2_ZF.0200	-0.0	1.4344466309405723	-0.0
GM.5.0.C2H2_ZF.0131	85.08134068506533	-0.0	-0.0
GM.5.0.Homeodomain_POU.0025	-0.0	0.5375649026677284	4.127629166302485
GM.5.0.Unknown.0180	-0.0	8.912857091805924	6.225914139800253
GM.5.0.THAP_finger.0004	1.5999802296124832	1.372927529962292	-0.0
GM.5.0.Unknown.0082	-0.0	9.78319338617234	9.098884762431153
GM.5.0.TEA.0004	19.765704354461118	-0.0	-0.0
GM.5.0.Mixed.0013	5.595515488445385	-0.0	-0.0
GM.5.0.Unknown.0108	-0.0	0.06496468967889558	1.852653048372573
GM.5.0.Homeodomain.0187	0.049230588439636784	0.6048969123375217	-0.0
GM.5.0.C2H2_ZF.0077	28.30418863213872	-0.0	-0.0
GM.5.0.DP_E2F.0001	inf	-0.0	-0.0
GM.5.0.Unknown.0009	128.26595225468267	-0.0	-0.0
GM.5.0.Paired_box.0022	217.2839603556067	-0.0	-0.0
GM.5.0.bZIP.0027	1.025986842530933	-0.0	0.22445791196500772
GM.5.0.Homeodomain.0082	94.28998346803628	-0.0	-0.0
GM.5.0.C2H2_ZF.0195	-0.0	1.3293359224931551	3.674145811549393
GM.5.0.Rel.0024	-0.0	1.8653739831900507	0.5156711741593814
GM.5.0.bHLH.0019	-0.0	28.149199340881875	60.60644787993237
GM.5.0.SAND.0007	57.220032445933555	-0.0	-0.0
GM.5.0.Homeodomain_POU.0026	1.8332073759215457	-0.0	0.29216668739884805
GM.5.0.C2H2_ZF.0134	2.153214278836026	-0.0	-0.0
GM.5.0.C2H2_ZF.0260	-0.0	3.290111641249406	1.3486349934021788
GM.5.0.MADS_box.0018	-0.0	3.190357815069168	7.556368684493976
GM.5.0.p53.0004	-0.0	-0.0	3.5069475857285983
GM.5.0.Ets.0021	224.2444392614851	-0.0	-0.0
GM.5.0.Unknown.0055	-0.0	17.516099462855262	30.71002531291334
GM.5.0.T-box.0002	-0.0	3.999649299893669	15.558555810213665
GM.5.0.Unknown.0100	33.54621559190641	-0.0	-0.0
GM.5.0.C2H2_ZF.0140	34.664704682952625	-0.0	-0.0
GM.5.0.C2H2_ZF.0032	7.675800351361788	0.2153757447083165	-0.0
GM.5.0.Mixed.0072	-0.0	1.441260830395728	2.4570782366625936
GM.5.0.Unknown.0043	-0.0	14.863007769865202	55.390357844931415
GM.5.0.Nuclear_receptor.0001	-0.0	4.456874708405372	3.3844561338268453
GM.5.0.C2H2_ZF.0108	0.07127050385835489	-0.0	0.10870151119526474
GM.5.0.Mixed.0076	20.103235522392712	-0.0	-0.0
GM.5.0.AT_hook.0006	84.14180299575584	-0.0	-0.0
GM.5.0.STAT.0014	-0.0	-0.0	0.5703850271622248
GM.5.0.Unknown.0084	20.52532645055278	-0.0	-0.0
GM.5.0.Mixed.0063	-0.0	3.341257407174358	2.671182255963786
GM.5.0.Mixed.0058	-0.0	0.3673541096574754	0.4997019442514362
GM.5.0.C2H2_ZF.0230	-0.0	2.10899501562543	15.070491971225078
GM.5.0.TEA.0008	-0.0	1.1030000456667979	2.440759257629048
GM.5.0.Paired_box.0015	7.967914242380437	-0.0	-0.0
GM.5.0.Homeodomain.0113	-0.0	8.581076766498995	1.3194072359881746
GM.5.0.C2H2_ZF.0078	-0.0	0.08727988238544683	-0.0
GM.5.0.Homeodomain.0003	5.814648917414631	-0.0	-0.0
GM.5.0.Mixed.0041	16.798219447004165	-0.0	-0.0
GM.5.0.Forkhead.0031	1.1122477900830707	0.049230588439636784	-0.0
GM.5.0.Mixed.0073	-0.0	-0.0	4.291099352548518
GM.5.0.Ets.0019	144.51238238215072	-0.0	-0.0
GM.5.0.GATA.0001	-0.0	3.2781986429517644	2.0611336251844783
GM.5.0.C2H2_ZF.0252	-0.0	0.2617136722939548	-0.0
GM.5.0.Sox.0036	4.302275324744004	-0.0	-0.0
GM.5.0.IRF.0003	133.5352611257385	-0.0	-0.0
GM.5.0.C2H2_ZF.0049	-0.0	28.78776207367893	29.919715366158997
GM.5.0.Myb_SANT.0001	143.08565271664355	-0.0	-0.0
GM.5.0.bZIP.0034	184.81524501605398	-0.0	-0.0
GM.5.0.Nuclear_receptor.0054	-0.0	-0.0	12.468107560619373
GM.5.0.Nuclear_receptor.0094	-0.0	3.191607165800205	11.389719754933688
GM.5.0.Homeodomain_POU.0024	37.3641350971681	-0.0	-0.0
GM.5.0.GATA.0020	-0.0	9.175801125190647	31.89980889182982
GM.5.0.C2H2_ZF.0267	-0.0	11.901314880709695	33.52543030585634
GM.5.0.HSF.0007	118.91357380856756	-0.0	-0.0
GM.5.0.C2H2_ZF.0098	-0.0	22.66598368135996	14.581525649211825
GM.5.0.bHLH.0024	129.0921870581226	-0.0	-0.0
GM.5.0.Unknown.0003	29.555585124245464	-0.0	-0.0
GM.5.0.C2H2_ZF.0265	1.567744382368543	-0.0	-0.0
GM.5.0.Homeodomain.0170	35.45340384772584	-0.0	-0.0
GM.5.0.C2H2_ZF.0011	-0.0	0.30899025927561186	0.07127050385835489
GM.5.0.Homeodomain_POU.0022	4.200239015620872	-0.0	-0.0
GM.5.0.Unknown.0046	13.803851178379002	-0.0	-0.0
GM.5.0.Paired_box.0012	-0.0	6.724257368613523	5.496117128147835
GM.5.0.Unknown.0038	112.30739840225118	-0.0	-0.0
GM.5.0.bZIP.0089	inf	-0.0	-0.0
GM.5.0.Homeodomain.0046	-0.0	3.027452268786522	0.8432087866522232
GM.5.0.Sox.0016	16.020400113465353	-0.0	-0.0
GM.5.0.Unknown.0206	8.112548156605529	-0.0	-0.0
GM.5.0.STAT.0017	-0.0	-0.0	0.4863005031313578
GM.5.0.Unknown.0102	4.0468234123913875	-0.0	-0.0
GM.5.0.Homeodomain.0150	23.48253512523534	-0.0	-0.0
GM.5.0.bZIP.0092	-0.0	1.716186726037187	10.05813037486201
GM.5.0.Forkhead.0050	-0.0	4.865221192812172	0.6273649677879658
GM.5.0.Unknown.0119	10.011773365617607	-0.0	-0.0
GM.5.0.Unknown.0181	-0.0	10.836332406790852	30.727972645685803
GM.5.0.C2H2_ZF.0034	inf	-0.0	-0.0
GM.5.0.E2F.0020	98.10249526710466	-0.0	-0.0
GM.5.0.Unknown.0024	221.0228535460007	-0.0	-0.0
GM.5.0.Mixed.0108	-0.0	7.159261280057949	5.26066383260576
GM.5.0.Mixed.0037	187.02628474793525	-0.0	-0.0
GM.5.0.C2H2_ZF.0232	inf	-0.0	-0.0
GM.5.0.C2H2_ZF.0168	6.035480990461818	-0.0	-0.0
GM.5.0.Homeodomain.0143	25.47861984935326	-0.0	-0.0
GM.5.0.Unknown.0093	-0.0	11.837668285746185	75.18544606328953
GM.5.0.C2H2_ZF.0285	-0.0	0.20600334444828494	-0.0
GM.5.0.Mixed.0087	-0.0	2.3573480559777096	4.472499198211129
GM.5.0.Homeodomain.0042	12.38579685975922	-0.0	-0.0
GM.5.0.Homeodomain.0080	23.764281504884487	-0.0	-0.0
GM.5.0.Unknown.0124	161.00078141280034	-0.0	-0.0
GM.5.0.IRF.0005	99.84805965789612	-0.0	-0.0
GM.5.0.Homeodomain.0136	-0.0	0.6080748284885206	0.6712293913072896
GM.5.0.C2H2_ZF.0112	13.761980702351899	-0.0	-0.0
GM.5.0.Ets.0031	37.69791103788156	-0.0	-0.0
GM.5.0.Mixed.0075	-0.0	3.7494246221850727	6.66976907369747
GM.5.0.Mixed.0030	inf	-0.0	-0.0
GM.5.0.MADS_box.0015	-0.0	7.847334857543831	4.857846448898649
GM.5.0.Unknown.0133	-0.0	3.100034146349138	3.799883047474134
GM.5.0.Unknown.0085	-0.0	11.064727333610985	5.386660997414853
GM.5.0.CENPB.0001	inf	-0.0	-0.0
GM.5.0.Unknown.0176	inf	-0.0	-0.0
GM.5.0.Forkhead.0004	0.5947255561724003	-0.0	-0.0
GM.5.0.GATA.0012	23.845239639031238	-0.0	-0.0
GM.5.0.Homeodomain.0201	-0.0	2.002406591260729	8.06376902819997
GM.5.0.Unknown.0121	-0.0	2.6136660059185486	19.170315942890916
GM.5.0.bZIP.0043	15.659776135510095	-0.0	-0.0
GM.5.0.Unknown.0175	5.714836630990277	-0.0	-0.0
GM.5.0.C2H2_ZF.0162	-0.0	35.96942851028297	28.989307730268084
GM.5.0.Homeodomain.0037	inf	-0.0	-0.0
GM.5.0.Unknown.0196	168.02966571479925	-0.0	-0.0
GM.5.0.Sox.0031	49.76000347385305	-0.0	-0.0
GM.5.0.Unknown.0078	-0.0	-0.0	0.33082952578783187
GM.5.0.E2F.0008	67.97841763420436	-0.0	-0.0
GM.5.0.Unknown.0183	-0.0	5.984943702664846	3.036098286867917
GM.5.0.C2H2_ZF.0150	-0.0	1.408219977862137	1.6046722913916625
GM.5.0.Homeodomain.0030	222.63954032656977	-0.0	-0.0
GM.5.0.Unknown.0173	278.2436689053835	-0.0	-0.0
GM.5.0.bZIP.0068	0.09559605207665743	-0.0	2.2654893784030987
GM.5.0.Nuclear_receptor.0128	-0.0	4.654966155135779	4.349382642991417
GM.5.0.bHLH.0112	1.3726739966587684	-0.0	-0.0
GM.5.0.IRF.0019	-0.0	0.6183011989298751	20.842779633220193
GM.5.0.Sox.0012	-0.0	-0.0	1.4790485136792166
GM.5.0.bHLH.0051	16.92150664764619	-0.0	-0.0
GM.5.0.HSF.0004	7.7541100557743805	-0.0	-0.0
GM.5.0.T-box.0016	1.4908659645642515	-0.0	0.2482575623157143
GM.5.0.bHLH.0057	4.08119253360783	-0.0	-0.0
GM.5.0.C2H2_ZF.0271	-0.0	4.562753263820532	19.60656505652087
GM.5.0.Nuclear_receptor.0144	-0.0	8.539470363074724	10.525922215555017
GM.5.0.Grainyhead.0005	-0.0	4.558862193484423	1.0635924974347122
GM.5.0.Unknown.0122	-0.0	1.2132963489241533	3.896986748179118
GM.5.0.Unknown.0147	166.46206231165087	-0.0	-0.0
GM.5.0.SAND.0008	inf	-0.0	-0.0
GM.5.0.STAT.0007	108.16832908568912	-0.0	-0.0
GM.5.0.C2H2_ZF.0088	-0.0	0.3910109238804459	2.4266787206225553
GM.5.0.Homeodomain.0010	-0.0	-0.0	4.202116830149514
GM.5.0.C2H2_ZF.0179	-0.0	22.192377942420134	13.544094297175253
GM.5.0.Unknown.0109	-0.0	1.4662057523248053	1.0757021332763619
GM.5.0.Unknown.0057	-0.0	0.5209368204019512	15.19857270790314
GM.5.0.C2H2_ZF.0105	99.63334195766971	-0.0	-0.0
GM.5.0.MADS_box.0017	-0.0	0.6308100214844191	0.22043794996992372
GM.5.0.GATA.0030	-0.0	8.925055267949785	11.000708838997975
GM.5.0.STAT.0019	1.6338377883379964	-0.0	0.4150463218405256
GM.5.0.bHLH.0119	-0.0	4.544699678718531	1.6378524857859633
GM.5.0.bHLH.0126	-0.0	7.656583587219821	0.6245235490544577
GM.5.0.Nuclear_receptor.0122	22.477172887243718	-0.0	-0.0
GM.5.0.Unknown.0182	-0.0	6.320437202120536	2.570600626774493
GM.5.0.CSL.0003	-0.0	4.461055347595736	3.1819987630286986
GM.5.0.C2H2_ZF.0303	186.34853648906838	-0.0	-0.0
GM.5.0.bHLH.0037	-0.0	1.6643776165954822	1.5558602383403155
GM.5.0.bZIP.0020	93.03795415978483	-0.0	-0.0
GM.5.0.Ets.0024	146.31175008382354	-0.0	-0.0
GM.5.0.C2H2_ZF.0229	-0.0	12.48508588995838	11.923797358196476
GM.5.0.bHLH.0083	26.298326222200437	-0.0	-0.0
GM.5.0.Homeodomain.0112	66.50030068639295	-0.0	-0.0
GM.5.0.Unknown.0079	-0.0	0.38425863203584953	0.13600127868400003
GM.5.0.C2H2_ZF.0052	39.87365493854418	-0.0	-0.0
GM.5.0.Sox.0023	-0.0	0.4607254540053116	-0.0
GM.5.0.C2H2_ZF.0094	-0.0	-0.0	3.099875507145338
GM.5.0.Mixed.0096	1.073000429709384	-0.0	0.39888180538486767
GM.5.0.Homeodomain.0038	71.86648900286032	-0.0	-0.0
GM.5.0.Homeodomain.0079	185.2874870148821	-0.0	-0.0
GM.5.0.MADS_box.0004	-0.0	27.87574856191485	51.86331646351787
GM.5.0.SMAD.0014	-0.0	5.721918440355567	5.291560341838173
GM.5.0.C2H2_ZF.0003	-0.0	1.022226915939807	-0.0
GM.5.0.Forkhead.0047	-0.0	1.7731244955004917	9.212479563807786
GM.5.0.C2H2_ZF.0173	-0.0	14.370673494852095	8.112548156605529
GM.5.0.T-box.0004	-0.0	11.175051037744078	39.773386423646606
GM.5.0.Unknown.0148	-0.0	-0.0	0.2830432881322335
GM.5.0.C2H2_ZF.0170	16.24075377015094	-0.0	-0.0
GM.5.0.Unknown.0073	inf	-0.0	-0.0
GM.5.0.C2H2_ZF.0266	-0.0	11.901314880709695	11.25492075715497
GM.5.0.Unknown.0056	-0.0	1.2200394675658655	5.305917503533617
GM.5.0.C2H2_ZF.0046	285.14614415913024	-0.0	-0.0
GM.5.0.E2F.0007	67.47528452916944	-0.0	-0.0
GM.5.0.Unknown.0011	54.55361678120148	-0.0	-0.0
GM.5.0.C2H2_ZF.0183	214.29160159618735	-0.0	-0.0
GM.5.0.Homeodomain.0130	4.270890029958222	-0.0	-0.0
GM.5.0.C2H2_ZF.0143	-0.0	12.494701877908991	30.727972645685803
GM.5.0.Homeodomain.0050	-0.0	0.12680455493324444	1.9593217422120515
GM.5.0.C2H2_ZF.0316	-0.0	5.905807901067355	1.1586858809583227
GM.5.0.Homeodomain.0160	1.052320923702139	-0.0	0.28578646289333876
GM.5.0.Unknown.0139	4.489651831133058	-0.0	-0.0
GM.5.0.C2H2_ZF.0043	137.7697596373566	-0.0	-0.0
GM.5.0.Homeodomain.0138	0.29572057790219797	0.42167389215693124	-0.0
GM.5.0.Unknown.0014	-0.0	35.96942851028297	22.14865183966805
GM.5.0.bZIP.0016	98.21244599217472	-0.0	-0.0
GM.5.0.Homeodomain.0180	5.590379303857587	-0.0	-0.0
GM.5.0.C2H2_ZF.0136	inf	-0.0	-0.0
GM.5.0.C2H2_ZF.0208	-0.0	4.322472189042616	5.731039860309067
GM.5.0.C2H2_ZF.0060	inf	-0.0	-0.0
GM.5.0.Myb_SANT.0006	111.56949917157289	-0.0	-0.0
GM.5.0.Unknown.0208	-0.0	38.37038474101817	51.57908184760282
GM.5.0.Forkhead.0045	32.71853097740815	-0.0	-0.0
GM.5.0.Homeodomain.0077	-0.0	1.8842929696976436	1.7759450794001028
GM.5.0.C2H2_ZF.0228	inf	-0.0	-0.0
GM.5.0.C2H2_ZF.0018	-0.0	-0.0	1.2879255764605753
GM.5.0.Mixed.0049	91.27696090594311	-0.0	-0.0
GM.5.0.GATA.0009	-0.0	9.85268156076719	4.046050924646779
GM.5.0.C2H2_ZF.0063	-0.0	1.3646951930022388	1.2360947016858868
GM.5.0.Unknown.0140	inf	-0.0	-0.0
GM.5.0.Mixed.0053	-0.0	0.09559605207665743	0.12881918474673995
GM.5.0.Homeodomain.0151	3.4596630474776506	-0.0	-0.0
GM.5.0.Forkhead.0044	16.713564638966456	-0.0	-0.0
GM.5.0.Forkhead.0015	3.955619047897992	-0.0	-0.0
GM.5.0.Nuclear_receptor.0086	-0.0	2.5787099519736962	6.466512107529085
GM.5.0.Homeodomain.0054	34.50169792553821	-0.0	-0.0
GM.5.0.Ets.0035	inf	-0.0	-0.0
GM.5.0.Homeodomain.0169	19.500749697471836	-0.0	-0.0
GM.5.0.Nuclear_receptor.0025	-0.0	3.8069498283389858	6.909739305145322
GM.5.0.bHLH.0076	-0.0	1.2634046954315865	2.854199477788246
GM.5.0.Homeodomain.0181	42.52901602669734	-0.0	-0.0
GM.5.0.bHLH.0085	-0.0	24.871284109709528	57.192507655884214
GM.5.0.Homeodomain.0188	-0.0	4.566486487098601	9.996182014586648
GM.5.0.bZIP.0096	1.491231800441717	-0.0	0.1264098913513746
GM.5.0.MADS_box.0012	127.82849793716584	-0.0	-0.0
GM.5.0.Homeodomain.0052	-0.0	9.374717705892394	25.00466952942107
GM.5.0.Forkhead.0013	-0.0	0.38325819336753875	3.6999910247400667
GM.5.0.Forkhead.0037	-0.0	1.3996104162450411	1.9982067808378046
GM.5.0.AT_hook.0001	157.15710727402205	-0.0	-0.0
GM.5.0.RFX.0009	-0.0	3.058881884563222	10.248696152461028
GM.5.0.Sox.0025	5.084663637468543	-0.0	-0.0
GM.5.0.bHLH.0094	inf	-0.0	-0.0
GM.5.0.Rel.0020	0.5937119847256165	0.09483078925529842	-0.0
GM.5.0.SAND.0005	inf	-0.0	-0.0
GM.5.0.bZIP.0006	131.80614225590716	-0.0	-0.0
GM.5.0.Mixed.0024	0.3164039958738685	0.27747744342679564	-0.0
GM.5.0.RFX.0011	1.6609438132894916	-0.0	-0.0
GM.5.0.bZIP.0041	2.6936748694503856	-0.0	-0.0
GM.5.0.Unknown.0008	66.83113898534147	-0.0	-0.0
GM.5.0.bZIP.0073	inf	-0.0	-0.0
GM.5.0.Unknown.0004	-0.0	58.29549599096034	30.546622567182105
GM.5.0.C2H2_ZF.0243	85.29723290941372	-0.0	-0.0
GM.5.0.SMAD.0005	-0.0	39.2894502940519	36.216361549318755
GM.5.0.E2F.0017	inf	-0.0	-0.0
GM.5.0.bZIP.0080	inf	-0.0	-0.0
GM.5.0.Forkhead.0007	-0.0	0.9137044461493684	0.22665508346032318
GM.5.0.Paired_box.0003	219.91017384735068	-0.0	-0.0
GM.5.0.MADS_box.0023	63.74516838914644	-0.0	-0.0
GM.5.0.GATA.0031	-0.0	87.3944217265504	165.92944158228374
GM.5.0.Mixed.0010	28.43273437384439	-0.0	-0.0
GM.5.0.Unknown.0110	-0.0	66.33654978986355	73.66576029653613
GM.5.0.SMAD.0002	-0.0	3.5986543208626527	5.267011055547035
GM.5.0.Homeodomain.0183	2.8721557131369786	-0.0	-0.0
GM.5.0.MBD.0001	inf	-0.0	-0.0
GM.5.0.Unknown.0080	-0.0	40.706606160613596	72.8526435596139
GM.5.0.Mixed.0034	77.75024746772611	-0.0	-0.0
GM.5.0.SMAD.0012	inf	-0.0	-0.0
GM.5.0.Unknown.0050	-0.0	12.313496868886878	26.249512575248833
GM.5.0.C2H2_ZF.0221	-0.0	31.05393526468885	28.8009512959381
GM.5.0.Unknown.0198	-0.0	10.329279189682527	8.03220455899896
GM.5.0.Homeodomain.0129	6.3362181391283325	-0.0	-0.0
GM.5.0.bHLH.0001	56.37492538185196	-0.0	-0.0
GM.5.0.Homeodomain.0056	-0.0	25.17605462193844	70.33089396436718
GM.5.0.Forkhead.0028	inf	-0.0	-0.0
GM.5.0.bHLH.0032	-0.0	38.056332013073174	139.26959294200427
GM.5.0.RFX.0002	-0.0	15.036990673116527	15.34891584465282
GM.5.0.Nuclear_receptor.0121	-0.0	6.759050247608592	13.779904971614384
GM.5.0.Unknown.0064	inf	-0.0	-0.0
GM.5.0.Mixed.0002	-0.0	0.10474466239367666	0.9311247086761816
GM.5.0.bZIP.0003	-0.0	43.0852786818425	51.49177083719793
GM.5.0.RFX.0003	-0.0	1.2881750517079629	1.147051977748825
GM.5.0.C2H2_ZF.0064	-0.0	16.440812269021283	11.789529243253062
GM.5.0.bZIP.0013	-0.0	29.78975392833488	38.33029359053658
GM.5.0.bHLH.0137	-0.0	123.8403075609642	225.01988342438682
GM.5.0.bHLH.0006	-0.0	135.65863149514342	251.75660078858138
GM.5.0.RFX.0018	-0.0	3.478378628288391	3.8013109681335258
GM.5.0.Forkhead.0043	inf	-0.0	-0.0
