	z-score cluster_1	z-score cluster_2	z-score cluster_3	cluster_1 % with motif	cluster_2 % with motif	cluster_3 % with motif
GM.5.0.GATA.0029	2.477340859427011	-2.5700220273011585	-3.476827984517783	0.0	0.0	0.0
GM.5.0.Unknown.0161	-1.2506629659334687	0.9241658918029668	0.20371317152877294	0.0	0.0	0.1411130828932458
GM.5.0.Unknown.0159	1.4673963812477158	0.6935049809757706	-0.4278971801094975	0.0	0.0	0.0855230805413611
GM.5.0.C2H2_ZF.0188	0.24898761460142166	1.4663218237975393	-0.22527267521375033	0.0	0.0	0.12614654379850762
GM.5.0.Nuclear_receptor.0061	1.2403467872882565	-0.9875525593145317	-1.4237535924172433	0.0	0.0	0.19242693121806248
GM.5.0.Unknown.0028	-0.532681888169589	-0.927515462661745	-1.8300030498181459	0.0	0.0	0.10048961963609929
GM.5.0.Homeodomain.0049	0.5914980699828397	-0.9007922375217843	-1.3067690104612253	0.0	0.0	0.09621346560903124
GM.5.0.C2H2_ZF.0095	0.9700066874553149	-0.5266374411878272	-1.5809307200205285	0.0	0.0	0.13683692886617776
GM.5.0.Unknown.0113	1.404376792091893	0.12494921787738039	-1.1406888289914179	0.0	0.0	0.07483269547369097
GM.5.0.Myb_SANT.0012	-0.23967484014472412	-1.9097144861823454	-0.737761965867296	0.0	0.0	0.18173654615039234
GM.5.0.Unknown.0171	-0.39177939482603386	0.9668554138158345	0.014797103996617237	0.0	0.0	0.1240084667849736
GM.5.0.Mixed.0104	-2.881149820787464	-0.05150299233222934	-0.17336104416737336	0.0	0.0	0.10476577366316735
GM.5.0.RFX.0016	-0.6080050903659311	0.2944007423076849	2.5205904290129877	0.0	0.0	0.3228496290436382
GM.5.0.DM.0004	0.017901222088002853	-1.563297449347443	-2.015139990924543	0.0	0.0	0.10476577366316735
GM.5.0.Nuclear_receptor.0125	2.079132537165518	-0.18989738876161816	-1.521847594405747	0.0	0.0	0.08338500352782707
GM.5.0.T-box.0026	-0.9148618595092842	-0.16109449730534403	0.9821041853117343	0.0	0.0	0.2565692416240833
GM.5.0.C2H2_ZF.0138	1.0183285886380293	0.15703143661248864	-1.1109759746611285	0.0	0.0	0.08124692651429304
GM.5.0.Unknown.0048	2.1016461327112377	1.1407069028947392	-1.3776180164240377	0.0	0.0	0.0235188471488743
GM.5.0.Nuclear_receptor.0042	0.4362169117080253	0.8055800144058238	-0.8465157801478164	0.0	0.0	0.1795984691368583
GM.5.0.bHLH.0120	-1.271885359055709	1.7557458118609888	2.008778808410047	0.0	0.0	0.22877424044814096
GM.5.0.C2H2_ZF.0281	0.8003387419845427	-0.9060728475025254	-1.5929443642261827	0.0	0.0	0.08979923456842916
GM.5.0.bZIP.0031	0.46801467267748004	-0.9341795757903287	-1.3087618224631212	0.0	0.0	0.11545615873083748
GM.5.0.C2H2_ZF.0101	-0.3253517320816289	-0.26700611543409736	-0.11751689517524677	0.0	0.0	0.2715357807188215
GM.5.0.Nuclear_receptor.0087	-0.1963448072252233	-0.06557209881650686	-0.9164435764483855	0.0	0.0	0.23091231746167495
GM.5.0.Unknown.0128	1.0875599770767064	-1.7773419533792416	-2.0299975326147766	0.0	0.0	0.11331808171730347
GM.5.0.Unknown.0123	0.11351377257935819	0.5552833786447803	-0.7777047698574235	0.0	0.0	0.15394154497444998
GM.5.0.Nuclear_receptor.0117	0.048071405992501585	-0.875273478575752	-1.7008410273910852	0.0	0.0	0.09621346560903124
GM.5.0.C2H2_ZF.0171	1.1404617029569697	-0.4725712062592983	-1.692063658118146	0.0	0.0	0.08124692651429304
GM.5.0.Mixed.0078	-0.31677034177041713	1.8495164511040099	0.16448709473190035	0.0	0.0	0.12614654379850762
GM.5.0.C2H2_ZF.0217	-0.47317673988819353	0.8753716748195132	-0.4108914918182721	0.0	0.0	0.11973231275790554
GM.5.0.Nuclear_receptor.0148	-0.6630356808601715	-1.0240861681867783	-1.2037129655777725	0.0	0.0	0.0
GM.5.0.Nuclear_receptor.0088	0.09926111026487927	-1.7314779976268067	-2.2695724539533355	0.0	0.0	0.05986615637895277
GM.5.0.Nuclear_receptor.0064	0.6279326480506799	-0.9118434680596632	-0.5244689567421553	0.0	0.0	0.1967030852451305
GM.5.0.Homeodomain.0159	1.1366338260870474	-1.4741332220913257	-0.7284905338105162	0.0	0.0	0.21380770135340277
GM.5.0.C2H2_ZF.0224	-0.7148124082522007	-0.5162637946025627	-1.5675564598163354	0.0	0.0	0.11331808171730347
GM.5.0.C2H2_ZF.0038	0.1259370677472934	-1.991944048329493	-2.291922657605929	0.0	0.0	0.0855230805413611
GM.5.0.T-box.0007	-0.5983837094209139	-0.5173972684828931	0.5581839504869467	0.0	0.0	0.2180838553804708
GM.5.0.C2H2_ZF.0126	0.2853898683916934	-0.9714148891845693	-1.1419030973217164	0.0	0.0	0.1411130828932458
GM.5.0.bZIP.0060	0.4854698838484098	0.4015220607831541	-1.5585215740997416	0.0	0.0	0.11118000470376943
GM.5.0.Nuclear_receptor.0046	0.6677642049198407	1.8190356229775255	0.3995965413384604	0.0	0.0	0.16035577601505208
GM.5.0.C2H2_ZF.0161	-0.2749612062071473	1.141019699837523	1.5850271568675782	0.0	0.0	0.18601270017746038
GM.5.0.Unknown.0040	0.2242566229844884	0.9262268647220501	-1.3507880667068257	0.0	0.0	0.19884116225866458
GM.5.0.C2H2_ZF.0129	-0.950462848673822	0.5460342702371357	-0.570369788277754	0.0	0.0	0.16890808406918817
GM.5.0.Nuclear_receptor.0047	-0.6814867288623522	-2.7742908630249867	-0.4981031487969085	0.0	0.0	0.1240084667849736
GM.5.0.C2H2_ZF.0280	-0.848566038326315	1.7469330039336533	0.9049399148077724	0.0	0.0	0.18173654615039234
GM.5.0.Homeodomain_POU.0011	0.9275342560205252	0.008390021892870124	-0.42961730481691807	0.0	0.0	0.16890808406918817
GM.5.0.C2H2_ZF.0073	1.7585630692098309	0.07532419038833953	-0.8871429194172963	0.0	0.0	0.11331808171730347
GM.5.0.Unknown.0049	1.8847572409342273	2.248482205020612	-1.4277029482748091	0.0	0.0	0.10476577366316735
GM.5.0.Mixed.0060	-0.3520829894898021	-2.983182670625261	-3.260652216519238	0.0	0.0	0.0
GM.5.0.C2H2_ZF.0158	-0.8470490682845243	0.4058543131301901	-1.2245846959367264	0.0	0.0	0.13042269782557567
GM.5.0.Mixed.0009	0.34872067692646425	0.6226171305293802	0.672551260690417	0.0	0.0	0.1967030852451305
GM.5.0.Unknown.0054	1.235630365365984	0.707482606723845	0.20989001646182853	0.0	0.0	0.1881507771909944
GM.5.0.C2H2_ZF.0076	0.4808176711229787	-0.4753687772840428	-1.3166880837337658	0.0	0.0	0.15394154497444998
GM.5.0.Rel.0021	1.201318583419777	-1.0032295387278987	-1.1877139896256474	0.0	0.0	0.24587885655641314
GM.5.0.C2H2_ZF.0233	-2.294235056702323	-0.5304921611474602	0.3035662501449575	0.0	0.0	0.13469885185264374
GM.5.0.Nuclear_receptor.0134	-0.5615802733066393	-0.39088168545179236	-0.06998370200651192	0.0	0.0	0.11759423574437151
GM.5.0.Unknown.0059	0.5164566722144114	1.7312892179007744	0.4033987312402697	0.0	0.0	0.14538923692031389
GM.5.0.Nuclear_receptor.0065	-3.7702025315213414	-0.895256780682334	-0.20289008313447102	0.0	0.0	0.22022193239400484
GM.5.0.Pipsqueak.0001	2.0707657217635624	0.2993178836589926	-1.1042674032240158	0.0	0.0	0.0
GM.5.0.Unknown.0129	-0.5462123587961362	-0.6929032041772875	-0.9661451624724057	0.0	0.0	0.1411130828932458
GM.5.0.Nuclear_receptor.0016	1.2182724689863518	-0.23111159926832237	-0.8698138184000308	0.0	0.0	0.13683692886617776
GM.5.0.Grainyhead.0007	-0.8422811583452106	1.0406786975517612	0.5539181270449782	0.0	0.0	0.15821769900151803
GM.5.0.CUT_Homeodomain.0006	0.6706487578750219	0.6312097470395797	-0.8865788367740164	0.0	0.0	0.16035577601505208
GM.5.0.T-box.0018	-0.15380747111900325	0.3041658223933359	0.027364125738818537	0.0	0.0	0.11973231275790554
GM.5.0.C2H2_ZF.0302	0.39684731953816527	-0.5912242040884212	-1.709849984017552	0.0	0.0	0.08338500352782707
GM.5.0.C2H2_ZF.0289	0.33669411524881304	0.13750214478805087	-0.10614191196674323	0.0	0.0	0.12828462081204164
GM.5.0.C2H2_ZF.0225	-1.8467508936099373	0.6621085022412866	1.1878220652343872	0.0	0.0	0.12187038977143957
GM.5.0.Forkhead.0058	0.425318467384977	1.297037860893018	0.3048819011356422	0.0	0.0	0.20525539329926665
GM.5.0.Nuclear_receptor.0114	0.7753574277055189	2.0003080241532065	0.5570296435311883	0.0	0.0	0.15607962198798403
GM.5.0.C2H2_ZF.0293	-0.5099146776880905	0.7644164914265278	0.7853372561568521	0.0	0.0	0.17746039212332426
GM.5.0.Ets.0029	1.1391397565762702	-0.8328999446996221	-1.6669019268307828	0.0	0.0	0.15821769900151803
GM.5.0.bZIP.0062	-0.5261424621255881	0.5193412017461816	0.335803273342515	0.0	0.0	0.14325115990677983
GM.5.0.C2H2_ZF.0235	-0.2550069440696054	-0.05047933498096941	-1.0519580755301157	0.0	0.0	0.17746039212332426
GM.5.0.Mixed.0020	0.6694160432721472	1.0951069837472351	0.9341809487919158	0.0	0.0	0.2031173162857326
GM.5.0.Forkhead.0040	-2.00288380671845	0.8657256939675848	1.73988433274498	0.0	0.0	0.310021166962434
GM.5.0.Rel.0008	0.03801669991745487	-1.2725385282926964	-1.6042181960090411	0.0	0.0	0.10262769664963332
GM.5.0.Nuclear_receptor.0111	0.19573679779567876	1.034084907395407	-0.33808840708867127	0.0	0.0	0.14325115990677983
GM.5.0.C2H2_ZF.0203	0.052223680092713214	0.5737860790462298	0.5113462290699251	0.0	0.0	0.17746039212332426
GM.5.0.Unknown.0190	-1.1031547674689774	-0.7296298377728618	-0.40582824441068793	0.0	0.0	0.16890808406918817
GM.5.0.EIN3.0001	-1.2037005148591553	-0.4341616907223606	-1.0667228212210031	0.0	0.0	0.0
GM.5.0.C2H2_ZF.0010	-0.9639230152065226	1.4986892879303986	1.6646602653122635	0.0	0.0	0.19884116225866458
GM.5.0.Nuclear_receptor.0085	0.27750415183972105	-0.5637949933090796	-0.9084118696723659	0.0	0.0	0.16890808406918817
GM.5.0.C2H2_ZF.0197	0.03333752402878026	-2.74648951518888	-2.720452520099472	0.0	0.0	0.10476577366316735
GM.5.0.Paired_box.0013	-0.6773528948435072	0.5603835356192369	-0.39353858291835125	0.0	0.0	0.0
GM.5.0.Mixed.0007	-1.03664186804721	1.4110095150315292	-0.07897581102106754	0.0	0.0	0.0
GM.5.0.bHLH.0075	-2.545449139104445	1.5851391423966896	2.9321567367701844	0.0	0.0	0.29505462786769576
GM.5.0.Mixed.0047	0.06425438567671526	1.0127878099694876	1.4102992354746797	0.0	0.0	0.3570588612601826
GM.5.0.GCM.0004	0.31159394665937273	1.5507855974981546	0.6878734359432992	0.0	0.0	0.1967030852451305
GM.5.0.Mixed.0055	0.8082585593644945	0.007565507269482952	-0.10693343007341184	0.0	0.0	0.15607962198798403
GM.5.0.Nuclear_receptor.0131	-0.21326412868317432	0.7970849192669738	0.950986594506668	0.0	0.0	0.23732654850227705
GM.5.0.Nuclear_receptor.0115	0.33355294354462584	0.1533788345959282	-1.4040190017456078	0.0	0.0	0.09835154262256525
GM.5.0.Unknown.0141	-1.1700197944774338	0.6746889106972852	0.4674875607935122	0.0	0.0	0.18173654615039234
GM.5.0.C2H2_ZF.0209	0.13970465035611668	1.2187515741794142	0.5817920974672238	0.0	0.0	0.1881507771909944
GM.5.0.Ets.0043	-1.7688583017978672	-0.021073399016767382	0.3946640230065827	0.0	0.0	0.0940753885954972
GM.5.0.Nuclear_receptor.0100	-0.5119065671805341	0.48224651476839714	0.3364103802196175	0.0	0.0	0.15821769900151803
GM.5.0.Mixed.0065	0.6272576806386798	-0.9916368674586415	-1.6130671836870736	0.0	0.0	0.11331808171730347
GM.5.0.bHLH.0105	1.785895607559115	1.0618527566675129	0.9755938875288158	0.0	0.0	0.4169250176391354
GM.5.0.C2H2_ZF.0083	0.010716928921900513	0.8913849551263	0.33015428732886376	0.0	0.0	0.20525539329926665
GM.5.0.STAT.0025	1.9265022730224428	0.935545873303736	-0.9078885376023059	0.0	0.0	0.15821769900151803
GM.5.0.Unknown.0138	0.234786355758384	1.5916388212476609	0.26931555335459667	0.0	0.0	0.14966539094738193
GM.5.0.C2H2_ZF.0039	-0.2867383750070707	0.7877523922952661	-0.8316631433830656	0.0	0.0	0.0940753885954972
GM.5.0.C2H2_ZF.0298	0.32566337219491026	-1.137313443894018	-0.9105426882404203	0.0	0.0	0.20525539329926665
GM.5.0.Zinc_cluster.0001	-1.6020512273817287	-0.042105437973300554	0.08007881740752688	0.0	0.0	0.15821769900151803
GM.5.0.C2H2_ZF.0080	-0.21448107632386895	-0.7938771511218512	1.0192185970044734	0.0	0.0	0.20097923927219857
GM.5.0.Unknown.0105	-0.29864811916085865	-0.6613409448286537	-0.1339852987195541	0.0	0.0	0.13042269782557567
GM.5.0.Nuclear_receptor.0118	-0.9642568710822924	-0.7159351736695733	0.09338286307496065	0.0	0.0	0.14538923692031389
GM.5.0.Unknown.0169	0.7423134775600604	2.1869079344322038	1.287041278505266	0.0	0.0	0.17746039212332426
GM.5.0.C2H2_ZF.0147	0.025575866453104897	-2.474074338743477	-2.240748989309033	0.0	0.0	0.1240084667849736
GM.5.0.T-box.0012	-0.16069784013395141	0.6607515912560945	1.7636414865537402	0.0	0.0	0.22663616343460694
GM.5.0.Prospero.0001	1.464555755908163	-0.4364746031582029	-0.4934402793338307	0.0	0.0	0.23946462551581107
GM.5.0.C2H2_ZF.0146	-0.40642451616697106	1.472514713165317	0.5815996716372035	0.0	0.0	0.14752731393384788
GM.5.0.Homeodomain.0153	0.8406611575696289	1.0353538918502763	0.18256934264935093	0.0	0.0	0.21166962433986874
GM.5.0.Nuclear_receptor.0081	-0.13341016128749564	0.13762576604651497	-0.870540933237358	0.0	0.0	0.11759423574437151
GM.5.0.Nuclear_receptor.0116	0.8767441099102511	1.8659995064839654	-0.2458609605228836	0.0	0.0	0.16677000705565415
GM.5.0.Forkhead.0055	0.47345312556642527	-0.7358696148429196	-0.4742802836626831	0.0	0.0	0.18173654615039234
GM.5.0.Ets.0038	0.40564655611237094	-0.357397670843266	0.31869031777290735	0.0	0.0	0.13683692886617776
GM.5.0.Unknown.0015	0.7291211808666958	-1.9696560698197738	-0.9168811134914038	0.0	0.0	0.16890808406918817
GM.5.0.TEA.0005	2.6055312372801573	-1.436461722145029	-1.3983571555860617	0.0	0.0	0.19242693121806248
GM.5.0.Paired_box.0018	-1.2615488008209579	-0.881078531695424	0.9678466731175601	0.0	0.0	0.20097923927219857
GM.5.0.C2H2_ZF.0286	0.5834305265650752	-1.8380351823051118	0.027661785060869516	0.0	0.0	0.4169250176391354
GM.5.0.HSF.0008	-0.521688284317039	-1.965536326263405	-1.4912560299285393	0.0	0.0	0.13256077483910972
GM.5.0.STAT.0015	0.5190673975584188	-1.2871620426839032	-0.9505288050378168	0.0	0.0	0.16249385302858607
GM.5.0.Nuclear_receptor.0007	0.7720453370215036	-0.08304776225441267	-0.1344209030127299	0.0	0.0	0.16677000705565415
GM.5.0.C2H2_ZF.0276	0.984288597467539	2.538919238512593	0.8539929920460025	0.0	0.0	0.23305039447520898
GM.5.0.Mixed.0103	-0.7284979056274336	1.9501390455880467	1.3294052793816746	0.0	0.0	0.17532231510979027
GM.5.0.C2H2_ZF.0307	-0.9895055189379328	0.76807522559985	0.15731899455818965	0.0	0.0	0.16035577601505208
GM.5.0.Forkhead.0042	-0.2588112617487842	0.2584431281709558	1.7524962794773726	0.0	0.0	0.3784396313955229
GM.5.0.STAT.0016	-0.2774172074554331	0.9097229475059893	-0.46844074901426	0.0	0.0	0.2031173162857326
GM.5.0.bZIP.0032	-0.5877255795918092	0.688496251588768	0.8774471297187224	0.0	0.0	0.16035577601505208
GM.5.0.Unknown.0062	0.9724139593068476	1.3497003419972629	-0.35058560087147217	0.0	0.0	0.08979923456842916
GM.5.0.GATA.0025	-0.12115517199162772	0.5939749833157402	-0.1945153344783761	0.0	0.0	0.0
GM.5.0.C2H2_ZF.0123	-2.2134458491170297	0.44344662000895957	1.3084159498843289	0.0	0.0	0.1389750058797118
GM.5.0.CSD.0001	-2.060011240091005	-0.29586997170224283	0.05169447392311654	0.0	0.0	0.14325115990677983
GM.5.0.C2H2_ZF.0079	-0.34347274063773475	0.4805764302830636	-0.5258033713149055	0.0	0.0	0.0
GM.5.0.SMAD.0007	-0.3738489627213359	-1.9077859397790993	-1.5909649833823634	0.0	0.0	0.2822261657864916
GM.5.0.C2H2_ZF.0256	0.2967102411495388	1.478532724316146	0.917438298170209	0.0	0.0	0.14752731393384788
GM.5.0.Nuclear_receptor.0099	0.7464324112005812	-0.8189231055062417	-0.5230520675446957	0.0	0.0	0.18601270017746038
GM.5.0.C2H2_ZF.0284	0.2641097410045062	0.8828604307778859	1.6882125320968708	0.0	0.0	0.4404438647880097
GM.5.0.Homeodomain.0149	-1.4989179680512377	-0.5974955604693702	-0.624758194439536	0.0	0.0	0.12828462081204164
GM.5.0.Sox.0001	1.5719887126520702	0.48185713345936065	-1.0086680054957313	0.0	0.0	0.0
GM.5.0.Homeodomain.0108	0.04086045960894095	1.3665200388597287	0.9106418837706186	0.0	0.0	0.17318423809625622
GM.5.0.C2H2_ZF.0181	1.049056169903794	-0.324912540398278	-1.390879486988886	0.0	0.0	0.13469885185264374
GM.5.0.Unknown.0042	-2.5890777122683626	0.3235187998933217	-1.4029755881820645	0.0	0.0	0.13469885185264374
GM.5.0.bHLH.0109	0.12042254848204571	0.36614700279605494	0.14673772436153842	0.0	0.0	0.17318423809625622
GM.5.0.Mixed.0017	0.38797007273324924	0.38451622976202676	-1.0659209610671967	0.0	0.0	0.17318423809625622
GM.5.0.SAND.0006	0.8848783025336656	-1.5713448685141096	-1.9383950040128153	0.0	0.0	0.12828462081204164
GM.5.0.Unknown.0202	0.47995449482605185	1.867312712303906	0.4184345074669593	0.0	0.0	0.16035577601505208
GM.5.0.Ets.0032	0.8237107271124775	-1.1821187300456009	-1.2992260178828485	0.0	0.0	0.14538923692031389
GM.5.0.Paired_box.0020	-0.8442851101079357	-0.9442736535227335	0.8138733746899116	0.0	0.0	0.22877424044814096
GM.5.0.Forkhead.0024	-0.30840083117839456	0.4825726254551769	1.113804118440825	0.0	0.0	0.18387462316392636
GM.5.0.Runt.0006	0.04734325195875991	-3.2752219626860013	-2.2383639254972696	0.0	0.0	0.15394154497444998
GM.5.0.RFX.0012	-1.8515759124391662	-0.5216855381229757	-0.8751638054489177	0.0	0.0	0.12614654379850762
GM.5.0.C2H2_ZF.0132	1.266776363481063	-0.6603847159618111	-0.9369347159846436	0.0	0.0	0.14538923692031389
GM.5.0.Nuclear_receptor.0056	1.51485538022868	-0.25635579324211233	-0.9462177130936421	0.0	0.0	0.17532231510979027
GM.5.0.HSF.0009	1.0681338253282149	1.1210049251432415	-1.1376797183811584	0.0	0.0	0.16249385302858607
GM.5.0.Unknown.0072	-3.026228704245729	-1.5221014787473308	-1.6882251139222273	0.0	0.0	0.0
GM.5.0.C2H2_ZF.0177	0.08685722992150423	-1.6556304638980037	-1.5991935582823904	0.0	0.0	0.21380770135340277
GM.5.0.Nuclear_receptor.0095	0.3533658536371033	-1.3188085788431563	-0.4586584228668849	0.0	0.0	0.23091231746167495
GM.5.0.Homeodomain.0053	0.4278596427483706	1.1236317676374237	0.5486633873770161	0.0	0.0	0.16890808406918817
GM.5.0.Unknown.0065	0.016684550330529766	-0.637544089925034	0.8444916598340942	0.0	0.0	0.3036069359218319
GM.5.0.Nuclear_receptor.0059	0.6837084734970376	-0.8148490894008665	-1.490209605152581	0.0	0.0	0.12614654379850762
GM.5.0.C2H2_ZF.0216	-0.6779378782437918	1.454829078125643	1.04082313585662	0.0	0.0	0.2095315473263347
GM.5.0.Unknown.0127	-2.1379051042993193	-0.35972736950374734	-0.010321197901013043	0.0	0.0	0.13683692886617776
GM.5.0.bZIP.0084	0.520940497160083	0.04412341393021501	-1.4062086071512592	0.0	0.0	0.12614654379850762
GM.5.0.Mixed.0005	-1.2827051534162508	-2.038279352081273	-0.8586418657878179	0.0	0.0	0.2095315473263347
GM.5.0.C2H2_ZF.0154	-0.9817730288898386	0.6229409908891934	-1.5691710851909737	0.0	0.0	0.14538923692031389
GM.5.0.C2H2_ZF.0236	-2.128628698340456	-0.5684543550307016	1.399680015006508	0.0	0.0	0.27367385773235553
GM.5.0.C2H2_ZF.0178	-0.3404259135564203	1.2864584785006872	0.8352425139281103	0.0	0.0	0.18387462316392636
GM.5.0.Forkhead.0057	1.1603644290479007	-0.21510819347848992	-0.3048454702300274	0.0	0.0	0.19028885420452846
GM.5.0.bHLH.0078	0.4991517438797307	1.1176907149862583	-0.4971849216088442	0.0	0.0	0.1240084667849736
GM.5.0.Forkhead.0041	-1.3290140738582505	-0.006362707298588737	0.5894264393496705	0.0	0.0	0.1881507771909944
GM.5.0.Mixed.0109	0.6999061725614231	-2.0186341897891684	-2.0118025191642284	0.0	0.0	0.14538923692031389
GM.5.0.bZIP.0075	-2.618671655397398	1.7417713510036814	3.0108713712017936	0.0	0.0	0.27581193474588955
GM.5.0.C2H2_ZF.0283	1.6778358455331805	-0.38586739306585083	-2.037329916226314	0.0	0.0	0.11973231275790554
GM.5.0.C2H2_ZF.0092	-0.1227898407249336	1.5645228264931723	0.6344745026456576	0.0	0.0	0.22022193239400484
GM.5.0.C2H2_ZF.0219	-1.2626270109769635	0.9932391881467668	1.1114583110178071	0.0	0.0	0.16677000705565415
GM.5.0.Mixed.0042	1.2715792468213793	0.5315592525688353	-0.04427253791242329	0.0	0.0	0.24160270252934513
GM.5.0.C2H2_ZF.0107	0.6839464443005026	-1.9660236398376068	-2.120885253301635	0.0	0.0	0.10476577366316735
GM.5.0.Mixed.0035	-0.9949746633534314	-0.7307455012123735	-1.5093579533303123	0.0	0.0	0.0
GM.5.0.Nuclear_receptor.0102	0.5753647718489578	-0.1742769155526831	-0.435962048366401	0.0	0.0	0.20525539329926665
GM.5.0.GATA.0018	0.6981837322412685	0.8453381941471338	0.227976393007884	0.0	0.0	0.2031173162857326
GM.5.0.bZIP.0069	-3.352778983797287	-0.8552750921901083	0.8696699706908022	0.0	0.0	0.2031173162857326
GM.5.0.Homeodomain_POU.0018	-0.37722434098856383	-0.8633244723925282	-0.879877312514613	0.0	0.0	0.14538923692031389
GM.5.0.Mixed.0022	2.5076979911457227	-0.998879777699093	-1.4077128811153443	0.0	0.0	0.21380770135340277
GM.5.0.RFX.0007	0.026925305330926127	0.3651140258477415	-1.7782269828723996	0.0	0.0	0.09621346560903124
GM.5.0.bHLH.0088	0.07175903692214113	-2.10954169397167	-1.469073951045888	0.0	0.0	0.1945650082315965
GM.5.0.bZIP.0082	-0.08387998792479076	1.6710403531896951	1.1545683207991457	0.0	0.0	0.15821769900151803
GM.5.0.Mixed.0105	-0.4273534821739478	1.6126341696757278	1.1790630898347834	0.0	0.0	0.2587073186376173
GM.5.0.Nuclear_receptor.0050	-0.21334754672358758	-2.2237823877084977	-1.9308605336807945	0.0	0.0	0.10690385067670138
GM.5.0.Grainyhead.0006	-0.8931870040627188	1.42482721405598	1.105184027205076	0.0	0.0	0.20525539329926665
GM.5.0.C2H2_ZF.0106	-3.252038843792785	-3.45184550529281	1.6494087604917782	0.0	0.0	0.4896196360992923
GM.5.0.bZIP.0061	-0.12956185706692683	0.020420809506772022	0.4099354066537096	0.0	0.0	0.26512154967821944
GM.5.0.Unknown.0193	-0.1337188134895794	-1.6385800351839812	-1.829198822491025	0.0	0.0	0.1240084667849736
GM.5.0.STAT.0008	0.3958033507797195	1.4184150425403699	0.2533832916862721	0.0	0.0	0.17746039212332426
GM.5.0.Mixed.0006	0.8790417161015394	-0.09946223993312342	-0.9241363294030064	0.0	0.0	0.13683692886617776
GM.5.0.CxxC.0001	1.5634305485555395	-0.12529595957331796	0.16959857393364136	0.0	0.0	0.2565692416240833
GM.5.0.Homeodomain.0146	-0.147977762522606	-1.0020110044081447	-1.685169998054029	0.0	0.0	0.0
GM.5.0.C2H2_ZF.0239	0.7800247409494047	-0.1724427957021728	-0.6075994964582089	0.0	0.0	0.16249385302858607
GM.5.0.Unknown.0185	0.12739562643145969	1.6863677188716943	0.2847855028890738	0.0	0.0	0.14538923692031389
GM.5.0.C2H2_ZF.0255	-2.1969230007526352	-0.4792528986293139	0.6847857250433734	0.0	0.0	0.24160270252934513
GM.5.0.SMAD.0018	0.819859150918065	-1.2825964247071453	-0.8302578674305592	0.0	0.0	0.21594577836693676
GM.5.0.C2H2_ZF.0192	-0.8787635696235744	0.9372205461184676	0.08246514193759938	0.0	0.0	0.12187038977143957
GM.5.0.Homeodomain.0184	1.2436858306333547	-1.954143252275587	-3.311618782274448	0.0	0.0	0.0
GM.5.0.Homeodomain.0194	-1.5335856758831425	-0.42972341911319173	-1.5443535477942434	0.0	0.0	0.10690385067670138
GM.5.0.Nuclear_receptor.0082	-1.6827938771268396	1.785865544079919	1.0699688280502686	0.0	0.0	0.11331808171730347
GM.5.0.Mixed.0050	-0.17044787923294413	-2.549499782473874	-1.5850379612518495	0.0	0.0	0.1881507771909944
GM.5.0.Grainyhead.0008	-0.22731493425515506	2.123476333964754	1.0963345640837365	0.0	0.0	0.21166962433986874
GM.5.0.Unknown.0047	1.1083333062846261	-0.4343505358983511	-1.2973522237418382	0.0	0.0	0.10690385067670138
GM.5.0.C2H2_ZF.0012	0.583957620347004	1.3927990891370627	1.7480404710794266	0.0	0.0	0.45327232686921387
GM.5.0.Mixed.0031	0.3162848917242782	-2.031262806700765	-2.2566006577936477	0.0	0.0	0.11545615873083748
GM.5.0.Paired_box.0017	-0.13705694267045948	-2.449201090577167	-1.7198377392955086	0.0	0.0	0.16249385302858607
GM.5.0.GATA.0022	-0.8974060865586395	0.7345293859419096	0.5732494900173918	0.0	0.0	0.3014688589082979
GM.5.0.Nuclear_receptor.0069	0.20923204270001378	-1.8010197362391729	-0.8993853926116447	0.0	0.0	0.20097923927219857
GM.5.0.C2H2_ZF.0114	1.0967648624684292	1.1906431114100735	-0.32008085721430013	0.0	0.0	0.1795984691368583
GM.5.0.C2H2_ZF.0151	1.9447499160785076	0.8413391264432639	-0.11067633048835421	0.0	0.0	0.20097923927219857
GM.5.0.Unknown.0017	-0.5125933209448768	1.3469532772500135	1.8549353943857894	0.0	0.0	0.25443116461054927
GM.5.0.Grainyhead.0001	-1.167735520871027	1.6225199110616442	1.2690452938355992	0.0	0.0	0.2822261657864916
GM.5.0.C2H2_ZF.0087	-0.09199777355971818	-1.12685662044243	-1.9336589402163815	0.0	0.0	0.0
GM.5.0.Unknown.0044	1.0203570506521147	-1.0001437695083142	-0.2873087053357243	0.0	0.0	0.26084539565115133
GM.5.0.TEA.0006	0.10867787802246519	-0.5835642300046097	1.0886215798930807	0.0	0.0	0.20739347031280067
GM.5.0.Homeodomain.0044	-0.6164575862434369	0.8735361334509796	0.21671129945524514	0.0	0.0	0.1881507771909944
GM.5.0.ARID_BRIGHT.0003	-1.0784616571206636	0.02836081314870156	-1.0326777214254603	0.0	0.0	0.0
GM.5.0.Homeodomain.0165	0.7063338356003231	-0.12733192912645908	0.9674740834347345	0.0	0.0	0.18387462316392636
GM.5.0.Rel.0007	-0.5672082741542673	0.19710130320805674	1.2073982993269559	0.0	0.0	0.19242693121806248
GM.5.0.T-box.0014	0.9480162092914132	1.3501008815768263	1.3285604734754715	0.0	0.0	0.39126809347672703
GM.5.0.T-box.0025	-0.19679276459563294	0.07302637651292279	0.480827643305256	0.0	0.0	0.30574501293536593
GM.5.0.C2H2_ZF.0257	-1.776428979025939	1.0311332406546323	0.7132489556634136	0.0	0.0	0.2031173162857326
GM.5.0.p53.0009	-2.612444561977521	0.9534969215603437	2.316571876034212	0.0	0.0	0.25443116461054927
GM.5.0.GATA.0016	-1.0688531056532091	0.4101241047013461	0.3558844974449704	0.0	0.0	0.2180838553804708
GM.5.0.Homeodomain.0195	-1.3151231944421462	-1.9840462003432362	0.4440322115738824	0.0	0.0	0.14752731393384788
GM.5.0.Homeodomain.0189	-1.9111778708047995	-0.06427144166288222	-0.261834626832228	0.0	0.0	0.2715357807188215
GM.5.0.Unknown.0066	-1.1828128308120527	0.9105622255027561	0.7844283787688741	0.0	0.0	0.23732654850227705
GM.5.0.T-box.0010	-0.37285851635032446	0.5535756331160127	0.0761536989765689	0.0	0.0	0.14325115990677983
GM.5.0.TEA.0002	-0.7780227244719247	0.2603907444192233	1.0708825809016813	0.0	0.0	0.22236000940753886
GM.5.0.CUT_Homeodomain.0010	0.4173564122591681	-1.0946871980900867	-0.8994288173493568	0.0	0.0	0.16249385302858607
GM.5.0.bHLH.0084	-0.26487555790303174	0.22303045907299654	0.41910532523527905	0.0	0.0	0.22236000940753886
GM.5.0.Nuclear_receptor.0080	-0.048227049810454815	-0.44213570667493485	-1.5423599848995997	0.0	0.0	0.13683692886617776
GM.5.0.Myb_SANT.0007	0.8416367355614045	-1.2119507592013998	-1.076859214825709	0.0	0.0	0.16035577601505208
GM.5.0.Unknown.0005	1.138059619432451	-0.6750771979238736	0.10884855370410354	0.0	0.0	0.3698873233413868
GM.5.0.Homeodomain.0199	1.00684513964081	-0.939681664208022	-1.3264177477967227	0.0	0.0	0.1389750058797118
GM.5.0.Nuclear_receptor.0063	0.5444398079542607	-0.3495634669684821	-0.8796320657891925	0.0	0.0	0.1411130828932458
GM.5.0.Sox.0022	0.6051100103402648	-0.6705710128963109	0.2947265314319804	0.0	0.0	0.8167454191699985
GM.5.0.Homeodomain.0132	0.06525797342590985	-0.7126095937996056	-0.8841430699775068	0.0	0.0	0.16890808406918817
GM.5.0.C2H2_ZF.0202	-1.9585285709165825	0.1581897667185885	-0.8235864116059565	0.0	0.0	0.13683692886617776
GM.5.0.bZIP.0070	-0.14043841786971945	2.167859445186116	1.5788370673172791	0.0	0.0	0.1881507771909944
GM.5.0.bZIP.0094	0.3678547012986932	0.7146166671609404	-0.4612846631529523	0.0	0.0	0.1795984691368583
GM.5.0.C2H2_ZF.0278	0.48927922715409466	-1.6104716922355202	-1.3052063965745562	0.0	0.0	0.15180346796091596
GM.5.0.Unknown.0018	0.25226785820595693	1.40743632115604	1.4309799505381788	0.0	0.0	0.20097923927219857
GM.5.0.STAT.0013	0.20427109778426092	0.008284580332252696	-1.7789712131561597	0.0	0.0	0.12614654379850762
GM.5.0.SMAD.0009	-2.5422882530428894	1.5852080614630037	1.9820805685412939	0.0	0.0	0.1710461610827222
GM.5.0.bHLH.0086	0.3695663039703961	-0.7170622398220318	-1.6088750052032015	0.0	0.0	0.0
GM.5.0.C2H2_ZF.0149	1.3877230946920218	1.1722633980351336	-0.27141117642244533	0.0	0.0	0.0
GM.5.0.RFX.0014	-1.6491542928590057	-0.4502325606368236	0.3631041536590762	0.0	0.0	0.21594577836693676
GM.5.0.Paired_box.0010	0.3872640092856852	2.016852320798526	1.3637569428131038	0.0	0.0	0.2180838553804708
GM.5.0.THAP_finger.0006	-0.10840522026754203	-0.9831839202287419	0.45288954364907014	0.0	0.0	0.29933078189476386
GM.5.0.ARID_BRIGHT.0005	1.6847794132685157	1.1505442085207533	-1.1953791959741376	0.0	0.0	0.0
GM.5.0.Unknown.0077	-0.6388596109141462	0.35176942645205467	0.6057571382303559	0.0	0.0	0.4447200188150777
GM.5.0.bHLH.0061	-0.5750017802760586	2.401309511570644	1.628366164378861	0.0	0.0	0.24160270252934513
GM.5.0.C2H2_ZF.0249	-0.8153944857173391	0.21303438200783814	-0.5271662678598685	0.0	0.0	0.1795984691368583
GM.5.0.bZIP.0076	0.35202525155495	1.0307119590990752	0.19410444385667447	0.0	0.0	0.14966539094738193
GM.5.0.C2H2_ZF.0157	-0.8285859842542042	0.12430662872981726	0.6166313388346096	0.0	0.0	0.2031173162857326
GM.5.0.C2H2_ZF.0069	-1.9988842935439601	-0.09403031788824354	1.3162800098021599	0.0	0.0	0.2480169335699472
GM.5.0.MADS_box.0016	0.4925622959635756	1.5253247255071862	1.1032544195271705	0.0	0.0	0.22449808642107288
GM.5.0.C2H2_ZF.0240	-1.5474714534241094	0.8637839279048946	0.5432313723073386	0.0	0.0	0.13683692886617776
GM.5.0.SMAD.0015	-1.2807300179114864	1.5915996863689363	1.7710543036489785	0.0	0.0	0.20097923927219857
GM.5.0.Sox.0017	1.044146572550827	0.13707494425906622	-0.17246251088326434	0.0	0.0	0.37202540035492077
GM.5.0.Nuclear_receptor.0090	1.4341421079111214	-0.8177633454102357	-1.6131620446888688	0.0	0.0	0.0
GM.5.0.bZIP.0079	-1.5176994433437736	0.079687553997759	0.6596639856065616	0.0	0.0	0.1945650082315965
GM.5.0.C2H2_ZF.0226	1.1055775773208083	-1.699055713335077	-0.7576318968701478	0.0	0.0	0.1945650082315965
GM.5.0.GATA.0028	0.0183021319725177	0.5821288000647349	0.07200588724431477	0.0	0.0	0.19242693121806248
GM.5.0.Ets.0018	-0.36045218892190745	-1.4964804823040974	-1.0417835908751447	0.0	0.0	0.0
GM.5.0.Unknown.0103	-0.38401258585853587	1.9252420181545753	1.782939665508683	0.0	0.0	0.25443116461054927
GM.5.0.Forkhead.0048	-1.536535014949657	0.8698474446500931	1.0822747190713733	0.0	0.0	0.17532231510979027
GM.5.0.Unknown.0074	-1.0604192315148884	1.190692327832911	0.6448301559237978	0.0	0.0	0.21380770135340277
GM.5.0.HSF.0003	0.9947645665775781	-1.9735969073820954	-1.961662463980861	0.0	0.0	0.16463193004212012
GM.5.0.Unknown.0034	-1.0603071215127495	-1.5223055462607167	-0.1873809398875129	0.0	0.0	0.1795984691368583
GM.5.0.Homeodomain.0118	-1.9395498165732574	-0.6386665210790563	-1.055135853616049	0.0	0.0	0.0
GM.5.0.bHLH.0129	-0.2048915707006202	-1.0854284037694448	-1.0111254764229944	0.0	0.0	0.16463193004212012
GM.5.0.Rel.0005	0.5611731468302193	0.2224784072554722	-0.6194243247984585	0.0	0.0	0.21380770135340277
GM.5.0.T-box.0022	1.8097532081904735	-0.526857981991574	-1.0468171495555598	0.0	0.0	0.15821769900151803
GM.5.0.T-box.0023	-1.3020142224346776	-2.0583844314215947	1.1308933837856934	0.0	0.0	0.3335400141113083
GM.5.0.Unknown.0098	-0.3293072879134079	0.47299593620473995	0.14122604903577543	0.0	0.0	0.14752731393384788
GM.5.0.Homeodomain_POU.0004	0.2592358494213388	-1.6178159535782035	-0.947336922446575	0.0	0.0	0.22236000940753886
GM.5.0.Mixed.0057	0.07663749646209553	-0.2005202293983483	1.0800838709827352	0.0	0.0	0.29077847384062777
GM.5.0.bZIP.0091	-1.4917073523229603	0.7099622114146961	1.1905786713145912	0.0	0.0	0.22877424044814096
GM.5.0.C2H2_ZF.0238	-1.0660185671930276	0.5223268050358874	-0.694914002819259	0.0	0.0	0.16249385302858607
GM.5.0.bZIP.0102	-0.428334322788998	-0.25534666495968605	0.6257566805276302	0.0	0.0	0.22663616343460694
GM.5.0.HSF.0006	-0.5376876807013743	0.14240760813442604	-0.6343823613036088	0.0	0.0	0.15607962198798403
GM.5.0.Paired_box.0011	0.6786890066639764	-0.8281418303022361	-0.871071410843261	0.0	0.0	0.16249385302858607
GM.5.0.C2H2_ZF.0075	-1.0363107271965668	-1.348302461141113	-3.0133264527973056	0.0	0.0	0.0
GM.5.0.C2H2_ZF.0251	0.5860253842822248	1.6263973919610082	0.2354132729657208	0.0	0.0	0.14966539094738193
GM.5.0.Sox.0024	-0.7876263407909665	0.438900908330835	0.7463854665572679	0.0	0.0	0.18387462316392636
GM.5.0.Paired_box.0001	-0.2795441415120917	-0.030066596296577913	0.06347421199142705	0.0	0.0	0.23091231746167495
GM.5.0.C2H2_ZF.0282	0.4745298785940859	-0.7925201075633341	-1.4685258934845218	0.0	0.0	0.13256077483910972
GM.5.0.Nuclear_receptor.0112	-0.8744672504686961	0.44085107287731445	0.20601759630615488	0.0	0.0	0.13042269782557567
GM.5.0.C2H2_ZF_Homeodomain.0003	1.4707961465015238	-0.5224383619851943	-3.9190692451714306	0.0	0.0	0.0
GM.5.0.C2H2_ZF.0056	-0.6827045348293311	3.1274500651779293	2.3818029423317233	0.0	0.0	0.3677492463278527
GM.5.0.MADS_box.0011	-1.2467392663067516	0.22211288141561417	2.6402735449387804	0.0	0.0	0.39126809347672703
GM.5.0.AT_hook.0002	0.5108539124252791	-1.593042267104178	-1.021792934864291	0.0	0.0	0.2501550105834812
GM.5.0.Nuclear_receptor.0145	-2.047470956779521	0.26829446814187463	0.7310284583370746	0.0	0.0	0.1881507771909944
GM.5.0.bHLH.0054	-1.366177086783131	0.7429683536645253	0.7860558442358336	0.0	0.0	0.2480169335699472
GM.5.0.C2H2_ZF.0277	1.638920554606346	-0.016478682000822375	-0.5927385335831223	0.0	0.0	0.15394154497444998
GM.5.0.Nuclear_receptor.0133	0.03801529316486953	0.5984112856136126	0.8290672882233129	0.0	0.0	0.23518847148874303
GM.5.0.Unknown.0106	-0.6673788192492648	-1.5810472017721704	1.1545952132592396	0.0	0.0	0.2693977037052875
GM.5.0.Homeodomain.0185	1.7064283919307255	0.28030453960924706	-0.35328431870675664	0.0	0.0	0.17746039212332426
GM.5.0.bZIP.0021	0.2593634643134063	0.5282590789226713	0.7820419278364775	0.0	0.0	0.21380770135340277
GM.5.0.C2H2_ZF.0310	0.5157197109135971	-0.5949658566302422	-0.5210994041832534	0.0	0.0	0.22236000940753886
GM.5.0.THAP_finger.0005	0.9704416400926305	-1.2713717551323658	-1.2825229505836506	0.0	0.0	0.22022193239400484
GM.5.0.Unknown.0019	-0.06763137652397389	-0.05188675099369603	0.920798228258498	0.0	0.0	0.5601761775459152
GM.5.0.GATA.0006	-1.4751753528830969	0.3638451015139193	0.9113358751079814	0.0	0.0	0.22877424044814096
GM.5.0.Homeodomain.0161	-1.3427630355031837	-1.4594108359051736	1.5525370046731652	0.0	0.0	0.21166962433986874
GM.5.0.Unknown.0001	-3.269324090068754	-0.1385676486228281	1.512936121723721	0.0	0.0	0.2800880887729576
GM.5.0.C2H2_ZF_Homeodomain.0002	-0.8150527246450293	0.3577809128394714	-0.8480028282226615	0.0	0.0	0.0
GM.5.0.GATA.0015	-1.5697991992410487	1.3762411495523839	1.966760655594852	0.0	0.0	0.21594577836693676
GM.5.0.MADS_box.0008	-0.5647552284902252	1.0465385901710984	0.7570986238364122	0.0	0.0	0.21380770135340277
GM.5.0.C2H2_ZF.0196	0.19780873500501672	1.728528109944678	1.3629610555709233	0.0	0.0	0.22663616343460694
GM.5.0.bZIP.0086	0.2880134440309823	-0.5867845467421416	-0.8540289302087434	0.0	0.0	0.16463193004212012
GM.5.0.C2H2_ZF.0115	-1.1672701615975591	0.06521759388679539	1.7018719045107733	0.0	0.0	0.3784396313955229
GM.5.0.Nuclear_receptor.0147	-0.46824990183805515	1.1011576742969478	0.6833841031832384	0.0	0.0	0.20097923927219857
GM.5.0.Unknown.0075	-0.16808171795226928	1.2984283793080993	1.2505807652227958	0.0	0.0	0.17746039212332426
GM.5.0.C2H2_ZF.0253	0.06799741000216138	0.4944812541787458	-1.1627369722787273	0.0	0.0	0.12828462081204164
GM.5.0.C2H2_ZF.0176	0.733304165025867	0.547331421268206	-0.7190222811466338	0.0	0.0	0.19242693121806248
GM.5.0.p53.0002	0.6855142180473245	3.1418136195607227	1.5942440441753984	0.0	0.0	0.22022193239400484
GM.5.0.DM.0007	-0.030997882027992647	1.2014256388226099	1.0621824760863043	0.0	0.0	0.2095315473263347
GM.5.0.Homeodomain.0125	-0.5411113786549855	1.1104118630220345	1.5131621528531969	0.0	0.0	0.22236000940753886
GM.5.0.bZIP.0099	0.8449524897004574	-0.10256119652580364	-0.9438345161552187	0.0	0.0	0.1240084667849736
GM.5.0.C2H2_ZF.0124	0.17035129024520657	-1.626202882401839	-1.5823047192148572	0.0	0.0	0.13042269782557567
GM.5.0.Homeodomain.0148	0.7947283542847385	-1.271646859837892	-2.0160279329120794	0.0	0.0	0.0
GM.5.0.Sox.0035	-0.8213531035171521	-0.42787226645177945	0.4264625645634376	0.0	0.0	0.21166962433986874
GM.5.0.Myb_SANT.0002	2.112348026224517	-1.9647475192078503	-1.1192878786745701	0.0	0.0	0.2672596266917534
GM.5.0.Rel.0013	0.4710231311006264	-0.4573922588956851	-0.682462422983244	0.0	0.0	0.2095315473263347
GM.5.0.Mixed.0008	-0.2910641746410361	0.772613515461744	1.535600114137583	0.0	0.0	0.2587073186376173
GM.5.0.GCM.0001	-0.36648480455762295	-1.7692830354515938	-1.5498205271173022	0.0	0.0	0.17532231510979027
GM.5.0.bHLH.0059	-2.1156322195018284	0.22503082888740303	0.9826890657403903	0.0	0.0	0.16035577601505208
GM.5.0.Homeodomain.0172	-0.6646977929013418	0.43345694521782335	0.8628056426247976	0.0	0.0	0.21594577836693676
GM.5.0.Ets.0028	-1.7698782434869795	2.4867068295046364	2.081492745127075	0.0	0.0	0.1945650082315965
GM.5.0.Ets.0046	2.2942842450808936	-2.2932507022995505	-3.0222154743317984	0.0	0.0	0.0
GM.5.0.Homeodomain.0135	0.5978936278702403	-0.41196871817063374	-0.08944975104927097	0.0	0.0	0.19028885420452846
GM.5.0.Homeodomain.0192	-0.7274490641205354	-2.5281718843265466	1.0057876197526767	0.0	0.0	0.2693977037052875
GM.5.0.Unknown.0126	1.0151708716580155	1.9358694060651565	0.8382988244105823	0.0	0.0	0.1881507771909944
GM.5.0.C2H2_ZF.0185	2.6216632277230887	0.08443700096785495	-1.3288168981107906	0.0	0.0	0.11118000470376943
GM.5.0.C2H2_ZF.0301	0.5415608139584521	0.4441230540122018	-0.22452675480617185	0.0	0.0	0.22022193239400484
GM.5.0.Nuclear_receptor.0109	0.937601086581726	1.4405501814698944	-0.16890069471534544	0.0	0.0	0.21594577836693676
GM.5.0.Unknown.0070	0.45728697175820077	0.5120333910635354	-1.0166334419489975	0.0	0.0	0.14752731393384788
GM.5.0.C2H2_ZF.0248	0.5840895209123618	-3.1447070052595367	-3.6141603633623602	0.0	0.0	0.0
GM.5.0.Forkhead.0027	-0.03905835659735861	-0.6252226171670063	-0.8053924425989948	0.0	0.0	0.1881507771909944
GM.5.0.GATA.0021	-0.7352185734193512	0.3272538032897864	1.0997873692237272	0.0	0.0	0.23732654850227705
GM.5.0.Mixed.0074	0.3236291350866598	-0.7219711716222261	-0.7166428609058101	0.0	0.0	0.17532231510979027
GM.5.0.Homeodomain.0098	-2.1282100769351593	-1.707598124628899	1.163106230864797	0.0	0.0	0.3271257830707062
GM.5.0.Mixed.0100	-0.3244064658750026	-1.5636732837101839	0.7085805863635366	0.0	0.0	0.19242693121806248
GM.5.0.bZIP.0083	-1.295158313127267	0.015702051831122082	1.8028821966047999	0.0	0.0	0.5088623292210985
GM.5.0.Myb_SANT.0017	-1.3202753311387079	-1.5673369959301433	0.35155281731821586	0.0	0.0	0.2480169335699472
GM.5.0.IRF.0012	1.2566862433048158	-1.8866360032566292	-1.324846781992313	0.0	0.0	0.16677000705565415
GM.5.0.Mixed.0062	-1.1221843634085533	-1.8380502663808953	-1.0262430066151003	0.0	0.0	0.19884116225866458
GM.5.0.Mixed.0061	1.2681014055624533	0.13499024624073527	-0.7028368535933427	0.0	0.0	0.14966539094738193
GM.5.0.Nuclear_receptor.0079	0.5635035133880818	-0.30230426071277633	-0.2689564748137053	0.0	0.0	0.23946462551581107
GM.5.0.Paired_box.0002	-0.9781279539438759	0.4301032249660271	1.1333612565330247	0.0	0.0	0.20739347031280067
GM.5.0.MADS_box.0019	0.8673844597547083	0.8895627838065863	-0.1447018358225747	0.0	0.0	0.1710461610827222
GM.5.0.bZIP.0065	1.4193649124094838	0.5787612392322399	-0.2118662325457679	0.0	0.0	0.1967030852451305
GM.5.0.bZIP.0067	1.7840800963947934	0.4396292388630815	-0.593422516557211	0.0	0.0	0.16463193004212012
GM.5.0.C2H2_ZF.0036	1.4590851504705056	0.2428926074168083	-0.588804537751308	0.0	0.0	0.16463193004212012
GM.5.0.Unknown.0060	-1.9249478293833386	-1.750041317957296	0.7598797613271457	0.0	0.0	0.19242693121806248
GM.5.0.Unknown.0036	-1.8533988067893505	-1.4668096717004007	0.3136132024661022	0.0	0.0	0.14966539094738193
GM.5.0.Rel.0019	0.38709065044683133	-1.1746410890329906	-0.9390157555805522	0.0	0.0	0.23946462551581107
GM.5.0.Mixed.0056	0.16790027248105696	1.1523474057279326	1.2721183049480442	0.0	0.0	0.19242693121806248
GM.5.0.C2H2_ZF.0200	1.0485543094856151	2.377831993223884	-1.2764399736995555	0.0	0.0	0.1240084667849736
GM.5.0.C2H2_ZF.0131	0.5280889073505245	-1.6695401169775839	-1.616865787940335	0.0	0.0	0.14538923692031389
GM.5.0.Homeodomain_POU.0025	-1.655437388234961	-0.04180969663894214	1.628942239159021	0.0	0.0	0.2480169335699472
GM.5.0.Unknown.0180	-2.547020920214772	0.1456996975132577	0.7882935349197736	0.0	0.0	0.15394154497444998
GM.5.0.THAP_finger.0004	-0.3162283684382143	0.9739954684559999	-1.2526909240980382	0.0	0.0	0.1795984691368583
GM.5.0.Unknown.0082	-1.5187475899792435	1.0087144632062537	1.393270948673179	0.0	0.0	0.2480169335699472
GM.5.0.TEA.0004	1.1774495227361796	0.21323466489747275	-0.25706408191231267	0.0	0.0	0.20739347031280067
GM.5.0.Mixed.0013	-0.10616852021401965	-1.3593542947189707	-1.187132766361471	0.0	0.0	0.14325115990677983
GM.5.0.Unknown.0108	-1.8363184171847087	-0.4394922166830523	0.4537609546325036	0.0	0.0	0.16890808406918817
GM.5.0.Homeodomain.0187	-0.4089704590463505	0.8705640344407535	-0.9455031329299085	0.0	0.0	0.1411130828932458
GM.5.0.C2H2_ZF.0077	1.212282278640341	-0.3009839314963762	-0.7639602075428866	0.0	0.0	0.12828462081204164
GM.5.0.DP_E2F.0001	1.550951717331823	-2.143026343193373	-1.6999468726228824	0.0	0.0	0.14752731393384788
GM.5.0.Unknown.0009	2.284814212959819	1.4369777090052975	0.8079750295960121	0.0	0.0	0.1881507771909944
GM.5.0.Paired_box.0022	1.6481071099094906	-0.6642216349530341	-0.7419415235355639	0.0	0.0	0.16890808406918817
GM.5.0.bZIP.0027	0.5162739264435152	-0.37136434486440756	-0.03627781436649957	0.0	0.0	0.13469885185264374
GM.5.0.Homeodomain.0082	2.0569308563115145	0.7113245749821191	-0.4363237696636739	0.0	0.0	0.15394154497444998
GM.5.0.C2H2_ZF.0195	-0.8740813694701791	0.6069806758701701	0.8540629644511789	0.0	0.0	0.20525539329926665
GM.5.0.Rel.0024	0.34130166378668836	3.0449537032042024	1.8523394501472112	0.0	0.0	0.2501550105834812
GM.5.0.bHLH.0019	-1.4366473390551522	2.1272711890293685	2.880954496363546	0.0	0.0	0.21594577836693676
GM.5.0.SAND.0007	0.7687715303837044	-1.078031639525183	-1.4392920529767737	0.0	0.0	0.13469885185264374
GM.5.0.Homeodomain_POU.0026	0.6867399730490794	-0.11370652098409	0.07791687132224104	0.0	0.0	0.14752731393384788
GM.5.0.C2H2_ZF.0134	-1.0897154091634542	-3.0989263195844625	-1.522988512773791	0.0	0.0	0.16035577601505208
GM.5.0.C2H2_ZF.0260	0.9331352842576524	0.6919299467355471	1.1126846028316382	0.0	0.0	0.3185734750165701
GM.5.0.MADS_box.0018	-0.6324915692598654	0.8613473572163184	1.710490677102382	0.0	0.0	0.24587885655641314
GM.5.0.p53.0004	-0.5176047402148201	0.263178090622835	1.146038162798998	0.0	0.0	0.3335400141113083
GM.5.0.Ets.0021	2.447332996458704	0.13344684133835075	-1.3097959744172951	0.0	0.0	0.1411130828932458
GM.5.0.Unknown.0055	-1.7727156423664132	1.043416094105649	2.2372558970681076	0.0	0.0	0.2800880887729576
GM.5.0.T-box.0002	-2.805041549226596	-0.5014481520542176	1.3159800128163022	0.0	0.0	0.21594577836693676
GM.5.0.Unknown.0100	1.074143283079538	-0.31326517157992645	0.13761001816062066	0.0	0.0	0.21594577836693676
GM.5.0.C2H2_ZF.0140	1.6841014007993265	0.10202506225517856	-1.1533839447866647	0.0	0.0	0.0
GM.5.0.C2H2_ZF.0032	0.27828820874188126	0.17057685384696314	-1.6905763116442183	0.0	0.0	0.16890808406918817
GM.5.0.Mixed.0072	-1.337220600434811	0.1520246493945417	0.5130895298109577	0.0	0.0	0.12828462081204164
GM.5.0.Unknown.0043	-2.6851770147779392	0.08546370182404436	0.48360508243194616	0.0	0.0	0.0
GM.5.0.Nuclear_receptor.0001	-1.7252645394233934	-0.01233632872294445	0.6017571810692827	0.0	0.0	0.12187038977143957
GM.5.0.C2H2_ZF.0108	0.011292171574739426	-0.0637613580925148	1.0665114532267759	0.0	0.0	0.23732654850227705
GM.5.0.Mixed.0076	0.5253028180279802	-0.6663586655750526	-0.16515855649421887	0.0	0.0	0.18387462316392636
GM.5.0.AT_hook.0006	1.929265469239102	0.031891431334219435	-1.1579766257143969	0.0	0.0	0.09621346560903124
GM.5.0.STAT.0014	-2.3400736919665097	-2.0185315666767427	0.21256925484571643	0.0	0.0	0.17318423809625622
GM.5.0.Unknown.0084	0.9416215724478363	-0.7594781310507144	-0.6559651820853362	0.0	0.0	0.2565692416240833
GM.5.0.Mixed.0063	-1.1746534082536386	0.13846532576789417	0.24149362517861758	0.0	0.0	0.16463193004212012
GM.5.0.Mixed.0058	-2.3390017772240506	-0.3577461108989737	-0.36677178309958475	0.0	0.0	0.0
GM.5.0.C2H2_ZF.0230	-2.6659578351718483	0.04742985838041674	1.392124685702915	0.0	0.0	0.15180346796091596
GM.5.0.TEA.0008	0.09256385371007422	1.0733320193057534	0.9129612233490384	0.0	0.0	0.22236000940753886
GM.5.0.Paired_box.0015	0.3578683788636636	-0.8083354082934201	-0.7644121798476372	0.0	0.0	0.17318423809625622
GM.5.0.Homeodomain.0113	0.5820739533900784	2.54514522449437	0.07874560287861211	0.0	0.0	0.12828462081204164
GM.5.0.C2H2_ZF.0078	0.553792283264779	0.45207403947220276	-0.5583888852902378	0.0	0.0	0.18387462316392636
GM.5.0.Homeodomain.0003	1.5918336004454077	0.5485163662105574	-0.27327038842386514	0.0	0.0	0.15394154497444998
GM.5.0.Mixed.0041	1.0415930530098874	0.1356004942949664	0.03994540878221445	0.0	0.0	0.2971927048812298
GM.5.0.Forkhead.0031	-0.5013002443846515	0.5238028143298675	-0.1454892767521016	0.0	0.0	0.16890808406918817
GM.5.0.Mixed.0073	-0.587811044942265	0.022820461211446933	0.824141992211692	0.0	0.0	0.18173654615039234
GM.5.0.Ets.0019	0.7310349133581742	-1.6922510560512773	-1.7264553425699503	0.0	0.0	0.15607962198798403
GM.5.0.GATA.0001	-0.7901559793531214	0.7419795462510099	0.40771910410242096	0.0	0.0	0.17532231510979027
GM.5.0.C2H2_ZF.0252	-2.89539057917929	-0.707551998955414	-1.2616749314469107	0.0	0.0	0.14966539094738193
GM.5.0.Sox.0036	1.0516718911920642	0.4964402211829381	-0.14327152518185238	0.0	0.0	0.1795984691368583
GM.5.0.IRF.0003	2.4174361328743417	0.8983055079450447	-0.9924253179673579	0.0	0.0	0.0
GM.5.0.C2H2_ZF.0049	0.06126439340263416	2.8252342639623227	1.9891615189706509	0.0	0.0	0.25443116461054927
GM.5.0.Myb_SANT.0001	1.2924675928847333	-1.2133950046227562	-0.6822140355717745	0.0	0.0	0.23305039447520898
GM.5.0.bZIP.0034	1.7463378265998082	-1.0172903832666986	-0.9224580544568589	0.0	0.0	0.1967030852451305
GM.5.0.Nuclear_receptor.0054	-0.7335033370512175	-0.9575930092415597	0.2289952331076961	0.0	0.0	0.0
GM.5.0.Nuclear_receptor.0094	0.013512889095676247	0.9271707904824337	1.54198737195046	0.0	0.0	0.2672596266917534
GM.5.0.Homeodomain_POU.0024	0.7108099531335583	-1.0547242730913866	-0.9979339276744545	0.0	0.0	0.18173654615039234
GM.5.0.GATA.0020	-1.3541665447354587	0.9024101007195918	2.5509212949265363	0.0	0.0	0.24160270252934513
GM.5.0.C2H2_ZF.0267	-2.4352844596065633	0.8042380273125355	2.0138029902083336	0.0	0.0	0.24587885655641314
GM.5.0.HSF.0007	1.8193178243918364	-0.09077306501571138	-0.2296622406244421	0.0	0.0	0.23732654850227705
GM.5.0.C2H2_ZF.0098	-2.2431633287949984	1.0273453405015702	1.8925390809353755	0.0	0.0	0.24374077954287915
GM.5.0.bHLH.0024	0.26790178390874464	-3.5398097685719354	-1.801685359849748	0.0	0.0	0.19242693121806248
GM.5.0.Unknown.0003	-0.17089123165170045	-1.4598555659483836	-2.2388630157563245	0.0	0.0	0.0
GM.5.0.C2H2_ZF.0265	0.5587062000902722	-0.39292278715686657	-0.45909534026518406	0.0	0.0	0.10476577366316735
GM.5.0.Homeodomain.0170	0.9435052191693399	0.397364271595947	0.2525344682289933	0.0	0.0	0.24160270252934513
GM.5.0.C2H2_ZF.0011	0.4723630451996339	1.3036876122348482	0.8681788217842094	0.0	0.0	0.22449808642107288
GM.5.0.Homeodomain_POU.0022	0.09940127738700748	-1.605586619059337	-0.605037332336762	0.0	0.0	0.14966539094738193
GM.5.0.Unknown.0046	0.10786022256123018	-1.2697114612208122	-1.3685399162599141	0.0	0.0	0.18601270017746038
GM.5.0.Paired_box.0012	-2.7705911425221053	-0.2943092974047381	0.9826791973585192	0.0	0.0	0.18387462316392636
GM.5.0.Unknown.0038	1.9079319733789637	0.3622410778277256	0.5285734356114041	0.0	0.0	0.3763015543819888
GM.5.0.bZIP.0089	1.8924901659345217	-1.3038389357198112	-1.909183028787426	0.0	0.0	0.1240084667849736
GM.5.0.Homeodomain.0046	-0.1792244613338403	0.9885062736685669	1.087661672452949	0.0	0.0	0.29933078189476386
GM.5.0.Sox.0016	0.8226882168879296	-0.2651172511161027	-0.2501064247915565	0.0	0.0	0.1881507771909944
GM.5.0.Unknown.0206	1.1759032292087315	-0.2834946609656431	0.33125444482583044	0.0	0.0	0.1795984691368583
GM.5.0.STAT.0017	-0.4453678587471993	0.05644618561017728	0.9227641082850095	0.0	0.0	0.3014688589082979
GM.5.0.Unknown.0102	-0.5597151800389304	-2.323667096298116	-0.25470950135230597	0.0	0.0	0.20097923927219857
GM.5.0.Homeodomain.0150	0.9361179967927867	-0.6718131178428567	-0.7193412092328447	0.0	0.0	0.23091231746167495
GM.5.0.bZIP.0092	-1.562367516993925	-0.006921727761880777	0.7952880624482528	0.0	0.0	0.20097923927219857
GM.5.0.Forkhead.0050	-1.646662549148607	0.3311820108953711	1.233020145168592	0.0	0.0	0.2501550105834812
GM.5.0.Unknown.0119	0.8660673973293497	-0.7961791488265589	-0.8456482251020062	0.0	0.0	0.16463193004212012
GM.5.0.Unknown.0181	-1.471506450858681	1.0447983141418353	2.555493091151741	0.0	0.0	0.28650231981355967
GM.5.0.C2H2_ZF.0034	2.4227739911366304	-0.6373438218236698	-1.5798547435380206	0.0	0.0	0.13683692886617776
GM.5.0.E2F.0020	2.2845563741891253	0.20758766541027263	-0.6816630903209383	0.0	0.0	0.25229308759701524
GM.5.0.Unknown.0024	1.8245028965780685	-0.20612370199527696	-1.2975592822492459	0.0	0.0	0.0
GM.5.0.Mixed.0108	-1.7192673270737326	0.35588342024739683	1.609671866610528	0.0	0.0	0.2693977037052875
GM.5.0.Mixed.0037	1.5155260435909097	-0.9658557546267271	-0.45042046086099524	0.0	0.0	0.19884116225866458
GM.5.0.C2H2_ZF.0232	2.3852198694366673	-0.5395521656055382	-1.5791263464202359	0.0	0.0	0.12828462081204164
GM.5.0.C2H2_ZF.0168	0.10046747907459587	-0.8153941063785597	0.6507181072405047	0.0	0.0	0.463962711936884
GM.5.0.Homeodomain.0143	0.14699101655639218	-1.7750688876340432	-1.0628364759457825	0.0	0.0	0.17318423809625622
GM.5.0.Unknown.0093	-0.9768666879146592	1.287586639153604	3.417975729327795	0.0	0.0	0.29077847384062777
GM.5.0.C2H2_ZF.0285	0.1074328278142488	0.5955131776274841	-0.35182763588015115	0.0	0.0	0.16890808406918817
GM.5.0.Mixed.0087	0.17431893816436375	1.244648477146978	1.0350599204983915	0.0	0.0	0.18387462316392636
GM.5.0.Homeodomain.0042	0.05133193903325574	0.14831007754763537	-0.0669033188546863	0.0	0.0	0.14538923692031389
GM.5.0.Homeodomain.0080	0.30304230088091555	-1.3833129314932444	-1.4369466829392126	0.0	0.0	0.18601270017746038
GM.5.0.Unknown.0124	1.066619082470487	-1.6372387563353972	-2.2181256961093627	0.0	0.0	0.0
GM.5.0.IRF.0005	0.8702748355392831	-1.3466868362829287	-1.5809606535166993	0.0	0.0	0.14325115990677983
GM.5.0.Homeodomain.0136	0.3676032407933859	0.985613216218908	1.108966922683031	0.0	0.0	0.3485065532060465
GM.5.0.C2H2_ZF.0112	0.4230939576237714	0.12899008845865714	-0.38008225831722087	0.0	0.0	0.20739347031280067
GM.5.0.Ets.0031	1.442721825174128	-0.14517945407740254	-0.3454942551323936	0.0	0.0	0.2779500117594236
GM.5.0.Mixed.0075	-1.8226386550661071	-0.2670350966784781	1.6508932877536917	0.0	0.0	0.2095315473263347
GM.5.0.Mixed.0030	1.1328787663250222	-2.695143120559423	-2.224425377070429	0.0	0.0	0.1881507771909944
GM.5.0.MADS_box.0015	-1.6860568334147719	0.5260738203184366	1.5414977864906938	0.0	0.0	0.23946462551581107
GM.5.0.Unknown.0133	0.027499514595607996	1.5749066806327838	1.1001227187653375	0.0	0.0	0.1945650082315965
GM.5.0.Unknown.0085	-0.09790304241546671	2.2029982392884406	1.435980940769038	0.0	0.0	0.3271257830707062
GM.5.0.CENPB.0001	2.9548703532165934	-0.4706407253803937	-1.346274071011549	0.0	0.0	0.14325115990677983
GM.5.0.Unknown.0176	1.8584961992412337	0.2922029329599208	-3.6684710226533825	0.0	0.0	0.0
GM.5.0.Forkhead.0004	-0.5959050633527726	-0.5167058866948578	-0.542885704493831	0.0	0.0	0.16890808406918817
GM.5.0.GATA.0012	-0.7158489023200928	-0.49401411861670563	-1.402520127638759	0.0	0.0	0.0
GM.5.0.Homeodomain.0201	-1.3789772585487392	0.39270016476406205	1.839945433854015	0.0	0.0	0.23091231746167495
GM.5.0.Unknown.0121	-3.3411170931374934	-0.6159803627235672	2.485474343265628	0.0	0.0	0.9877915802527207
GM.5.0.bZIP.0043	0.7657971004845396	-0.5507965412725458	-0.7284742853663101	0.0	0.0	0.20525539329926665
GM.5.0.Unknown.0175	0.5193328978645126	0.20308207982616508	0.7105205472368258	0.0	0.0	0.29505462786769576
GM.5.0.C2H2_ZF.0162	-0.7107628006180042	2.4888249653722747	2.196472532279003	0.0	0.0	0.3014688589082979
GM.5.0.Homeodomain.0037	2.114916254206562	-1.1715476250846921	-1.4231111786814499	0.0	0.0	0.15607962198798403
GM.5.0.Unknown.0196	0.4348463219431131	-2.792906111135528	-1.9548279125680679	0.0	0.0	0.16890808406918817
GM.5.0.Sox.0031	1.9473003113037204	0.6612266523293868	-0.9452821482242119	0.0	0.0	0.0
GM.5.0.Unknown.0078	-0.8917733995107376	-1.370518112419743	0.8962769281071344	0.0	0.0	0.2095315473263347
GM.5.0.E2F.0008	1.4552983213103883	-0.11217250090038108	-0.07488553609133469	0.0	0.0	0.23305039447520898
GM.5.0.Unknown.0183	-1.307525100553508	1.050459974685412	1.0273079434095103	0.0	0.0	0.1795984691368583
GM.5.0.C2H2_ZF.0150	-0.6553950827157096	0.40243349031060544	0.6794122315377212	0.0	0.0	0.1945650082315965
GM.5.0.Homeodomain.0030	2.3876414346097796	-0.12057477141841196	-0.4101223365758755	0.0	0.0	0.24374077954287915
GM.5.0.Unknown.0173	2.258035908489741	-0.8027921870715333	-1.4612907006979807	0.0	0.0	0.1411130828932458
GM.5.0.bZIP.0068	-0.7747560550077768	-1.1877085894179655	0.18343393152804902	0.0	0.0	0.16677000705565415
GM.5.0.Nuclear_receptor.0128	-0.760468571778653	1.0933444518307818	1.2298425609417885	0.0	0.0	0.19884116225866458
GM.5.0.bHLH.0112	0.7234536209996089	0.14085771111234044	-0.1470941894921937	0.0	0.0	0.21166962433986874
GM.5.0.IRF.0019	-0.7625539629207179	0.542693743399033	2.0500868453986723	0.0	0.0	0.21166962433986874
GM.5.0.Sox.0012	-1.9438230071192517	-1.1979937748091158	0.4445920933201096	0.0	0.0	0.21166962433986874
GM.5.0.bHLH.0051	0.920592127535949	-0.43635336741733993	-0.14163903254256408	0.0	0.0	0.1967030852451305
GM.5.0.HSF.0004	0.7575975559760452	0.6032153746178925	-0.3382312516092523	0.0	0.0	0.22877424044814096
GM.5.0.T-box.0016	-0.15221652837401098	0.3073236258211812	1.1339080573598423	0.0	0.0	0.4361677107609416
GM.5.0.bHLH.0057	0.08492965995104818	-0.8971855158821135	-0.8340746963611876	0.0	0.0	0.23091231746167495
GM.5.0.C2H2_ZF.0271	-0.6254755571673086	0.8700393491744604	1.4283692137237811	0.0	0.0	0.1945650082315965
GM.5.0.Nuclear_receptor.0144	-0.6253787319419987	1.4418661164211461	1.066337203385058	0.0	0.0	0.1967030852451305
GM.5.0.Grainyhead.0005	-1.66779883242028	-0.11532061833918243	-1.0465065486672671	0.0	0.0	0.0
GM.5.0.Unknown.0122	-0.7282863826771494	0.08235479253015679	1.055534102252579	0.0	0.0	0.23946462551581107
GM.5.0.Unknown.0147	2.62155875959023	0.43282570243894597	-0.4739664410472111	0.0	0.0	0.19028885420452846
GM.5.0.SAND.0008	1.8739289907565948	-1.2807391087039488	-1.7276336337807112	0.0	0.0	0.15821769900151803
GM.5.0.STAT.0007	1.0740179293926095	-1.183823867956425	-1.1597367685900906	0.0	0.0	0.1795984691368583
GM.5.0.C2H2_ZF.0088	-1.2048877231260189	-0.14300317170457533	1.0401156285517212	0.0	0.0	0.24160270252934513
GM.5.0.Homeodomain.0010	-0.681026445699134	0.05873300913663423	1.4549612121134379	0.0	0.0	0.35278270723311456
GM.5.0.C2H2_ZF.0179	-1.3120526244524295	1.4638544996232767	1.7355500872016798	0.0	0.0	0.2629834726646854
GM.5.0.Unknown.0109	1.2892319719514078	2.2152709321483623	0.7474071549612117	0.0	0.0	0.22022193239400484
GM.5.0.Unknown.0057	-0.09527247895122337	0.8012121206519567	1.5777875176465952	0.0	0.0	0.23518847148874303
GM.5.0.C2H2_ZF.0105	0.9529200012511178	-0.8521088580488215	-1.6753466812091748	0.0	0.0	0.0705565414466229
GM.5.0.MADS_box.0017	0.370191906528767	1.08019329940708	-0.5093924533462773	0.0	0.0	0.0
GM.5.0.GATA.0030	-0.7608169638806412	0.7456013020649372	2.0798532539208447	0.0	0.0	0.2501550105834812
GM.5.0.STAT.0019	1.0333083990757537	0.11022232778536081	0.5046026927560379	0.0	0.0	0.17532231510979027
GM.5.0.bHLH.0119	-0.22308528940790615	1.492875434384305	0.12070340993094945	0.0	0.0	0.13256077483910972
GM.5.0.bHLH.0126	-0.1266569250418453	1.0324167050493054	0.5118074568504378	0.0	0.0	0.2095315473263347
GM.5.0.Nuclear_receptor.0122	0.5699408832843277	-0.8941439185713289	-0.042462653320579774	0.0	0.0	0.2501550105834812
GM.5.0.Unknown.0182	-1.5283117355493514	0.4478479372820966	0.9567979021914461	0.0	0.0	0.25443116461054927
GM.5.0.CSL.0003	-2.6296318199482567	-0.49455191105769525	1.2084125447215452	0.0	0.0	0.2715357807188215
GM.5.0.C2H2_ZF.0303	0.6489104243645786	-3.29337936747025	-0.965134574899338	0.0	0.0	0.22877424044814096
GM.5.0.bHLH.0037	-1.3306559796202098	0.3696364697548337	0.5846597426906398	0.0	0.0	0.3014688589082979
GM.5.0.bZIP.0020	0.5276055723463311	-1.8829467883738142	-0.8393300506583222	0.0	0.0	0.24374077954287915
GM.5.0.Ets.0024	1.1807216591866203	-1.8958435721981712	-1.3499141314533405	0.0	0.0	0.14325115990677983
GM.5.0.C2H2_ZF.0229	-2.1397635859659676	0.6659182743053697	1.8008077946071797	0.0	0.0	0.19884116225866458
GM.5.0.bHLH.0083	0.8820428194367224	0.575822512072183	-0.41692719521616983	0.0	0.0	0.25229308759701524
GM.5.0.Homeodomain.0112	0.4922417651645526	-2.5114621669431707	-1.1848471815871324	0.0	0.0	0.1795984691368583
GM.5.0.Unknown.0079	-0.07852524405052265	0.2161895481001163	-0.941635071985935	0.0	0.0	0.0
GM.5.0.C2H2_ZF.0052	1.166776804931189	-0.6987306774051486	-0.5989395082532787	0.0	0.0	0.21594577836693676
GM.5.0.Sox.0023	0.4132373674917909	1.0281854396748864	0.22505387845268623	0.0	0.0	0.2629834726646854
GM.5.0.C2H2_ZF.0094	-0.4823523875571451	-0.10375622413231655	1.6644938374230192	0.0	0.0	0.3271257830707062
GM.5.0.Mixed.0096	0.5436559644165797	0.005412648045037156	0.8115318135537702	0.0	0.0	0.24587885655641314
GM.5.0.Homeodomain.0038	1.7528392132330477	-0.1866730800686785	-1.4704783312172545	0.0	0.0	0.0
GM.5.0.Homeodomain.0079	2.159374397882748	-0.9434225215029796	-2.1518796658303327	0.0	0.0	0.0
GM.5.0.MADS_box.0004	-1.7201627949739284	1.7232459431546	3.332449719198416	0.0	0.0	0.35278270723311456
GM.5.0.SMAD.0014	-1.2489060027244616	0.8737854201876321	1.4332385138679145	0.0	0.0	0.26512154967821944
GM.5.0.C2H2_ZF.0003	0.4982139682334388	1.7085926359692394	-0.44801942236137154	0.0	0.0	0.1795984691368583
GM.5.0.Forkhead.0047	-1.3819574522439042	1.0004672931416467	2.4200055428913365	0.0	0.0	0.32926386008424025
GM.5.0.C2H2_ZF.0173	-0.06257111910819053	2.0430355150035253	0.9970745753314894	0.0	0.0	0.21380770135340277
GM.5.0.T-box.0004	-2.0856392410409543	1.0558438798234662	2.6220776988525816	0.0	0.0	0.24160270252934513
GM.5.0.Unknown.0148	-1.6797387107042816	-2.8011265741527533	0.36627374108187777	0.0	0.0	0.19884116225866458
GM.5.0.C2H2_ZF.0170	0.6679686559092323	-0.7657160717067357	-0.9015432983513308	0.0	0.0	0.14752731393384788
GM.5.0.Unknown.0073	1.822032272518406	-1.2014587297358459	-0.7197710602337498	0.0	0.0	0.2929165508541618
GM.5.0.C2H2_ZF.0266	0.4461982510750581	2.5055063383871197	1.642379025258151	0.0	0.0	0.21594577836693676
GM.5.0.Unknown.0056	-1.2503422455469593	-0.18398197261814597	-0.6513665408590441	0.0	0.0	0.0
GM.5.0.C2H2_ZF.0046	2.0358664995046913	-0.932750404972236	-0.6813752190131183	0.0	0.0	0.2480169335699472
GM.5.0.E2F.0007	1.2135051541766488	-0.41118154621413805	-0.3242464167019066	0.0	0.0	0.23732654850227705
GM.5.0.Unknown.0011	0.9225556776222196	-1.4049391218010467	-0.4491352874068036	0.0	0.0	0.3356780911248423
GM.5.0.C2H2_ZF.0183	1.9846129813290665	-0.870497961773911	-0.4867883256870719	0.0	0.0	0.23732654850227705
GM.5.0.Homeodomain.0130	0.1419744640890355	-1.1042986071698584	-0.7856506099524811	0.0	0.0	0.22449808642107288
GM.5.0.C2H2_ZF.0143	-0.4629348424188787	1.5428471305621063	2.2634133376704657	0.0	0.0	0.25229308759701524
GM.5.0.Homeodomain.0050	-1.6723344577889903	-0.38829116743056835	1.6460944811178424	0.0	0.0	0.4190630946526694
GM.5.0.C2H2_ZF.0316	-0.6147455665435897	1.5123614974673258	0.9482634828683348	0.0	0.0	0.20525539329926665
GM.5.0.Homeodomain.0160	-1.0348666322542242	-1.4894121191887684	0.4714403007383621	0.0	0.0	0.22236000940753886
GM.5.0.Unknown.0139	1.0210218446064363	1.3846911958271815	0.051550160679603926	0.0	0.0	0.2180838553804708
GM.5.0.C2H2_ZF.0043	0.7288695229909705	-1.157364002460949	-0.9700813288027242	0.0	0.0	0.1881507771909944
GM.5.0.Homeodomain.0138	1.6274164192888825	-0.29959250773954826	-2.3024641800009444	0.0	0.0	0.0
GM.5.0.Unknown.0014	-0.9178248387665987	2.512001849289024	1.3108723718770423	0.0	0.0	0.16677000705565415
GM.5.0.bZIP.0016	2.1960184932522893	0.6831825877271063	-0.5594064437706221	0.0	0.0	0.21380770135340277
GM.5.0.Homeodomain.0180	0.5317649112149533	-0.445516191263775	-0.8134446099300281	0.0	0.0	0.1945650082315965
GM.5.0.C2H2_ZF.0136	1.3548037660375203	-2.1755203671324703	-1.8091409186336431	0.0	0.0	0.15821769900151803
GM.5.0.C2H2_ZF.0208	-0.4137289880916064	0.8365523240997546	1.2454504524250372	0.0	0.0	0.2886403968270937
GM.5.0.C2H2_ZF.0060	2.7981573471319123	-1.1943025367439581	-1.5805674565974208	0.0	0.0	0.15394154497444998
GM.5.0.Myb_SANT.0006	1.3343873483058464	-0.6212286397725442	-0.6650991229155305	0.0	0.0	0.18387462316392636
GM.5.0.Unknown.0208	-1.2776794496904758	2.39001755782912	3.1837133511824174	0.0	0.0	0.4404438647880097
GM.5.0.Forkhead.0045	0.6403737889942223	-1.0751969979674423	-0.6596274474009909	0.0	0.0	0.2031173162857326
GM.5.0.Homeodomain.0077	-2.705580319848184	-0.5348238466189201	1.4880347732612236	0.0	0.0	0.3271257830707062
GM.5.0.C2H2_ZF.0228	1.9853484843705924	-1.5588868285880653	-1.7282094990863037	0.0	0.0	0.15394154497444998
GM.5.0.C2H2_ZF.0018	0.8837254998709483	0.5976687877890234	0.699270993553654	0.0	0.0	0.19242693121806248
GM.5.0.Mixed.0049	0.9788806392061062	-0.38774194470335843	-0.006770693243176194	0.0	0.0	0.22663616343460694
GM.5.0.GATA.0009	-0.6695105057680384	2.1351925067691364	2.028207315651582	0.0	0.0	0.34636847619251243
GM.5.0.C2H2_ZF.0063	-0.19877558080659122	0.6644535080436347	0.8440212686970939	0.0	0.0	0.2031173162857326
GM.5.0.Unknown.0140	2.5573920769982244	-1.1894763988190364	-1.2204562877747693	0.0	0.0	0.2095315473263347
GM.5.0.Mixed.0053	-0.7258511218300251	0.3232518328289357	1.18903882405187	0.0	0.0	0.5259669453293708
GM.5.0.Homeodomain.0151	-0.3568791690428297	-1.4098601001446665	0.5424640082668964	0.0	0.0	0.27581193474588955
GM.5.0.Forkhead.0044	1.2514495825794152	0.2911973295461991	0.8872082711985506	0.0	0.0	0.33995424515191036
GM.5.0.Forkhead.0015	0.5644965759519914	-0.5669966476090565	0.3726790986863552	0.0	0.0	0.28436424280002565
GM.5.0.Nuclear_receptor.0086	-1.31995899434033	0.240051652867931	0.941625218916332	0.0	0.0	0.21380770135340277
GM.5.0.Homeodomain.0054	0.23418058315935034	-1.9639199774373879	-0.9106688928189315	0.0	0.0	0.23518847148874303
GM.5.0.Ets.0035	1.3950261170541471	-2.64122551565019	-1.2229776345110546	0.0	0.0	0.2672596266917534
GM.5.0.Homeodomain.0169	-0.6973275622749839	-2.428011154238845	-1.0383366552600632	0.0	0.0	0.33781616813837634
GM.5.0.Nuclear_receptor.0025	0.5586081065548593	1.5547631824816346	1.4038064949014732	0.0	0.0	0.2672596266917534
GM.5.0.bHLH.0076	-0.11843429771075666	1.0648290399299833	1.3477092259041563	0.0	0.0	0.28436424280002565
GM.5.0.Homeodomain.0181	0.6441942657648352	-1.2251832813306902	-0.5486911621518028	0.0	0.0	0.28436424280002565
GM.5.0.bHLH.0085	-1.4079596646451145	1.1243915394596646	2.5434893225656765	0.0	0.0	0.3014688589082979
GM.5.0.Homeodomain.0188	-1.094262756147148	0.5171180956945566	1.6045141766648796	0.0	0.0	0.3185734750165701
GM.5.0.bZIP.0096	0.23460862235385208	-1.0967613742261009	0.9763086769910149	0.0	0.0	0.42547732569327146
GM.5.0.MADS_box.0012	2.13830396032402	-0.0904869339533828	0.04213876900920624	0.0	0.0	0.21594577836693676
GM.5.0.Homeodomain.0052	-1.1030491230114225	1.2978082624217093	2.5590050659746963	0.0	0.0	0.29505462786769576
GM.5.0.Forkhead.0013	-1.0206566760096993	-0.22969635659565682	0.9038214895611887	0.0	0.0	0.21380770135340277
GM.5.0.Forkhead.0037	0.032047233730008375	1.3997468546664529	1.1116385738458292	0.0	0.0	0.40195847854439715
GM.5.0.AT_hook.0001	0.689763040657949	-2.0551716651019265	-2.754753015262076	0.0	0.0	0.0
GM.5.0.RFX.0009	-0.4686738736101942	1.4131673411306918	2.152387200367198	0.0	0.0	0.2971927048812298
GM.5.0.Sox.0025	0.13184712589795072	0.13004541399859265	-1.1520902006736193	0.0	0.0	0.0
GM.5.0.bHLH.0094	4.1153237002996	0.1421853530170215	-1.1884674889994904	0.0	0.0	0.16463193004212012
GM.5.0.Rel.0020	0.948890155815335	1.068766366519805	0.887554514356097	0.0	0.0	0.4447200188150777
GM.5.0.SAND.0005	2.306087133378143	-1.356540256020848	-1.6302319979392204	0.0	0.0	0.18387462316392636
GM.5.0.bZIP.0006	0.9159398075185362	-1.31090188247985	-1.834354236550475	0.0	0.0	0.13683692886617776
GM.5.0.Mixed.0024	-0.11250714621730196	1.0014570988020137	-0.25369551755295877	0.0	0.0	0.28650231981355967
GM.5.0.RFX.0011	0.8039815385480285	0.7701753479804754	0.17627972368239048	0.0	0.0	0.2822261657864916
GM.5.0.bZIP.0041	-0.7069597108072192	-0.3133494542387057	-1.1914203822388574	0.0	0.0	0.393406170490261
GM.5.0.Unknown.0008	0.9020241738078371	-1.1923860591787643	-0.006703785619961615	0.0	0.0	0.2800880887729576
GM.5.0.bZIP.0073	3.701200199346557	2.0152018042685085	0.6774614077174389	0.0	0.0	0.0
GM.5.0.Unknown.0004	-1.7933004518587647	2.534073738326365	3.060652313708705	0.0	0.0	0.6478373351008103
GM.5.0.C2H2_ZF.0243	1.85736291343447	-0.15698819058749086	0.09467320757521298	0.0	0.0	0.29077847384062777
GM.5.0.SMAD.0005	-0.7557306120234345	2.8287770381477872	2.5507793973790673	0.0	0.0	0.24587885655641314
GM.5.0.E2F.0017	1.4398538443256514	-2.694532278298225	-2.3426933604360305	0.0	0.0	0.15821769900151803
GM.5.0.bZIP.0080	3.5511785372349913	-0.0436791382282275	-0.5665743334047166	0.0	0.0	0.24160270252934513
GM.5.0.Forkhead.0007	0.5681488706478217	0.54195939512511	-0.8951509594188894	0.0	0.0	0.0
GM.5.0.Paired_box.0003	1.970177864803914	-0.800858768845455	-0.21165496492669963	0.0	0.0	0.2693977037052875
GM.5.0.MADS_box.0023	1.0521518078331336	-0.2002916273579236	-0.24321706612378022	0.0	0.0	0.29933078189476386
GM.5.0.GATA.0031	-1.847963275549315	2.997929065672413	4.401632546650668	0.0	0.0	0.5858331017083236
GM.5.0.Mixed.0010	1.7805302841207815	-0.3075292831732613	-0.7302484413624144	0.0	0.0	0.15607962198798403
GM.5.0.Unknown.0110	-1.7225553252953794	2.676816006678804	3.254986138878853	0.0	0.0	0.27367385773235553
GM.5.0.SMAD.0002	-2.324888500192522	-0.07969473775983273	-0.6773859615619474	0.0	0.0	0.0
GM.5.0.Homeodomain.0183	-0.47899111315127	-1.6719830217560776	-0.43814971710908196	0.0	0.0	0.2672596266917534
GM.5.0.MBD.0001	1.8573920543717293	-2.0538902503694088	-2.0741723076311716	0.0	0.0	0.1967030852451305
GM.5.0.Unknown.0080	-1.625512522224244	2.3268692489552762	3.4050676112497658	0.0	0.0	0.310021166962434
GM.5.0.Mixed.0034	0.48535941748125416	-2.24604966239369	-0.998613776388398	0.0	0.0	0.2031173162857326
GM.5.0.SMAD.0012	1.0179491929694855	-3.0398933383005615	-2.3487508643254165	0.0	0.0	0.1710461610827222
GM.5.0.Unknown.0050	-0.8093202423451089	1.37941469422139	2.663554180705336	0.0	0.0	0.28436424280002565
GM.5.0.C2H2_ZF.0221	-0.46916419825760625	2.4889114998725748	2.7391965799097133	0.0	0.0	0.5131384832481666
GM.5.0.Unknown.0198	-1.304863059700409	0.9746489229356419	1.9672690211249177	0.0	0.0	0.35064463021958053
GM.5.0.Homeodomain.0129	0.199776589452049	-0.24699415981894318	0.7926812344973106	0.0	0.0	0.33995424515191036
GM.5.0.bHLH.0001	2.307225257005273	-0.6154560510342804	-2.321892323570266	0.0	0.0	0.0
GM.5.0.Homeodomain.0056	-0.8204545113084514	2.3124043495197855	3.453391167622078	0.0	0.0	0.463962711936884
GM.5.0.Forkhead.0028	1.6757098680091227	-2.814823245408086	-2.3990497900642955	0.0	0.0	0.14752731393384788
GM.5.0.bHLH.0032	-1.7001693197306014	2.300822590036488	4.111403109550938	0.0	0.0	0.5772807936541874
GM.5.0.RFX.0002	-1.4109922218247484	1.367364960007742	2.5609745875782974	0.0	0.0	0.386991939449659
GM.5.0.Nuclear_receptor.0121	-1.919012786646918	0.3627403847069704	2.122262545335092	0.0	0.0	0.5088623292210985
GM.5.0.Unknown.0064	2.415014391806939	-1.8292510774613253	-1.8879525615680082	0.0	0.0	0.3549207842466485
GM.5.0.Mixed.0002	0.15362803748953133	1.0456892152168429	1.5174999083462475	0.0	0.0	0.4404438647880097
GM.5.0.bZIP.0003	-0.14422602012166877	3.374776254212012	3.485659382862416	0.0	0.0	0.463962711936884
GM.5.0.RFX.0003	-1.7063258614210997	-0.12979220628926288	1.5812927492363034	0.0	0.0	0.3634730923007847
GM.5.0.C2H2_ZF.0064	-0.32478656906987924	2.1750288550077403	2.054798263496451	0.0	0.0	0.5174146372752346
GM.5.0.bZIP.0013	-3.3480852441749724	1.0110203802441242	3.247053479160274	0.0	0.0	0.7077034914797631
GM.5.0.bHLH.0137	-0.9007264127353923	4.116393071341621	4.762899347634149	0.0	0.0	0.9428919629685062
GM.5.0.bHLH.0006	-4.125395116387328	2.2354275370506618	5.3656290952861205	0.0	0.0	1.0027581193474588
GM.5.0.RFX.0018	0.4916701195404437	1.4433126957331524	2.8602618905314254	0.0	0.0	1.1310427401595005
GM.5.0.Forkhead.0043	2.3769611998892466	-2.6413392180462765	-3.225031859125977	0.0	0.0	0.0
